1.013290878913743143e+00
1.245528606718646847e+00
1.212057349975649734e+00
1.156604188397991617e+00
1.077694482590901393e+00
9.541783544926748517e-01
8.339355711084931455e-01
6.988017248769962109e-01
5.576862156840564078e-01
4.004520638097697760e-01
2.697696391188529885e-01
1.890824243672977745e-01
1.338024883736128046e-01
9.380646794887230466e-02
6.546732374587994896e-02
4.799403085094516852e-02
3.644244000673901862e-02
2.743901444164884018e-02
2.099442825292515899e-02
1.682468617059165034e-02
1.418111450340714050e-02
1.140583672943759445e-02
9.884354837678049899e-03
8.868619451672122775e-03
7.563369824438260190e-03
6.836227245141180200e-03
6.374302151538485846e-03
5.615801977910006570e-03
4.684202817719607462e-03
4.253646732170592200e-03
4.159609043111268771e-03
3.776347662181316501e-03
3.521750088901629688e-03
3.232161302426614022e-03
3.156436138732137634e-03
2.954899883549104954e-03
2.667576179217698903e-03
2.560374443114442518e-03
2.400821160788356619e-03
2.233824374398147607e-03
2.093079256369480192e-03
1.924698964661139024e-03
1.950029201548635896e-03
1.914836146671081585e-03
1.626567150890219794e-03
1.546874726141215899e-03
1.440743926961350098e-03
1.374164732259779056e-03
1.267913743176292277e-03
1.211082950150053949e-03
1.134923097368074462e-03
1.115161872397585525e-03
1.009880708778984615e-03
9.400900257979051327e-04
9.110185736799178988e-04
8.701699394326547782e-04
8.066636140248543974e-04
7.919616280921782997e-04
8.046770321431749020e-04
7.359712725575126699e-04
6.885297614588456374e-04
6.851953548499115955e-04
6.710914922452582967e-04
6.325735118324269084e-04
5.927516248972828760e-04
5.527147042548942501e-04
5.154190032544515377e-04
4.959376852883922273e-04
4.724032309131184163e-04
4.511602138612397358e-04
4.351476009358050097e-04
4.268135354743363206e-04
4.068532867898815453e-04
3.993777377874048679e-04
3.853571375741709311e-04
3.847407479528095029e-04
3.568798973518831174e-04
3.323099540834940999e-04
3.249000293238310522e-04
3.228861232585989501e-04
3.251892767789201291e-04
3.000613150567163511e-04
2.858626295189340598e-04
2.845958006275735785e-04
2.871384696208315220e-04
2.852945503518726999e-04
2.623916425686390877e-04
2.470266945491787118e-04
2.387510314182592617e-04
2.304009061153336610e-04
2.229142749259871415e-04
2.165043684794295989e-04
2.108288187285576958e-04
2.122393392338048639e-04
2.077578710190974886e-04
1.973808506152003033e-04
1.935678519615164294e-04
1.847521193699327980e-04
1.810269651619080889e-04
1.747167297568991411e-04
1.705691470250526951e-04
1.635139436002968347e-04
1.624354267691817334e-04
1.608160735732595316e-04
1.556019307705433789e-04
1.582250382044772985e-04
1.603192387990252802e-04
1.579651384542026210e-04
1.481079229000906291e-04
1.457562875571662077e-04
1.449373976874606654e-04
1.408116312838150893e-04
1.372362605946277710e-04
1.348429412417963442e-04
1.356715575898864224e-04
1.312684811283169873e-04
1.260432300155812338e-04
1.211235255722385338e-04
1.187742754680695770e-04
1.169568779659770563e-04
1.141639119169582443e-04
1.096795150361896319e-04
1.121150247514210256e-04
1.106204023767575048e-04
1.049442722406037482e-04
1.008712547869183195e-04
9.978935386344922013e-05
9.890870537045249971e-05
1.173306525462561556e-04
1.062221210361964603e-04
9.360110452742012653e-05
9.327607124737410905e-05
9.340750219219612121e-05
9.100462182006669473e-05
8.418039132348729677e-05
8.521396563141674498e-05
8.436445439180667301e-05
8.342897397299059859e-05
8.348402446324950299e-05
7.932252429887412927e-05
7.971352082376267174e-05
8.150825038352879030e-05
7.796895533604094371e-05
7.470629302486550679e-05
7.645555984231391813e-05
7.152081890049239896e-05
6.758424212092441988e-05
6.779245696874945215e-05
6.615157823887439590e-05
6.465941083532648469e-05
6.505508244216307457e-05
6.327231173320892145e-05
6.279810601538542592e-05
6.040765214758076255e-05
5.993088950672735966e-05
6.011700002375314222e-05
5.953826775956766297e-05
5.887059713290893948e-05
6.055774629559851721e-05
6.115313307969554035e-05
5.942182451184025127e-05
5.821163926319701981e-05
5.489825078599829325e-05
5.560174141567806336e-05
5.439502705916997169e-05
5.138703931648589302e-05
5.328787577290388999e-05
5.386908150218332062e-05
5.225081308026395451e-05
5.190748366856221501e-05
5.207401796736472761e-05
5.019827833470590593e-05
4.950718124680239605e-05
4.931152642091625346e-05
4.766028978076669847e-05
4.805820163721807794e-05
4.914869258964368084e-05
4.966928781985215471e-05
4.725918056061276267e-05
4.598886986009024266e-05
4.709497204368167099e-05
4.683180122563291144e-05
4.499304199713678731e-05
4.475973038015282498e-05
4.610061047130739159e-05
4.641207322793311209e-05
4.365409210012027435e-05
4.180454186947587272e-05
4.093891828355024007e-05
4.127771846135778111e-05
4.260826676214242805e-05
4.293024989123107063e-05
4.260220279009693307e-05
4.319861459181960448e-05
4.126194251590744650e-05
3.934993750584806459e-05
3.985121296136704864e-05
3.820562787131969877e-05
3.691196514328573921e-05
3.753438874217400700e-05
3.777149432338385650e-05
3.700692734558576319e-05
3.710118222425116697e-05
3.828796990633875718e-05
3.584137486506133979e-05
3.576851195864741884e-05
3.539929843717913496e-05
3.632369400645362817e-05
3.539785467629571260e-05
3.492016767487537900e-05
3.438137162195094640e-05
3.397709989414437863e-05
3.454806518764654244e-05
3.412875651596157891e-05
3.436134527883883717e-05
3.133708015207755624e-05
3.159768783390111950e-05
3.090555328867976780e-05
3.242340524153633632e-05
3.203478917320485143e-05
3.400655101552517196e-05
5.861737184625781001e-05
6.795244213859743805e-05
3.760574257320823538e-05
2.992717254456930004e-05
3.025589310862988871e-05
2.999492725088933983e-05
3.058381039244478181e-05
3.103848797050482019e-05
2.879089030288263935e-05
2.885783014203104242e-05
2.982277268198159646e-05
2.916340815031688718e-05
2.792081875701442386e-05
2.911899802445319210e-05
2.878064291227721696e-05
2.932816230884226745e-05
2.819987660640041623e-05
2.860133333538886899e-05
2.773064862195167134e-05
2.735927776374742765e-05
2.678480574245985720e-05
2.736427637954477672e-05
2.831032405476012571e-05
2.662229226074139558e-05
2.650247145969164799e-05
2.696612041704971648e-05
2.498884590711631130e-05
2.451094149507789113e-05
2.448412286899140407e-05
2.545819214673706492e-05
2.475676152576083121e-05
2.438963598344966015e-05
2.428331086890293385e-05
2.471242386603725324e-05
2.417859249992213263e-05
2.606641290270218312e-05
2.590455416441665072e-05
2.464159063345291943e-05
2.371699137587451477e-05
2.386431615059944763e-05
2.365299401589125860e-05
2.310235138609546287e-05
2.192506058662058410e-05
2.244502930387325151e-05
2.350542114660401636e-05
2.203646843328027050e-05
2.216958554399664529e-05
2.297093989116717945e-05
2.314967746095611937e-05
2.292907792750894532e-05
2.278483394384302557e-05
2.306416843634121074e-05
2.308503121501741107e-05
2.349640215682119741e-05
2.233363644158784116e-05
2.284539023832514652e-05
2.289543448192420382e-05
2.267135895504621219e-05
2.117036253943491367e-05
2.189612623870144660e-05
2.177003113047080039e-05
2.226657573878957643e-05
2.104610402252861585e-05
2.083965645302056515e-05
2.135030218189927511e-05
2.101168050639282269e-05
2.121709100389065873e-05
2.163101157709779762e-05
2.148337517683836161e-05
2.136268642399255662e-05
2.093157848705705449e-05
2.120209926853847254e-05
2.116969411042297772e-05
2.106202079502467772e-05
1.983325164355285961e-05
2.019508203229215864e-05
1.946603639066873392e-05
1.853789488932395155e-05
1.884764634764348528e-05
1.858196351891769766e-05
1.838387675925135146e-05
1.906331274159741703e-05
1.892205161144482314e-05
1.868010198616118560e-05
1.829312471446756632e-05
1.861223997860320968e-05
1.941041592687799716e-05
1.848413446750126941e-05
1.891286682047924037e-05
1.926368006718814942e-05
1.837433867965533225e-05
1.873363764367593648e-05
1.839277166490053665e-05
1.757811045258797692e-05
1.781505647524113132e-05
1.811049139923468605e-05
1.781165274982908568e-05
1.789209570403593776e-05
1.787864962805398760e-05
1.766571110651307449e-05
1.759535479114734830e-05
1.796246583395700536e-05
1.780789039537700440e-05
1.783581593581345262e-05
1.787112851302080426e-05
1.757523688649300289e-05
1.748566227597774092e-05
1.724338400664578104e-05
1.730716307313877222e-05
1.668215419259177701e-05
1.703609802732526825e-05
1.726577605235612048e-05
1.683010394946667942e-05
1.672872355823631259e-05
1.652391357146085928e-05
1.642466685566537084e-05
1.619923703039981281e-05
1.638968117225228269e-05
1.698761148092808206e-05
1.689072908131887980e-05
1.667615938072037710e-05
1.681868559478771910e-05
1.722724197857650885e-05
1.806627031221000321e-05
1.734429038888241984e-05
1.660146460969292128e-05
1.646166681456669848e-05
1.714402625393102297e-05
1.736203099260173871e-05
1.675757698811905242e-05
1.649319153019690752e-05
1.656149218952548071e-05
1.718739449710989556e-05
1.815672666220917531e-05
1.832693344066866644e-05
1.806502670661883035e-05
1.744236104425602227e-05
1.728843177618242930e-05
1.676515787702302532e-05
1.635060747354961691e-05
1.534228881016949162e-05
1.530310689646379002e-05
1.561023486996960478e-05
1.513667401839567264e-05
1.524140092392263355e-05
1.488850769604806638e-05
1.491205200398686663e-05
1.488087773300632450e-05
1.427884076926527924e-05
1.392016179801667623e-05
1.418273384704306340e-05
1.412479122176449560e-05
1.464954226315660685e-05
1.441539873023173416e-05
1.434425299894507193e-05
1.455264580034334769e-05
1.438761009308313055e-05
1.423173059198455399e-05
1.377138183427064221e-05
1.402780143253045680e-05
1.434990484716856965e-05
1.437590360849866972e-05
1.395430986949687003e-05
1.329961125203040706e-05
1.313124387732768865e-05
1.343911849615846374e-05
1.343550455325527481e-05
1.299962817795394974e-05
1.343760014866992344e-05
1.373865556747847253e-05
1.306928972173027607e-05
1.249435032757027688e-05
1.309639359183902661e-05
1.326391229503027592e-05
1.319964032333658342e-05
1.228388336412131337e-05
1.274676399092612518e-05
1.352184442103040166e-05
1.245677042141664032e-05
1.194495734399724825e-05
1.206669884420196194e-05
1.172927072173691577e-05
1.162356052332979315e-05
1.209336192482607107e-05
1.134187851842715278e-05
1.124922960132653621e-05
1.067130094767582213e-05
1.113748630628274952e-05
1.075786604847126672e-05
1.015272769291422413e-05
1.050940058222318504e-05
1.050955281518339425e-05
1.020629995902990150e-05
1.036545022940191532e-05
9.891757407197412959e-06
9.554473583747618548e-06
1.024490866714367388e-05
9.875139072015230471e-06
8.825105284173063769e-06
8.747205477910944275e-06
9.102772223453061876e-06
8.747542968241243147e-06
8.382238714142261317e-06
8.187553376728449640e-06
7.475826130588188345e-06
7.377893607160081088e-06
7.504899663023384962e-06
7.134027814052921879e-06
7.007723942938661238e-06
6.931699770724005505e-06
6.735153675824494352e-06
6.772595572881744987e-06
6.358862409642408126e-06
6.041097259661906241e-06
5.798717225005043418e-06
5.760883986902741788e-06
5.679645435482900654e-06
5.591951486259164533e-06
5.405191307958668772e-06
5.633235604324979964e-06
5.615637417778683912e-06
5.480568903772763455e-06
5.431485149374443433e-06
5.310706411787572396e-06
5.110322201134747245e-06
5.037939236768260684e-06
5.432100049351097396e-06
5.461559422116093401e-06
5.698919871381299036e-06
5.530619762766752374e-06
5.297147774750133590e-06
5.136492583215673817e-06
5.121813197585754774e-06
5.212021109971774272e-06
5.198366360353179717e-06
5.245005304399910875e-06
5.263154757852531839e-06
5.476672533799764070e-06
5.246264628574764451e-06
5.415108534095737465e-06
5.621615074275383051e-06
5.544853759616011197e-06
5.579913527059422939e-06
5.443600809893799896e-06
5.550630433166484772e-06
5.663106239689010812e-06
5.536422469080764727e-06
5.467511592479332847e-06
5.402211373526455742e-06
5.599049239358547867e-06
6.025096187062679550e-06
6.170185403153352255e-06
6.646954985240561305e-06
7.118134801436244850e-06
7.566776661397728617e-06
8.273391458087731853e-06
8.788281607788435291e-06
9.610444413515558027e-06
1.092966551737798750e-05
1.252819806673797422e-05
1.449999801758437818e-05
1.652685780088097983e-05
2.059111126079134462e-05
2.581455688091889141e-05
3.190832356486668608e-05
4.139735827979193960e-05
5.261015266042621055e-05
6.989829251470355419e-05
8.815773573703377286e-05
1.159164925683713645e-04
1.319695223562810152e-04
1.445627533373797442e-04
1.318868375533057400e-04
1.011394951048141702e-04
7.376644614443249879e-05
4.790693690787712516e-05
3.125334903404424820e-05
2.161078450887150878e-05
1.500272472510568024e-05
1.227707089086474336e-05
1.042688221326621719e-05
9.920028694912251947e-06
9.525684273922125950e-06
9.425023828499237840e-06
9.483283395022210389e-06
9.467922802645815122e-06
9.513649554424989289e-06
9.537437939050382398e-06
9.561150652742702382e-06
9.577924722804017989e-06
9.588000192773802921e-06
