5.108506485962303501e+00
2.938719486296683669e+00
2.893166058186681600e+00
4.117099465438423422e+00
5.422551620360779978e+00
6.851017704436247691e+00
8.447875519196804461e+00
1.009091720759023936e+01
1.113419940309217893e+01
1.166442921945809985e+01
1.139569520709625827e+01
1.054947835988482652e+01
9.757868311587895249e+00
8.539208452613191724e+00
7.651577515809791841e+00
6.869581638284797620e+00
6.278448337815251357e+00
5.609760342196214111e+00
5.077818172198747426e+00
4.537512675644220117e+00
4.180162602507453862e+00
3.695156522017681855e+00
3.463279739409319546e+00
3.244547397144108558e+00
2.934538472578329671e+00
2.767766025397754071e+00
2.632166647881382548e+00
2.461833662567565639e+00
2.208601607331030614e+00
2.052332354951401427e+00
1.965049893296969996e+00
1.888143703365500414e+00
1.807103545428443203e+00
1.690805742028496095e+00
1.666448823981709682e+00
1.569363468800437644e+00
1.437516611820242485e+00
1.370794750246637994e+00
1.325648917420426676e+00
1.256578162749878214e+00
1.208686057043525608e+00
1.181715015404236624e+00
1.127397920419456190e+00
1.052678414965126930e+00
1.014852372985852069e+00
1.003783781548849952e+00
9.541089273268744675e-01
9.517407790833694037e-01
9.299771071048205107e-01
9.025324388928287478e-01
8.891421642093125799e-01
8.864243458295558709e-01
8.273267771449152042e-01
7.935887380575350480e-01
7.972577004740538653e-01
7.723485365837341465e-01
7.446248659612481058e-01
7.335842295013073056e-01
7.502192377958248892e-01
7.198333571133757047e-01
7.099793236036499033e-01
7.082359373508108069e-01
7.050797467095282212e-01
6.928411862211358851e-01
6.860888786327425937e-01
6.783071972167562524e-01
6.542341260625328392e-01
6.539787251094767440e-01
6.384839746851682651e-01
6.222572919195615837e-01
6.113817965274247479e-01
6.038636644751267379e-01
5.994173842011405462e-01
6.088092698371736500e-01
6.090956248555490227e-01
6.124183227964299370e-01
6.006325282945652599e-01
5.771994947659421227e-01
5.667101392025792883e-01
5.828636761017684798e-01
5.893426993444808026e-01
5.687057070123407998e-01
5.714607682390551169e-01
5.882389858682375294e-01
5.921143351517496045e-01
5.842744157675621164e-01
5.641390597940865170e-01
5.657928695402624220e-01
5.680678985760395650e-01
5.893146113225675720e-01
5.926453609546035173e-01
5.774527737636510061e-01
5.822962528167048291e-01
5.976020883504677972e-01
6.071314049866943785e-01
6.092732829599144528e-01
5.993678931667060228e-01
6.028586970557767710e-01
6.260510118820646897e-01
6.188366736377802768e-01
6.349516398842941500e-01
6.441841452898364739e-01
6.460910653014592109e-01
6.748404305476872755e-01
6.818538738612541783e-01
6.967937061190726533e-01
7.173252202986721837e-01
7.299976972436281741e-01
7.427912498627959881e-01
7.679430647653715525e-01
7.974635608456811520e-01
8.003088475081644448e-01
8.008907031014158573e-01
8.202120385152565918e-01
8.796245905151326427e-01
8.990181171858729892e-01
9.144166542540934639e-01
9.390556088731798479e-01
9.848219406295364298e-01
1.018162856323302279e+00
1.011866128357305161e+00
1.062702468761894226e+00
1.129251375657775780e+00
1.172867970538607363e+00
1.189640015847827748e+00
1.213914948458183041e+00
1.268619856989388728e+00
1.329566579157626993e+00
1.428814458817232236e+00
1.557391980405723464e+00
1.615209353174966500e+00
1.700957351106381576e+00
1.820007358291689581e+00
1.950638195363725735e+00
2.054816780695679412e+00
2.256036636632204218e+00
2.353283900447994181e+00
2.568395854595225458e+00
2.862929150545013179e+00
3.112383171141812621e+00
3.407435322613441731e+00
3.850000610331376638e+00
4.271827928477664571e+00
4.811228296493848866e+00
5.697571174468728294e+00
6.371594552308691206e+00
7.316822535086096480e+00
8.858600830426901496e+00
1.052454522155502303e+01
1.301619669900381204e+01
1.735986647744043410e+01
2.297460107452448952e+01
3.333913948268553185e+01
5.085819829853581808e+01
9.327722862069713017e+01
2.480147886282345837e+02
4.756374013217694483e+03
4.971648925582935044e+04
3.336749294509565516e+04
1.011942054342773986e+03
1.469631629689637293e+02
6.349602528550487079e+01
3.657137849970970223e+01
2.469997566752500262e+01
1.765587621802675145e+01
1.274617270477053665e+01
9.652238371008001749e+00
7.812477412221517703e+00
6.278360840106945950e+00
5.289772780019799114e+00
4.549274702111533841e+00
3.806957481461383797e+00
3.188956919567653259e+00
2.766837172566372072e+00
2.412687437029916726e+00
2.129991284507101401e+00
1.954739204963675592e+00
1.760898752785845067e+00
1.539176512521824858e+00
1.354765940738774876e+00
1.241616966165821623e+00
1.144560807539486635e+00
1.021238893184541974e+00
9.387283816299490935e-01
8.635108549874864758e-01
7.965365463040553484e-01
7.130773900522762165e-01
6.610469941100702851e-01
6.285162157451751330e-01
5.776246770498242311e-01
5.460480818941505499e-01
5.089803434444987174e-01
4.801923764948686779e-01
4.596155917191117601e-01
4.193376164518198834e-01
3.933275452025263297e-01
3.685493000730596935e-01
3.421350924739308130e-01
3.261615946316512304e-01
3.061308153949981459e-01
2.892758409934231278e-01
2.762246603700189151e-01
2.645126806507809847e-01
2.543696616135354693e-01
2.355889463924920324e-01
2.255487750573386962e-01
2.181860531678436188e-01
2.107224024451752609e-01
1.946587339788975191e-01
1.857199425456564079e-01
1.764677311971018514e-01
1.671299185309445823e-01
1.626827291664499353e-01
1.564969695922408810e-01
1.526125818786868704e-01
1.382508029699185681e-01
1.337172240629162234e-01
1.278265256638344283e-01
1.259212573763983933e-01
1.208873524468959404e-01
1.151050672706725314e-01
1.129355698178770434e-01
1.091342322855268637e-01
1.062847074831860111e-01
9.865122777641020801e-02
9.700482463191596738e-02
9.427928784546682484e-02
9.276222944311214580e-02
8.870908845975752910e-02
8.265543241187617296e-02
7.926739232683735481e-02
7.767514257857419113e-02
7.707656694326407709e-02
7.324017320282298626e-02
7.253520294301769866e-02
6.965533298865700385e-02
6.763458137506708767e-02
6.410817751391127695e-02
6.316719254219713142e-02
6.179357432788525062e-02
5.932587555699753851e-02
5.740119843368827329e-02
5.587997938663100822e-02
5.603001793329216024e-02
5.381995970457508632e-02
5.172357247150728005e-02
5.001522668490106932e-02
4.796220160723269760e-02
4.725244647439062751e-02
4.523569866862119787e-02
4.627508094701832109e-02
4.513995096032848847e-02
4.248584672142373397e-02
4.084159476527523397e-02
4.036624803165415193e-02
3.855701428658215441e-02
3.882673608016360550e-02
3.916951493341227358e-02
3.745313620849129166e-02
3.549501328098574049e-02
3.466617849763132392e-02
3.429858814116766574e-02
3.295898126914273418e-02
3.080672205705745764e-02
3.114547751394475261e-02
3.140371269263736442e-02
2.942396461935118876e-02
2.923596996158457986e-02
2.965394194634354136e-02
2.822595637321449399e-02
2.653734598760348895e-02
2.616055245715460595e-02
2.631664952366665616e-02
2.563478289816968278e-02
2.492368601188947944e-02
2.440201098717140540e-02
2.417949443631489323e-02
2.388689506136877638e-02
2.314306807793607701e-02
2.219698179657951520e-02
2.259590817177083502e-02
2.157562349589152439e-02
2.137711344505040245e-02
2.078059773169113264e-02
2.009782756557406541e-02
1.974328372750397409e-02
1.957910430344118186e-02
1.907515546265580939e-02
1.878863156310313018e-02
1.863387112485575745e-02
1.834696948876892927e-02
1.802398000053146918e-02
1.831387535671016170e-02
1.813326008101007886e-02
1.748943425030958024e-02
1.708430769692233231e-02
1.707593672887526906e-02
1.655609057255393035e-02
1.596272413213185165e-02
1.563744958037248389e-02
1.558263770040690076e-02
1.523455886666612649e-02
1.519143675150140191e-02
1.479503291534948507e-02
1.473961747573959875e-02
1.443144347899208597e-02
1.467254833352736078e-02
1.483561738946347075e-02
1.494335029425459399e-02
1.693357191389719893e-02
1.604001794173516571e-02
1.632730527718772445e-02
2.059090408343483211e-02
5.131329894716267492e-02
4.821195863748988786e-01
6.687278315445575050e-01
9.170310610824183861e-02
1.964246400269769113e-02
1.496849242792593071e-02
1.308769259216461048e-02
1.189457503117213009e-02
1.164852364404391633e-02
1.137563658753727031e-02
1.089279049881495230e-02
1.074299076056132660e-02
1.058452306408401954e-02
1.006172086711423080e-02
1.006276507193457244e-02
9.860900406877046512e-03
9.748726496054271537e-03
9.316797689761497844e-03
9.302527245159617972e-03
9.595619964913249672e-03
9.490624446585157331e-03
9.255394278013147347e-03
9.194595736480987158e-03
8.977459172258086401e-03
8.705557924390077557e-03
8.554273966053176081e-03
8.435846933955127094e-03
8.310235161148926686e-03
8.184508409225346379e-03
8.106909088821379755e-03
8.210946646701702822e-03
8.097059436674224758e-03
7.730493990295615216e-03
7.585076268113467683e-03
7.432638190124818758e-03
7.553992592456975665e-03
7.769036791295435423e-03
7.620080105223595891e-03
7.413130370943976470e-03
7.241570262066121533e-03
6.938589114675237403e-03
7.001206553174853416e-03
7.039872983444834219e-03
6.879977879928572508e-03
6.797980398083589004e-03
7.017190390158987989e-03
7.823409657893553790e-03
8.690902153401425592e-03
6.930936099731106574e-03
6.490534193647987463e-03
6.509567603561645065e-03
6.311984356404352729e-03
6.220646837975519518e-03
6.167481052721006211e-03
6.122829673835654581e-03
6.224070981429241645e-03
6.122347991342890795e-03
5.872979788261968245e-03
5.785780830957892688e-03
5.707957731694138920e-03
5.808520548879288550e-03
5.597789770568335418e-03
5.548765609719422294e-03
5.535408324225032581e-03
5.365437253759765615e-03
5.289020327333152083e-03
5.259632869767293106e-03
5.211893227453951068e-03
5.315376997943595076e-03
5.220075741669929700e-03
5.032124786815149291e-03
4.941755448556964074e-03
4.994956819922452031e-03
4.993722410226814241e-03
4.914023846209240702e-03
4.817116710593234187e-03
4.848858167117621985e-03
4.834955462176823877e-03
4.660305372740939679e-03
4.573709478966432075e-03
4.562551487844074792e-03
4.432181178851906690e-03
4.494016957533591462e-03
4.346984954395260656e-03
4.303793072356528956e-03
4.275350775581781768e-03
4.187800250118890212e-03
4.150516901089459053e-03
4.118440103218354992e-03
3.966683602862407058e-03
3.922375881064745981e-03
3.841216256541312227e-03
3.694085541186289089e-03
3.692118535769629058e-03
3.541664889094363593e-03
3.615580411301419755e-03
3.574524991997840139e-03
3.446186910375876634e-03
3.458808690485620785e-03
3.437138315265788040e-03
3.344651117084566135e-03
3.432396973526299824e-03
3.273447052214461996e-03
3.093032599686231995e-03
3.209311724224288460e-03
3.214480546248553363e-03
3.023485593238733546e-03
3.018287306220520001e-03
3.060724882354446796e-03
3.011293723823406550e-03
3.024302554076473484e-03
3.001464121141554815e-03
2.928686268386326841e-03
2.997086114258488889e-03
2.998271730520701492e-03
3.017139316246241713e-03
2.987932170383718420e-03
3.032857804239253233e-03
3.160663328613920551e-03
3.238857845718489097e-03
3.298027608950179160e-03
3.408310286365233074e-03
3.501637940901110215e-03
3.635994427622689894e-03
3.728625639820140614e-03
3.892484047682309798e-03
4.050187292695895530e-03
4.493131956457679585e-03
4.783509819332915775e-03
4.968785876189565215e-03
5.269407577682160178e-03
5.712994638062927032e-03
5.995980819216466078e-03
6.420004516668752041e-03
7.216993060029425547e-03
8.085993237369512587e-03
9.104073623040801963e-03
9.886519832781607425e-03
1.087432216404100524e-02
1.198912119442718457e-02
1.311478640441828339e-02
1.463576696531699618e-02
1.681553662959022963e-02
1.903665044346625201e-02
2.170781957531700904e-02
2.555130457524231596e-02
2.799971083361636748e-02
3.280466515954055112e-02
3.917203194980884567e-02
4.534615852953408077e-02
5.362663258529449389e-02
6.281729924778495233e-02
7.490984642791850834e-02
8.962272165656219591e-02
1.070805035383555065e-01
1.262801200910507737e-01
1.473148957586613017e-01
1.842066727530695669e-01
3.323548594880796903e-01
6.276792945541542768e-01
4.876246703313977804e-01
4.458766804594596067e-01
5.493506222902860836e-01
6.780399574879409919e-01
8.270222748138214008e-01
1.046517766079067213e+00
1.357162000740795404e+00
1.763254016245483724e+00
2.288888627445703428e+00
2.956357600380635109e+00
3.925331785894288217e+00
5.341023860034026960e+00
7.149914153659872262e+00
9.932592332923274370e+00
1.346656323759237672e+01
1.830442952694975034e+01
2.337215561438783595e+01
3.174421498852114354e+01
3.694922171317559645e+01
4.071498309583463282e+01
3.732048525956704310e+01
2.850749333796702345e+01
1.980909323890683993e+01
1.222712013896054906e+01
7.084930113348915981e+00
3.920170842074024886e+00
2.080860598799103567e+00
1.074625127860408647e+00
5.608730825324536040e-01
3.215955467095278908e-01
2.136317925748439928e-01
1.764876376766270072e-01
1.656866054975046909e-01
1.651469267993801171e-01
1.677048775097727817e-01
1.707970895102380871e-01
1.733703477121246173e-01
1.752907726048025805e-01
1.764533735274229354e-01
