2.418723028684917509e+00
1.824837557609058969e+00
1.826347486333380621e+00
2.265026981695242636e+00
2.690570899041420105e+00
3.138103431621566131e+00
3.702064299800974734e+00
4.139838892804680981e+00
4.507872823513320526e+00
4.653778408375408127e+00
4.426396832756363864e+00
4.090116129277600265e+00
3.774951121490742523e+00
3.255284436275220905e+00
2.896057884521093140e+00
2.584731411472816376e+00
2.356083325631376013e+00
2.110253166739243902e+00
1.902461944378497805e+00
1.694678954764192946e+00
1.564679249858400567e+00
1.375283646265482274e+00
1.288876338777796615e+00
1.204628171250512025e+00
1.086459579911690732e+00
1.032389177523384660e+00
9.790164590117816923e-01
9.119357412870763291e-01
8.215880686885823625e-01
7.636279997195872804e-01
7.327378591877581337e-01
6.994170102651919851e-01
6.698931034241276672e-01
6.266061660155524127e-01
6.188794404447959252e-01
5.817351214389164804e-01
5.329748575674975175e-01
5.081736105405666448e-01
4.893521040146160406e-01
4.648415894068009813e-01
4.484106554295881897e-01
4.387499247446223771e-01
4.180509117456948642e-01
3.908157215538770601e-01
3.767726055005494179e-01
3.710616622894711836e-01
3.519294817902171579e-01
3.521750267874475537e-01
3.440732907169213872e-01
3.326753282132183798e-01
3.276177901234580414e-01
3.290581317034183551e-01
3.064535180170869233e-01
2.946176875652556371e-01
2.956675247852608157e-01
2.858413668195167734e-01
2.750863279453605870e-01
2.707826073314759663e-01
2.768379593362729763e-01
2.649900440740240448e-01
2.618538246478969711e-01
2.600067689004864624e-01
2.593083685801007565e-01
2.553299101160083628e-01
2.526026133736090640e-01
2.498615516253382685e-01
2.413655423643845666e-01
2.408829895629758799e-01
2.348718014145667887e-01
2.297107168172376757e-01
2.255140742535318710e-01
2.222580593163749341e-01
2.206294146569710846e-01
2.241661792785685503e-01
2.244859804636795131e-01
2.254710492301481572e-01
2.207581400016073170e-01
2.122197659453722574e-01
2.085104054435373833e-01
2.146157217383858340e-01
2.174686453745494352e-01
2.095871333581098561e-01
2.100371498999575315e-01
2.162198347804852039e-01
2.178517072944469724e-01
2.150386968893520101e-01
2.073468697513371206e-01
2.072078582145367720e-01
2.084741940872372468e-01
2.161606910392535608e-01
2.169233535821455672e-01
2.114992887393379040e-01
2.132719819655849725e-01
2.195265839416712661e-01
2.228501417955851271e-01
2.232429704874037135e-01
2.193560156979968978e-01
2.206330619613711130e-01
2.292423003759142264e-01
2.267569455309492443e-01
2.326432290838010841e-01
2.362399629954682334e-01
2.365711819231241242e-01
2.473264901923338810e-01
2.493051631096684373e-01
2.545088281525550444e-01
2.628879750830259709e-01
2.673396682575792660e-01
2.720622513182022750e-01
2.814435662540347161e-01
2.927299431937560037e-01
2.935488920150488013e-01
2.929856182411376131e-01
2.999467623684939910e-01
3.214868053538006976e-01
3.292963309078472123e-01
3.347667434743818449e-01
3.433547902838300359e-01
3.600846847520610683e-01
3.721981954754450816e-01
3.695381649713550543e-01
3.881327755387901646e-01
4.129065164729106563e-01
4.284794333313161618e-01
4.343364756309689989e-01
4.425842622997308018e-01
4.623016000506318668e-01
4.847317218117772608e-01
5.212829757072490189e-01
5.678972180955514926e-01
5.886138796233678638e-01
6.206561413078792722e-01
6.640831029065069613e-01
7.109863392901007995e-01
7.491137443940393270e-01
8.223697360207243845e-01
8.577220615717160435e-01
9.361166727756276007e-01
1.043421456557373839e+00
1.133636572035561230e+00
1.241812145997831518e+00
1.402375975006260544e+00
1.556056020964115660e+00
1.751862184414667567e+00
2.074255348808035304e+00
2.318644712114821704e+00
2.662957930753739877e+00
3.222762842350966661e+00
3.828239123831032487e+00
4.735154057773547365e+00
6.312492574520444322e+00
8.362516395713038619e+00
1.212114208511990832e+01
1.847786175750914950e+01
3.395782056253975867e+01
9.012668174169873225e+01
1.743391479383520618e+03
1.821185859472051743e+04
1.220886405727638157e+04
3.683265880559980019e+02
5.348298878058696459e+01
2.304057903998790380e+01
1.329069068142979226e+01
8.975331938276232435e+00
6.407199358500863084e+00
4.627717627067871931e+00
3.503836063676099677e+00
2.836160324864894999e+00
2.279914461948668425e+00
1.919635571272509944e+00
1.651173202160786557e+00
1.381809219381828324e+00
1.157375514720059728e+00
1.003485079172610206e+00
8.743679628607133880e-01
7.731902066374697347e-01
7.087935827334010952e-01
6.384655773662174516e-01
5.584687716238283528e-01
4.914687501584374951e-01
4.497909529755598212e-01
4.147131831660135215e-01
3.700905168935425538e-01
3.401684125421395866e-01
3.128077067053814386e-01
2.884283355699120421e-01
2.584602957055102679e-01
2.394211121496472305e-01
2.275773694583543838e-01
2.091509061547634496e-01
1.975481598122872662e-01
1.844093710962372568e-01
1.739071145005718910e-01
1.662425618582104858e-01
1.515563326234375674e-01
1.422365691887207129e-01
1.334820004485124112e-01
1.239402025615136266e-01
1.179944198781686521e-01
1.108149479171236795e-01
1.047382066389107302e-01
9.990506438640710252e-02
9.564011966916931284e-02
9.183699691867640291e-02
8.514776810339765023e-02
8.156658133605887429e-02
7.891850450951945484e-02
7.616736919837885367e-02
7.062967966786026786e-02
6.724747664011114512e-02
6.377362664942785864e-02
6.037197365341591404e-02
5.879394756573166209e-02
5.645080977782618303e-02
5.516225903052161122e-02
4.989933439096908702e-02
4.838264449555113034e-02
4.625367313986968737e-02
4.538391766191067489e-02
4.364242684676041678e-02
4.163067506517450361e-02
4.079982560890820648e-02
3.932872626956174233e-02
3.841848650017786609e-02
3.568363838507180447e-02
3.503627487204336033e-02
3.404503839671575716e-02
3.349746939898894799e-02
3.200247365810798134e-02
2.981699733679804912e-02
2.864532763610248486e-02
2.801729882427445029e-02
2.788054526166625774e-02
2.647520907085326725e-02
2.619612038658111070e-02
2.516290831848594367e-02
2.447086876743471973e-02
2.322972821146109673e-02
2.278986670349228069e-02
2.225181636915488093e-02
2.133054141111294030e-02
2.074130819627718891e-02
2.020284830722113290e-02
2.021047290576814467e-02
1.937699246007484541e-02
1.864194702045083099e-02
1.804897356618136856e-02
1.734484057454297942e-02
1.703491322222050464e-02
1.630742340471100574e-02
1.667986955524674783e-02
1.626079787651566605e-02
1.534170330661851524e-02
1.472464994543787320e-02
1.453606007831607753e-02
1.392532762734239975e-02
1.403284629767233803e-02
1.414644708038332276e-02
1.361444661421659826e-02
1.294089589466648933e-02
1.253702230149651882e-02
1.238571903071854219e-02
1.194162489244563093e-02
1.113923421945032383e-02
1.123071469713910614e-02
1.132047037974212404e-02
1.054913586030609834e-02
1.052753174418961761e-02
1.067799466125613633e-02
1.014231974972003118e-02
9.541237349035025864e-03
9.412305354108672223e-03
9.475054101372481705e-03
9.245902441405674452e-03
8.990375276170723545e-03
8.803428965517470089e-03
8.725520625107284142e-03
8.638400033523518234e-03
8.399140539430458019e-03
8.021770126414562094e-03
8.146791824381582545e-03
7.791567717970426278e-03
7.694915872296701105e-03
7.511006345651829834e-03
7.275499175293584711e-03
7.108076491039129127e-03
7.056803597496735629e-03
6.889701049497486650e-03
6.752730488816562071e-03
6.701883026818116797e-03
6.622243798256923115e-03
6.520038714743293766e-03
6.614154628903511426e-03
6.519832918024702842e-03
6.265666116528307433e-03
6.136410605979184495e-03
6.168666194699203541e-03
5.982718350937116757e-03
5.782524341169188210e-03
5.676406923396935464e-03
5.641166425388629245e-03
5.502782161147860146e-03
5.483451374766015393e-03
5.331133956448280004e-03
5.292608941399781775e-03
5.186662872216499416e-03
5.271545761037246119e-03
5.330707847748920175e-03
5.558508142615202832e-03
7.132900041177504293e-03
6.083414418366799199e-03
5.454248343666469497e-03
6.295145451526285366e-03
1.176669863632995652e-02
8.656050813327674509e-02
1.167056294455827425e-01
1.658078463802023506e-02
5.148453962195030133e-03
4.474974847252660877e-03
4.152739403817429925e-03
3.914174314314117567e-03
3.922080582496774437e-03
3.872463633158193443e-03
3.745764553196071801e-03
3.713643261142409325e-03
3.665329501052826990e-03
3.508866001220526092e-03
3.518452759389564723e-03
3.465959155070872169e-03
3.433089753792609774e-03
3.273781550878322472e-03
3.291270223184153236e-03
3.388995373973140331e-03
3.347352139601489709e-03
3.277951432513947702e-03
3.250605396274285682e-03
3.186930245696432094e-03
3.090062662919092640e-03
3.041329952979554378e-03
2.996981051982016472e-03
2.959356890976927879e-03
2.924989437222128962e-03
2.885438604913806264e-03
2.915610965130517943e-03
2.880778791856133253e-03
2.746817998326577578e-03
2.686846354243896482e-03
2.640926377510574054e-03
2.724267060174582165e-03
2.856333516160884396e-03
2.768078072551116361e-03
2.792817671865691943e-03
2.724210541414779242e-03
2.482333817821430130e-03
2.496457858466956479e-03
2.517544548634216648e-03
2.467578631105746441e-03
2.445848623714511061e-03
2.554833635484755373e-03
3.492222049622284268e-03
4.356064110179426116e-03
2.654153186998690645e-03
2.338044774814277034e-03
2.318223990668413521e-03
2.246259325263377446e-03
2.225726393599386944e-03
2.209869991161132925e-03
2.187295273368705401e-03
2.211179600246012799e-03
2.175085976693231279e-03
2.091596606151065792e-03
2.070850163614036329e-03
2.049073463975861851e-03
2.082310890182255143e-03
2.001029159460251949e-03
1.982187675089683646e-03
1.982648495891534482e-03
1.932307780869584567e-03
1.898982211274495742e-03
1.881274325643760709e-03
1.861135970306559582e-03
1.898673497158215448e-03
1.853563643680219064e-03
1.791112046518588763e-03
1.778706649430414517e-03
1.786657762954416747e-03
1.778427541037629804e-03
1.751925194965451215e-03
1.732830966821888481e-03
1.743301478962864430e-03
1.744273039882324834e-03
1.688268388110782158e-03
1.634576416453206119e-03
1.637724085656119908e-03
1.598359804122704772e-03
1.617544431563722965e-03
1.548242355290435548e-03
1.534101041843772108e-03
1.524643728467124952e-03
1.529179069852991965e-03
1.507745637075078677e-03
1.466709381103390233e-03
1.419367525592421303e-03
1.411322989902954539e-03
1.386288615638375842e-03
1.327202124649651043e-03
1.324454328610867983e-03
1.269145980047059084e-03
1.302756229475477649e-03
1.290408983540180989e-03
1.250596734431602642e-03
1.242096107545436791e-03
1.225751958331968219e-03
1.199392987291276157e-03
1.232791884215107391e-03
1.177000086481974454e-03
1.111650108588416088e-03
1.146890504885545933e-03
1.153360349212597833e-03
1.086600103096721330e-03
1.071077950529702614e-03
1.101281504509476908e-03
1.084409614770376904e-03
1.078055725576472241e-03
1.069397993405786377e-03
1.041370240369453521e-03
1.067771997126911333e-03
1.076444752729300300e-03
1.078379473083461697e-03
1.067572989292392069e-03
1.080128619997502417e-03
1.126280089688341942e-03
1.154246703103511225e-03
1.180172758911729198e-03
1.218449171555888557e-03
1.246039898645264973e-03
1.298487927284037611e-03
1.334276354737085968e-03
1.381880982196500608e-03
1.443251072388448096e-03
1.597091023091934316e-03
1.698543662084684228e-03
1.765713516207946532e-03
1.863016668307431204e-03
2.025891375143108568e-03
2.120584841546042498e-03
2.284039901803761735e-03
2.579133564916086512e-03
2.879517138003960530e-03
3.288173520946310532e-03
3.689390182732541629e-03
3.938161465163085920e-03
4.264104430539050923e-03
4.663126510651471705e-03
5.213287165736532613e-03
5.985682490409441336e-03
6.763289144602931645e-03
7.700789215855985415e-03
9.091716044066651056e-03
9.962498577033695318e-03
1.171820740297043785e-02
1.448589737575403137e-02
1.650102419626219702e-02
1.916644629791414839e-02
2.242535632906147297e-02
2.670407213302972843e-02
3.188400382335053462e-02
3.804718408587350054e-02
4.476514326064479771e-02
5.212065764022853070e-02
6.441070612990169864e-02
1.026300251203572239e-01
1.744136070776809988e-01
1.543898261814782846e-01
1.570428048780107000e-01
1.949634289418254729e-01
2.409231834228463265e-01
2.938593048004530250e-01
3.722892149544477225e-01
4.830491725517243040e-01
6.274255180738798066e-01
8.146790635945787562e-01
1.052471130179646330e+00
1.397440068502539656e+00
1.901894388037994155e+00
2.545366228705480349e+00
3.536261059453221112e+00
4.794443076880550159e+00
6.511034199608665141e+00
8.331033047772562483e+00
1.128998611413815745e+01
1.315245454941830872e+01
1.451973315824861110e+01
1.326620053335555482e+01
1.014904206802702369e+01
7.057385745348407013e+00
4.355141021570521964e+00
2.514287918680282008e+00
1.405740790131300821e+00
7.423861670484146469e-01
3.824410237302728888e-01
2.027201623623420546e-01
1.151975221960499091e-01
7.914403259404842461e-02
6.478399507749918462e-02
6.137601455796692224e-02
6.108330649621349778e-02
6.214039333985636043e-02
6.328358368949511814e-02
6.426694027592842751e-02
6.497952635509778030e-02
6.541800636715477957e-02
