1.603655177299665890e+00
1.479838765647226495e+00
1.456502721357494368e+00
1.512967167476165553e+00
1.603696179769369623e+00
1.640122051862529018e+00
1.807997157228726115e+00
1.915516520665962341e+00
1.896953743315314966e+00
1.808380635478855858e+00
1.654559176138513665e+00
1.481317651537831237e+00
1.362973781491910064e+00
1.189731940881017414e+00
1.057171626408365928e+00
9.253036237714380441e-01
8.445036673341981270e-01
7.498039301994645633e-01
6.853198764098624718e-01
6.138815853904051600e-01
5.710499799996692216e-01
5.025845560628364739e-01
4.666566580323812108e-01
4.451432634144255607e-01
4.068938011052647963e-01
3.845413552779476940e-01
3.691305537857079155e-01
3.499027620123862370e-01
3.119258254463603275e-01
2.929696556015412567e-01
2.837992295689708566e-01
2.731482266375531709e-01
2.665904553086085316e-01
2.539005402536585465e-01
2.505044849851760236e-01
2.365234100461499345e-01
2.184809754183652253e-01
2.128636831145825359e-01
2.096718243524894887e-01
2.007895482543734234e-01
1.948744695473951793e-01
1.930412091746419034e-01
1.869390976807180915e-01
1.765988538067624070e-01
1.741038112657065651e-01
1.739722298492661912e-01
1.676287422755800283e-01
1.701545783817089152e-01
1.687553894366060625e-01
1.662673003299811603e-01
1.670122533481775418e-01
1.705447013726950900e-01
1.618760829557550351e-01
1.577855800108740603e-01
1.618269324183441160e-01
1.599226620902116369e-01
1.581808697864902913e-01
1.594200274049286103e-01
1.661446236542902521e-01
1.636975962306339571e-01
1.652567629857717713e-01
1.694144152444128637e-01
1.732314766629952929e-01
1.742290510514285518e-01
1.773863090506708762e-01
1.816244588203505261e-01
1.804829890403834014e-01
1.861036973681454987e-01
1.880867026643250894e-01
1.895449826362591850e-01
1.925400961012010692e-01
1.966063232107356507e-01
2.034056387450497716e-01
2.151248489645826989e-01
2.244888937157323849e-01
2.354710984310792732e-01
2.415560189391199042e-01
2.431475110118355987e-01
2.510109198163646971e-01
2.725180733677204925e-01
2.913528509060616112e-01
2.981896842482552046e-01
3.183695967461835918e-01
3.494215504078165835e-01
3.762916822610842260e-01
3.996192281657361955e-01
4.168944081862431261e-01
4.536626652080930633e-01
4.983278979471705283e-01
5.691870163932740700e-01
6.350197606872366451e-01
6.923868349562201097e-01
7.905576457362024634e-01
9.292716674437719870e-01
1.092786398576597540e+00
1.293183298829618133e+00
1.534238592449497229e+00
1.909520360053332366e+00
2.537093505674664851e+00
3.360826596136398781e+00
4.934073525079756273e+00
7.955543471859970239e+00
1.540605751536290313e+01
5.644954639636209492e+01
5.497852742856149234e+03
1.568923746362959173e+04
2.938890840313529679e+03
3.219420656701040429e+01
1.132763229942475647e+01
6.072214098560640316e+00
3.828444733154616753e+00
2.549372588965313824e+00
1.795255063248699878e+00
1.350280302168260338e+00
1.096241849766546927e+00
8.693221479564283705e-01
6.986455277455562163e-01
5.755567234281537825e-01
4.902466465325010514e-01
4.161890942839462926e-01
3.429377219935385024e-01
3.007482242233496250e-01
2.681548040010622858e-01
2.350750047359409234e-01
2.028254632996921714e-01
1.760094726368333085e-01
1.568299973717362794e-01
1.407520920852225743e-01
1.300069796060107086e-01
1.218497182641936627e-01
1.082187611330410332e-01
9.794750651274403141e-02
9.024722285263658828e-02
8.320467033209748287e-02
7.514332072136958862e-02
7.079354733481739437e-02
6.334616018563382633e-02
5.905527719926335906e-02
5.605412629916404349e-02
5.160533441624449297e-02
4.780225508261404938e-02
4.545798378834951803e-02
4.213451807962462214e-02
3.931679788675489923e-02
3.825916536802320689e-02
3.484321016807220145e-02
3.228229834845865176e-02
3.090239792279423497e-02
2.846905448975756842e-02
2.667626016623806176e-02
2.619783398212511064e-02
2.465492622421684016e-02
2.384941416962086183e-02
2.231645782467908332e-02
2.148395205343860831e-02
2.025462591918987185e-02
1.900558896267326436e-02
1.825519676226118604e-02
1.777867303129527024e-02
1.699530423198557585e-02
1.617817094956650742e-02
1.507073262273261362e-02
1.423671785588332198e-02
1.400653369763150274e-02
1.349450101020513958e-02
1.258650733461869932e-02
1.173389197397772636e-02
1.153174104927460163e-02
1.101826701546028409e-02
1.078246276708704973e-02
1.057492481261486372e-02
1.003214501819131403e-02
9.414959928536595357e-03
9.059973864943086583e-03
8.694041716425213867e-03
8.405538063520859304e-03
8.426247376365998687e-03
8.182532124196662676e-03
7.703011914254619986e-03
7.296407216008061677e-03
7.105059495032066061e-03
6.965726174203218032e-03
6.611780230621983577e-03
6.383479613074209517e-03
6.183089675745543842e-03
6.000593991098456155e-03
5.636157677401251558e-03
5.477927169222997217e-03
5.462301174517908940e-03
5.218049278252066998e-03
5.132643793302755185e-03
4.976069865424474770e-03
4.870941383680209291e-03
4.819766662135825837e-03
4.552685251761537724e-03
4.407573280140471284e-03
4.267397616991652244e-03
4.116005401509814816e-03
4.026642438242511272e-03
3.891652799980984019e-03
3.775876678041318029e-03
3.703428329549050303e-03
3.633182566902498460e-03
3.558710066261601326e-03
3.389165517307706193e-03
3.394298447761806819e-03
3.554862318585545310e-03
3.413174923204267529e-03
3.463398552808034936e-03
1.424045326269138441e-02
2.564779518623834520e-02
6.133012315255498975e-03
2.956982406284084427e-03
2.782425643047213397e-03
2.745409547515610844e-03
2.527765836547420271e-03
2.482200031908606344e-03
2.414850262512765501e-03
2.409980565394903573e-03
2.345681350038924997e-03
2.276026779724660276e-03
2.283307130160030802e-03
2.262185376839312249e-03
2.199225072551908890e-03
2.079729445744355702e-03
2.061882873744070709e-03
2.027713798239498370e-03
2.027606915679014323e-03
1.969312255877951612e-03
1.854628790020310765e-03
1.788051660974326190e-03
1.791617313638467100e-03
1.811093703724495942e-03
1.723575377731354202e-03
1.725791026127797582e-03
1.682172725898830202e-03
1.641184481688423265e-03
1.576098130791174718e-03
1.580278819990884286e-03
1.553251656053800328e-03
1.495959972536721125e-03
1.493938317003323975e-03
1.485303126185733404e-03
1.466663855793814064e-03
1.419015376217860501e-03
1.371601663657929463e-03
1.347112085657220602e-03
1.305488766692341172e-03
1.302788001516499636e-03
1.263067372468002067e-03
1.298637047687159832e-03
1.268999978721960069e-03
1.209281503269192147e-03
1.169076496876291860e-03
1.166921752492909581e-03
1.135560849259294701e-03
1.158643194431643745e-03
1.179437810610372206e-03
1.106127527825938057e-03
1.063872547189196943e-03
1.060486985346210899e-03
1.050315259255024366e-03
1.019616563841556226e-03
9.561535997835124119e-04
9.764337668626573265e-04
9.939595733965470286e-04
9.310222958915776153e-04
9.389716821339375843e-04
9.569802350032136822e-04
9.197628742701661033e-04
8.723526345248054864e-04
8.529777999229457962e-04
8.768228951705300160e-04
8.575198692117329182e-04
8.354900643580226395e-04
8.210090126519401909e-04
8.282881746666822089e-04
8.326826431287204797e-04
8.090519033504250382e-04
7.796053847789614607e-04
7.912369806753263846e-04
7.618485059210396279e-04
7.595130904831577136e-04
7.464718229363014219e-04
7.235452855698148913e-04
7.208677976331349241e-04
7.204043283427712758e-04
7.053015205903859870e-04
7.027836534906534193e-04
6.996847898307471426e-04
6.955499209823287621e-04
6.916050142093800677e-04
7.080061107663052642e-04
7.050854692190109112e-04
6.916144208870546014e-04
6.888763509127703542e-04
6.956744263897262281e-04
6.823027404946749915e-04
6.652382631457093949e-04
6.719946961136677704e-04
6.886044391049364350e-04
6.917142136663306795e-04
7.105210818702082948e-04
7.221723288230998085e-04
7.495391054269930032e-04
7.772600945320978566e-04
8.676150164242036516e-04
1.134072193742092106e-03
1.174664565156571675e-03
1.262602737272117744e-03
1.586288482310688284e-03
2.305427832469900389e-03
4.455325143292181503e-03
2.108632831336121685e-02
2.563638754856480961e-01
3.586955200208879480e-01
4.431571614452919916e-02
4.925361658616237565e-03
2.394221803982961999e-03
1.524936400849614742e-03
1.112492810895728467e-03
9.231306918322074954e-04
7.997736865761580563e-04
6.971300810594257885e-04
6.382146464058073652e-04
5.961820013140917444e-04
5.475563948114330450e-04
5.342593386486074562e-04
5.058052660546467514e-04
4.886839622055254989e-04
4.641551498276410203e-04
4.545713982374831601e-04
4.606225801299136668e-04
4.561847221405087899e-04
4.411459948211787145e-04
4.353089930084268699e-04
4.189611784298002072e-04
4.097178981765685823e-04
4.043162088551449803e-04
3.923151611706943175e-04
3.805152939584427094e-04
3.803515635837481559e-04
3.756866359552744113e-04
3.816137407654318441e-04
3.771632541200541219e-04
3.570305577498992058e-04
3.530270480551009750e-04
3.474841105635143534e-04
3.452605337824597048e-04
3.530261937089110985e-04
3.793426261065806584e-04
4.191085925988042964e-04
3.766057886800885392e-04
3.248206218522945083e-04
3.261997849105435147e-04
3.341335852689348456e-04
3.446497975193112649e-04
6.617748224742366764e-04
1.327765456140600400e-03
5.953036636498139659e-04
3.287093764651598271e-04
3.174881775823591300e-04
3.100153234539762960e-04
3.105661802633463177e-04
3.029600673905863428e-04
3.006998537396651469e-04
2.949296363332683398e-04
2.903646535155037433e-04
2.933857909140730690e-04
2.872598225787097322e-04
2.817351035633276985e-04
2.782628689758024341e-04
2.715003210347834866e-04
2.791622922912386385e-04
2.656428098116100922e-04
2.612342164392170802e-04
2.649692551402194887e-04
2.533854290237278536e-04
2.516340123512484251e-04
2.530081465397721117e-04
2.499866033781083293e-04
2.555538926792278441e-04
2.551776705369048501e-04
2.440175161727578209e-04
2.389243373369775026e-04
2.430847029837941069e-04
2.453653338108231058e-04
2.384153373508598529e-04
2.309763373971566059e-04
2.398647667858734903e-04
2.358818486024442690e-04
2.314880674871468017e-04
2.253945660133014315e-04
2.253155072853887649e-04
2.207601426000755133e-04
2.229445470440918680e-04
2.156721089214310425e-04
2.137809461972136824e-04
2.135446223298251517e-04
2.108024973986434374e-04
2.304408487193800362e-04
3.533081183497241580e-04
2.904521100693422211e-04
2.028507305043584174e-04
1.974875071574079630e-04
1.895029017866701885e-04
1.915663484877255763e-04
2.106052574395507362e-04
4.481369050738559967e-04
4.758719197383616951e-04
2.060353996748021804e-04
1.774070621803469758e-04
1.742417975170259712e-04
1.719988855240511426e-04
1.762249675480618508e-04
1.697159117216595918e-04
1.623303060955465324e-04
1.748575021646015101e-04
2.582728957453415985e-04
8.507540181121158720e-04
8.354708172392864927e-04
2.313504594787828880e-04
1.650026242320194584e-04
1.588025910898278425e-04
1.561097652804195525e-04
1.490141846891680322e-04
1.511375702884644012e-04
1.526247293436565897e-04
1.509465682252805773e-04
1.515221277520560216e-04
1.531103606821888441e-04
1.586842614346616260e-04
1.628128088747801433e-04
1.654324383668308697e-04
1.708255920152734926e-04
1.756691788057096199e-04
1.812146460085506795e-04
1.845936075706602994e-04
1.937910590431850700e-04
2.007468017837204903e-04
2.229623065758548151e-04
2.353907801137369632e-04
2.442768658953080687e-04
2.568396968694244419e-04
2.803524377378099094e-04
2.937488789566659484e-04
3.143223640881565050e-04
3.562521452327159803e-04
4.002067530748106374e-04
4.489708835844176339e-04
4.756110799916124249e-04
5.704665680044735841e-04
6.870855346534692149e-04
6.721607104863357683e-04
7.208068936990059093e-04
8.276332091564953279e-04
9.366019945624884770e-04
1.067408846854229262e-03
1.309824329016588945e-03
1.642419062924840249e-03
1.750655543425117672e-03
1.877061472776573713e-03
2.206697755410051004e-03
2.617770379741958964e-03
3.063443998394305492e-03
3.674662636999489161e-03
4.408780557422585684e-03
5.242331247996343327e-03
6.141686310660310344e-03
7.116216872078303529e-03
8.658775695487837959e-03
1.087079283280983563e-02
1.328097570479796000e-02
1.693610997622697900e-02
2.114727422113265795e-02
2.660396796347355708e-02
3.308124519842049055e-02
4.041186143438259964e-02
5.121580892976358018e-02
6.649176400153541944e-02
8.643369152380275811e-02
1.122891138061331007e-01
1.451209017838194504e-01
1.926596584758880903e-01
2.622770318457569028e-01
3.512452275403717405e-01
4.882446145575068397e-01
6.617120555563622553e-01
8.996811078596244071e-01
1.149823924957076748e+00
1.560896949214669371e+00
1.815386547114524296e+00
2.010335809633434057e+00
1.828235316969417434e+00
1.404668416776779116e+00
9.748822101511969151e-01
5.997316139920789713e-01
3.484998953475529904e-01
1.918726261235983443e-01
1.008632137967728909e-01
5.109486665949407314e-02
2.653808519657956111e-02
1.392913547953745536e-02
8.814581599321642813e-03
7.045898591165809972e-03
6.395140740741907595e-03
6.314737692215012695e-03
6.423618933665020160e-03
6.543017949891329586e-03
6.648325985584539397e-03
6.728187561058402918e-03
6.776333063984823352e-03
