1.201135817403789607e+00
1.280974870917628738e+00
1.284555961080204201e+00
1.315256824700457461e+00
1.261159644993344875e+00
1.164397099353663645e+00
1.129841357831489645e+00
1.075472052620963348e+00
9.594256995161575263e-01
8.726260772121279263e-01
7.429938130864520707e-01
6.368585937379905859e-01
5.583265537140883472e-01
4.611985512132457665e-01
3.850528086673994932e-01
3.302076925026943832e-01
2.972309720859996340e-01
2.613845937956923438e-01
2.333970788631212212e-01
2.058472633850650102e-01
1.890558498527319664e-01
1.679582137876073078e-01
1.551076471386788891e-01
1.452105446413352596e-01
1.292002299854511649e-01
1.202573218989208964e-01
1.145052266662185542e-01
1.086905446709170303e-01
9.737748372826036947e-02
8.957393416694213462e-02
8.501835257093411091e-02
8.061502313677965104e-02
7.828909572825309970e-02
7.414292756779128357e-02
7.133772592142080538e-02
6.839858837972469241e-02
6.260328520169478050e-02
5.987885595942096101e-02
5.685589519418996624e-02
5.402766940214197983e-02
5.169962878843296916e-02
5.061634186389177281e-02
4.890837317956468061e-02
4.524627331735014274e-02
4.368698355931507904e-02
4.310234807922893457e-02
4.091750944378897553e-02
4.085757367845959526e-02
3.936094332589477884e-02
3.846429513334510830e-02
3.799190883658035145e-02
3.771363374959749160e-02
3.545153216523917739e-02
3.391497240308835592e-02
3.409978063051768288e-02
3.285191373203763532e-02
3.165429914262819777e-02
3.121069314552589111e-02
3.207494140680373917e-02
3.057231621520147338e-02
3.027472581330871090e-02
3.008481679215148363e-02
2.979121748971797976e-02
2.933618220903535037e-02
2.883677354510318439e-02
2.873954753592880204e-02
2.766593499849200402e-02
2.778354527380897873e-02
2.696360045729219793e-02
2.614593584953396610e-02
2.545880211418600700e-02
2.512767090731370112e-02
2.517936372052174271e-02
2.582328356933200758e-02
2.581352150946880988e-02
2.572281121586884878e-02
2.505020269823488022e-02
2.410974452775327403e-02
2.386031416118017390e-02
2.463191849787528531e-02
2.494357116994346327e-02
2.389583423505181950e-02
2.386421575576358825e-02
2.469469015429289621e-02
2.503882246294959757e-02
2.462930583482128219e-02
2.356836774543830809e-02
2.375369330461723702e-02
2.390896101307827398e-02
2.479504704180432798e-02
2.490121560808201268e-02
2.413862150525736272e-02
2.420486959013111103e-02
2.509828909833027727e-02
2.546773302778969697e-02
2.546574346713430595e-02
2.503034463331888643e-02
2.525687267362360447e-02
2.614659443059478075e-02
2.569578091615886545e-02
2.650787514721708593e-02
2.694842529657867636e-02
2.688888905761925574e-02
2.806827202925153350e-02
2.833567939573533589e-02
2.904458722478531901e-02
2.992360576588957641e-02
3.058460628099222978e-02
3.096168472108576722e-02
3.209404027478836297e-02
3.324450959581746329e-02
3.342439109930883667e-02
3.345785357272990090e-02
3.407848785978245115e-02
3.650385797364729540e-02
3.724594562109093815e-02
3.794998538135208738e-02
3.893150402021496731e-02
4.084494082593036202e-02
4.228032710478241141e-02
4.209802847388205427e-02
4.423036313318390311e-02
4.678208004325325881e-02
4.869386199021340234e-02
4.942350929471025361e-02
5.032094002962294449e-02
5.250892092294974500e-02
5.499239923481198666e-02
5.912628684513428212e-02
6.465538016772072460e-02
6.706677908481530059e-02
7.058974582029520217e-02
7.537930296175847367e-02
8.076421107702190516e-02
8.519644890064956289e-02
9.364291144720313098e-02
9.756909619736439665e-02
1.062204179897597023e-01
1.184989869243580629e-01
1.291019348588730298e-01
1.411489371670985316e-01
1.593723410139431251e-01
1.768935372133635109e-01
1.993106805619685729e-01
2.359252338851590691e-01
2.639513784415501996e-01
3.028202014696242395e-01
3.665957355842123788e-01
4.358125801736302263e-01
5.388701230361923056e-01
7.178333373697987074e-01
9.503792470951271110e-01
1.377729423508586404e+00
2.103866312891279122e+00
3.858815007456198654e+00
1.024670899178678773e+01
1.945023741541688480e+02
2.034455986055342009e+03
1.367594161978711554e+03
4.174345079661119229e+01
6.071571713373060675e+00
2.623794642886135176e+00
1.510907142918260115e+00
1.022285461893502001e+00
7.296490491117894051e-01
5.266390239360533299e-01
3.990964131525893688e-01
3.228787170161224185e-01
2.596197533898906284e-01
2.187073800876130347e-01
1.879644864019376638e-01
1.574723094052311867e-01
1.319354815905607048e-01
1.144694088264496951e-01
9.965618620394246785e-02
8.823560570545452286e-02
8.084523231490295392e-02
7.274311485882080375e-02
6.361962936463040619e-02
5.589756396936235161e-02
5.119951243684425779e-02
4.728595776927756872e-02
4.231336497272426139e-02
3.881720343233553000e-02
3.569494578924842926e-02
3.300837222426181855e-02
2.943896108761301367e-02
2.731407028483336455e-02
2.598857993630120447e-02
2.390953295256564165e-02
2.257849513710755499e-02
2.112288379496798582e-02
1.994531570276474389e-02
1.908007127996654007e-02
1.743015457322445033e-02
1.631343268657458809e-02
1.518388007927697070e-02
1.414451661420965643e-02
1.349988487621235460e-02
1.268666203492073430e-02
1.197478693552919519e-02
1.147342103235059543e-02
1.099318293191967229e-02
1.048754635606466076e-02
9.752737635503716529e-03
9.316421665495119159e-03
9.028492441107044061e-03
8.696559506676186657e-03
8.081864521094942605e-03
7.740246727591808956e-03
7.344785335413103917e-03
6.944283418472268869e-03
6.774360163325609217e-03
6.487828396084621869e-03
6.328376172193426324e-03
5.728407329636366410e-03
5.564230901547664518e-03
5.324880450325063415e-03
5.229697664194978696e-03
5.002645423971475123e-03
4.795512623409407468e-03
4.716094648281175805e-03
4.550547142686031665e-03
4.409295955644815593e-03
4.099458068392390110e-03
4.058228569895835046e-03
3.933997394962293614e-03
3.851758675064688008e-03
3.679075700375604701e-03
3.465410795139528804e-03
3.311378159772876157e-03
3.243777754895979699e-03
3.217179786202692057e-03
3.036225591763047887e-03
3.024002811520069486e-03
2.904851879400225344e-03
2.808239403362432999e-03
2.682313228296438583e-03
2.633350574699093883e-03
2.575051293460237090e-03
2.480389031982186375e-03
2.401302086467839957e-03
2.354803810135613473e-03
2.330019085346826842e-03
2.233823566962105534e-03
2.135524625795397462e-03
2.079368592518498517e-03
2.003221685748029449e-03
1.977635836499874299e-03
1.903156184827023293e-03
1.940062690653457595e-03
1.885160772290812772e-03
1.760413976452764517e-03
1.705459607938526875e-03
1.683883874471429681e-03
1.613831701544993572e-03
1.638224020396479184e-03
1.642370295500714160e-03
1.575774897750015875e-03
1.485087012952175959e-03
1.445160314696019264e-03
1.429632215874193212e-03
1.384290381242888430e-03
1.292429283514267722e-03
1.308690746366838933e-03
1.325850003097982970e-03
1.238266208662009782e-03
1.219668732828184344e-03
1.239570772521426771e-03
1.181928696937365733e-03
1.112578008784894171e-03
1.095838550574649911e-03
1.093175535660188564e-03
1.063462537036965290e-03
1.037453602714209734e-03
1.029749504253908753e-03
1.018338271121578889e-03
1.002445164539244021e-03
9.726697459354683491e-04
9.209065288860455089e-04
9.442606186046067097e-04
9.075513652442624996e-04
8.919248142790172544e-04
8.637633423040956895e-04
8.351588239281470790e-04
8.267923533652192687e-04
8.212135653444949590e-04
7.885387250091254125e-04
7.868204243477707133e-04
7.844654892059199462e-04
7.627006004115429111e-04
7.532337506009942991e-04
7.610265292160676032e-04
7.528553727320277250e-04
7.284006325222729811e-04
7.098664381957844232e-04
7.051434407412148810e-04
6.802683946288198965e-04
6.666799314891028562e-04
6.523565969451780621e-04
6.429525774084909407e-04
6.299394957634237360e-04
6.353249858631974381e-04
6.189497956134303210e-04
6.055847199048004260e-04
5.931827296461263284e-04
6.012003878636851565e-04
5.961447842361391938e-04
6.098783929467064277e-04
7.640110889173062306e-04
6.464505235842017304e-04
5.585257090309467308e-04
5.794682503388600770e-04
7.019111091408175270e-04
2.822912920595305620e-03
3.805834445172605936e-03
9.237383428597940611e-04
5.525488768233396660e-04
5.256478929300733779e-04
4.950433979426186598e-04
4.740212215692582551e-04
4.748302871659289270e-04
4.698969481403238776e-04
4.576349381818519248e-04
4.487554896360603299e-04
4.498432604704810764e-04
4.298629820281113208e-04
4.316860414225297130e-04
4.228583768795927153e-04
4.219755481705354913e-04
4.021816143234791755e-04
3.996385807212709412e-04
4.114679273597647135e-04
4.028287034526989636e-04
3.904612895550779272e-04
3.895288821204701902e-04
3.856795831777131431e-04
3.825412072119465171e-04
3.733605093536989652e-04
3.598241981041215565e-04
3.537467711234048196e-04
3.533061662374406510e-04
3.473535789105780102e-04
3.567595635799418333e-04
3.486862898135736541e-04
3.289743879158749844e-04
3.246013014323823010e-04
3.245014977758439159e-04
3.310359779143598729e-04
3.444210236453328989e-04
3.397779954943703508e-04
4.098328555797461047e-04
4.105112788544023109e-04
3.085664034195309351e-04
3.054501765227988987e-04
3.054578557929634309e-04
2.973183921949985658e-04
2.956601670718882777e-04
3.168631616055416845e-04
4.016715917375130850e-04
4.851031403913867962e-04
3.181590408639117969e-04
2.911576066700407054e-04
2.788512153639402676e-04
2.655899995736705197e-04
2.643557046160143246e-04
2.677380739408798441e-04
2.681765179701888369e-04
2.730977698699438684e-04
2.667152919865264254e-04
2.525009325629746083e-04
2.480071450515817610e-04
2.467225573993502008e-04
2.532954492086457649e-04
2.470840087973604719e-04
2.450490751021123592e-04
2.393311054155148210e-04
2.319030112777655515e-04
2.267019677355934255e-04
2.302581709513974370e-04
2.285450266025634966e-04
2.297885574137083198e-04
2.304639636310296049e-04
2.239468212484544004e-04
2.201879304965931588e-04
2.203491759664221524e-04
2.210507014148287044e-04
2.137136305551587108e-04
2.083060061245111435e-04
2.130401417272435817e-04
2.110020380738642756e-04
2.041070946255074377e-04
1.987364721202250788e-04
2.009209760202701326e-04
1.954941974732546763e-04
1.952982842849840077e-04
1.875513457781767827e-04
1.859734347661184007e-04
1.876568060825183006e-04
1.868228580103200817e-04
1.831112305430794617e-04
1.816236875265862057e-04
1.769800159950831364e-04
1.724532588729506743e-04
1.696923667180401721e-04
1.636672520165304912e-04
1.636551584051208254e-04
1.581067348043576942e-04
1.607035269174647617e-04
1.587124876362267347e-04
1.552193764304385566e-04
1.558035684495858364e-04
1.491216177008603211e-04
1.460444808632466141e-04
1.522554917200811414e-04
1.474862547461654096e-04
1.394247164749673798e-04
1.416536597372846534e-04
1.416632163206195546e-04
1.340515178137216643e-04
1.339678912012355844e-04
1.330413470243144787e-04
1.309530125102339017e-04
1.315412029061727595e-04
1.326954108519042312e-04
1.285347481269332056e-04
1.300562743235035318e-04
1.295720567714487063e-04
1.301379124780399903e-04
1.286852836484878005e-04
1.305379040180537349e-04
1.382777392790865878e-04
1.404995393763522143e-04
1.430513229542474611e-04
1.476433590062206484e-04
1.505191317703176120e-04
1.541784407772995203e-04
1.598101968030345653e-04
1.674689787832676414e-04
1.737632917967134837e-04
1.889218184218923932e-04
2.033326075563217101e-04
2.107882004896294303e-04
2.218982647694547016e-04
2.442401934087014954e-04
2.524934894886113291e-04
2.678904038025306500e-04
3.000183782761911729e-04
3.379098234487867033e-04
3.842636876699388727e-04
4.293867883442236398e-04
4.614785140875485477e-04
4.974524323874924625e-04
5.429991934162829454e-04
6.058264902807028191e-04
6.969024816478596200e-04
7.907210252381445623e-04
9.009584196100716130e-04
1.062419154538731848e-03
1.163126890338947537e-03
1.362707408878606865e-03
1.657101766834250629e-03
1.902350464555363063e-03
2.221785723695185368e-03
2.597611438238688498e-03
3.084739859040110284e-03
3.698821604300496502e-03
4.405846621646095432e-03
5.178089484439767250e-03
6.001696757593153950e-03
7.321566193388937514e-03
9.832552170699988478e-03
1.335436309996392359e-02
1.509536589796224224e-02
1.786487070832939311e-02
2.240670059419634999e-02
2.779172471445986656e-02
3.400977125959473574e-02
4.305036045867061817e-02
5.586594865507003155e-02
7.257533614718360282e-02
9.425086701443145809e-02
1.217569714540132908e-01
1.617149222199294745e-01
2.200793984263305636e-01
2.944999000543776502e-01
4.093552579770270428e-01
5.546730162164796862e-01
7.538327968020229752e-01
9.637622960029651464e-01
1.306676791064873999e+00
1.523381800751565818e+00
1.677311180190593776e+00
1.536979215282449740e+00
1.175769133430383695e+00
8.158814560056070198e-01
5.026903103623354685e-01
2.925938685655041782e-01
1.611246929186305743e-01
8.564474983947703568e-02
4.413694899685461498e-02
2.310048295928143758e-02
1.313272603448453930e-02
8.792775077027961336e-03
7.245503528714892540e-03
6.772706811608015035e-03
6.778070445421321109e-03
6.884376148117846324e-03
7.015380674484174121e-03
7.123529237536627493e-03
7.203662990037297369e-03
7.252976702129524181e-03
