1.116935969743939161e+00
1.296647681951994313e+00
1.285251809025325542e+00
1.228912756740205392e+00
1.116191430547114782e+00
1.000299951428152090e+00
8.625207669343304406e-01
7.637058293073673010e-01
6.371120665847787023e-01
5.179932920816457953e-01
3.732387154276559094e-01
2.852933680290025142e-01
2.418467339461746468e-01
1.822633254820778537e-01
1.468477852424867336e-01
1.189803163648180812e-01
1.033995980618060279e-01
9.311866318250522356e-02
8.207405914236463873e-02
7.148923954339937714e-02
6.917264771609805962e-02
6.180771406341392660e-02
5.857337733604130875e-02
5.698899302374427212e-02
5.488791259474381373e-02
5.364903115646397352e-02
5.145594789372401334e-02
4.986792001845578165e-02
4.800941664377086221e-02
4.678926229279268406e-02
4.880518222521591787e-02
5.078777784947283158e-02
5.201573714332791143e-02
5.288621086291822593e-02
5.553528178071343024e-02
5.659863306527781329e-02
5.835504137059498164e-02
6.289079656633626836e-02
6.781139249071241326e-02
7.351323824699326770e-02
8.193031761282867920e-02
9.287311931840805390e-02
1.050892942729178131e-01
1.186625447247153936e-01
1.419745231847029110e-01
1.802068157698006601e-01
2.317325283726461849e-01
3.334414207373854744e-01
5.333252486594798336e-01
1.112056248602419695e+00
4.851238832279817004e+00
1.941704571863261322e+02
3.391887952475766724e+03
2.799074796956145292e+03
9.138872594389673054e+01
3.160080617136194814e+00
7.498525294528958218e-01
3.487215745422864721e-01
2.164589809603602033e-01
1.414429132350193130e-01
1.019897240912918668e-01
7.752693002114473264e-02
6.047690731206945697e-02
4.813352211803538505e-02
3.924308571084385300e-02
3.232372497002902051e-02
2.645742759932717333e-02
2.265751521702743035e-02
1.924281636121922753e-02
1.610627653888934904e-02
1.391728135337585472e-02
1.228147639875259295e-02
1.087239463703353580e-02
9.836690992229330313e-03
8.849830455637398841e-03
8.072181110762995451e-03
7.104291897156249889e-03
6.183993362052774521e-03
5.542913749037349513e-03
5.153078771916037339e-03
4.764908602285405567e-03
4.248151339373719589e-03
3.941580607929788191e-03
3.743052845837557732e-03
3.508282210370457319e-03
3.191323146792058793e-03
2.817862949520843867e-03
2.641577551252789497e-03
2.431398081321580959e-03
2.314615404999313068e-03
2.191409380139367098e-03
2.017078624229505599e-03
1.887270926121964627e-03
1.825069336969724386e-03
1.729002396800871991e-03
1.601185633716398563e-03
1.457048821724809358e-03
1.377490957195645757e-03
1.354517245388386871e-03
1.286898548557736640e-03
1.225637178556368600e-03
1.110307454293516481e-03
1.085161041626189109e-03
1.187508287194080246e-03
2.651387661517323399e-03
5.605848273815187618e-03
1.834608734942928506e-03
8.826426139983483635e-04
8.315485603845842099e-04
8.190712485114738694e-04
7.826466974778867672e-04
7.419373014791369242e-04
6.755038173304737416e-04
6.341587194074521303e-04
6.566184402650884723e-04
6.277171556260899982e-04
5.983400922035268712e-04
5.747864445505193164e-04
5.520110421920207486e-04
5.309236325129518307e-04
4.931106006532958190e-04
4.812942893334252233e-04
4.627057360218830308e-04
4.436709549793381880e-04
4.255257690526327769e-04
4.059856570502090914e-04
3.807653936523723950e-04
3.749557026944747148e-04
3.898469665466802107e-04
3.794568948195841730e-04
3.551680725318463044e-04
3.502178178368680500e-04
3.400247724135604900e-04
3.267564375780747810e-04
3.092224752895274091e-04
3.044934851882983109e-04
2.826343514107768117e-04
2.844327487778385509e-04
2.745118299391906291e-04
2.591712979219149915e-04
2.572194739258105338e-04
2.614493594444109456e-04
2.440018973011638833e-04
2.307305760749328550e-04
2.285771927804648403e-04
2.190554285608387899e-04
2.181615456337897784e-04
2.124295224321370835e-04
2.065164666417794025e-04
2.051195669484730309e-04
2.205463914305750043e-04
2.026167287611890897e-04
1.921223033937908046e-04
2.130521200373196083e-04
2.430534609416512136e-04
2.189339517577946863e-04
7.331164691671976244e-04
6.095614209714980691e-03
4.130299546626461579e-03
2.771212619677627682e-04
1.737294089858608739e-04
1.600036489948631192e-04
1.516956910044517414e-04
1.520096355075433055e-04
1.534928376407771616e-04
1.459946490689493159e-04
1.342197975181758042e-04
1.299340277071494340e-04
1.273785320744488575e-04
1.300805750922468288e-04
1.297629983932234909e-04
1.301237413524487503e-04
1.244500210340381615e-04
1.184130413228521829e-04
1.187655743200973310e-04
1.166787357918684973e-04
1.145602316107333736e-04
1.180024430872707715e-04
1.160670306791880568e-04
1.107155133478024444e-04
1.078237835888092505e-04
1.011612861013798538e-04
9.958825172168008996e-05
9.862112791839549740e-05
9.887360271144296942e-05
9.986058530298481310e-05
9.695059192665463565e-05
9.846251708137693649e-05
9.032070516410477755e-05
8.621775514760867429e-05
8.713616114918538644e-05
8.807549596613209540e-05
9.073908187568196105e-05
8.788105473071333674e-05
8.140657795902444302e-05
8.245463901271502330e-05
8.074118072739233935e-05
7.604585773169896131e-05
7.488820571560505124e-05
7.609149673504967293e-05
8.903796010561233103e-05
9.890551831370498733e-05
8.068960867810481212e-05
8.014421352607740457e-05
1.207773282519155841e-04
1.018159801238917967e-04
7.126827522503011310e-05
7.153765807359423700e-05
6.707540584965061641e-05
7.220883570461443480e-05
7.895229064583156558e-05
6.747440027803483693e-05
6.490821736513832207e-05
6.408029550248295315e-05
6.369914260861565922e-05
6.176418954670286434e-05
6.087917255256290695e-05
6.196147737965209659e-05
5.997601438552308320e-05
5.950150899816617780e-05
6.247223308038117519e-05
9.154216733555631236e-05
8.739618385218953683e-05
6.042930690940317886e-05
5.469474500160951142e-05
5.500260962930791778e-05
5.433530576504984295e-05
5.460716829316159996e-05
5.326460635048421683e-05
5.076983111533115345e-05
5.160036320669981054e-05
5.116898271143922351e-05
5.087210860443712641e-05
5.079287478834443488e-05
5.041714314575659585e-05
4.756098676516726291e-05
4.868908439660557010e-05
4.657897470922468943e-05
4.665047893835618713e-05
4.612992376964066818e-05
4.871797870831393788e-05
7.119755919274242033e-05
8.302119872404754288e-05
5.151480622034770645e-05
4.623955806694214751e-05
4.541526007939357309e-05
4.527107349194042573e-05
4.386698014339815541e-05
4.283852689772753476e-05
4.188041162013809933e-05
4.657459552356246161e-05
7.743750459592454408e-05
6.081458986353046096e-05
4.150774283399430881e-05
6.188396894930222626e-05
9.839187290074621927e-05
5.636799931185852746e-05
4.211554814155137380e-05
4.169677475104998499e-05
3.877142605763615084e-05
4.022667417138567971e-05
6.302782440877890556e-05
1.750128140696787708e-04
1.032201054385868075e-04
3.820957396459504239e-05
3.693135844612324963e-05
3.572630124185687483e-05
3.598065515469749928e-05
3.636354398425348006e-05
3.599299632775962410e-05
3.367646606315512437e-05
3.289468310377341703e-05
3.332711128877599999e-05
3.377314300400397341e-05
3.298303767738126072e-05
3.366214749178773511e-05
3.366993654793906714e-05
3.498977191583409522e-05
3.311216006722065170e-05
3.124847821632637077e-05
3.336564932634803051e-05
3.241822158556122006e-05
3.321499428850729912e-05
3.140806778906608294e-05
3.022900176380717021e-05
3.142736138363336825e-05
3.107408744184152216e-05
3.080157470468830377e-05
3.175434473646269161e-05
3.040661343221190730e-05
2.915987675295384429e-05
3.061372610137226525e-05
3.210850548721611562e-05
3.060176482446371084e-05
2.933504666194790874e-05
2.995044902370407587e-05
3.080831562932481439e-05
3.008522690518834798e-05
2.878234417943559598e-05
3.016646930114359607e-05
3.409030324876127370e-05
1.071393726370994731e-04
2.258914089149069904e-04
7.593647125642139081e-05
6.468264679229862233e-05
3.846752104543987665e-04
4.158797420389839360e-04
6.170585169490532256e-05
3.292482122593659024e-05
4.099024623630264123e-05
3.283544066196028371e-05
2.693278600113979370e-05
2.910551702425403722e-05
3.304467242663626096e-05
8.934546975094416314e-05
1.146312830748573311e-04
3.824890019729918687e-05
2.912143853690035748e-05
2.861929389750384901e-05
2.678882733354955752e-05
2.464814054498722714e-05
2.409694184397754877e-05
2.458278689521620932e-05
2.365859738165391926e-05
2.338018068099317027e-05
2.390316193985260156e-05
2.233745682607224332e-05
2.324923718192709046e-05
2.360739816310211122e-05
2.328375410718322701e-05
2.312633360914240511e-05
2.249342242527697130e-05
2.429221748758521985e-05
2.519521466283558764e-05
2.588036326316354410e-05
2.523052118439275972e-05
2.453977055958299892e-05
2.340062123367994923e-05
2.395516823309743257e-05
2.467757200157378290e-05
2.398506270148344514e-05
2.427035870616132810e-05
2.490526650331909039e-05
2.478158231289312110e-05
2.546929629345235480e-05
2.452779317940662659e-05
2.561454214729021195e-05
2.553764652142804107e-05
2.588719433290349644e-05
2.748061181716401007e-05
4.541555625438035770e-05
2.171974206257414595e-04
2.792689531897283163e-04
1.059939253892017223e-04
4.630336796724388780e-05
2.397854080624651748e-04
9.054901574574968082e-04
4.073778526859701170e-04
4.863007369577002710e-05
3.177500753855130568e-05
3.110374124750887902e-05
5.907913876564801472e-05
6.129099040911839666e-05
3.210062693305362221e-05
3.502417659324164593e-05
5.444096360975819000e-05
4.008878296712195294e-04
1.364071930656623717e-03
5.255825846605881963e-04
5.333184637082398618e-05
3.334351649707212420e-05
2.895986262829539583e-05
2.683184058098095790e-05
2.510974120006922956e-05
2.266431624648780019e-05
2.220640110905334466e-05
2.252102840669991174e-05
2.077084164335277886e-05
2.058987255699140461e-05
2.016048515095943513e-05
2.073994214766276849e-05
2.201863363561080956e-05
2.188534907062575897e-05
1.975636075707556139e-05
1.979459902634134140e-05
2.035990481003692890e-05
2.014593496318743186e-05
2.069623184173621132e-05
1.932124096404192276e-05
2.040619961843579216e-05
2.159019489266730026e-05
2.109936871588918308e-05
2.029270274065885854e-05
2.180889727951615528e-05
2.122247817815367033e-05
2.228360635457449115e-05
2.112605682349764946e-05
1.935202201776193588e-05
1.823193609178004073e-05
1.867997990010296301e-05
1.909719862747536514e-05
1.998775676562901350e-05
5.501825787182227832e-05
1.564231786182454552e-04
7.378022765940668180e-05
2.947009024963319335e-05
1.191308286944982558e-04
1.776586515574702209e-04
4.421545436241330364e-05
1.796104750623490068e-05
1.488562413187086911e-05
1.438215209036096963e-05
1.547552004471626437e-05
2.255054248744295671e-05
3.754599241539882914e-05
2.284939122944776150e-05
1.671710512380444291e-05
1.692298411983975958e-05
2.328482649478637691e-05
6.449045682749290844e-05
6.354881923594176178e-05
2.063022770793260200e-05
1.460823042686470227e-05
1.450724172457726136e-05
1.335751560629574121e-05
1.207630238917175963e-05
1.219842204231811517e-05
1.185623850639847035e-05
1.161545984817107190e-05
1.146107926180636805e-05
1.133243015444437977e-05
1.098646282470907712e-05
1.060701986328108788e-05
1.038705889141924330e-05
1.051384663859950283e-05
1.081457842756317989e-05
1.063778316708245830e-05
9.935975410151150260e-06
9.863068308752472179e-06
9.904959223759142296e-06
1.040349446553299394e-05
1.089021675439950811e-05
1.045950336190362088e-05
1.113214525158019431e-05
1.128572464406701580e-05
1.185173883485408663e-05
1.263938785414569204e-05
1.477154076357730346e-05
1.601293203989262397e-05
1.766997543794301698e-05
1.734921546218926128e-05
1.940365075408472713e-05
2.973378113576969259e-05
1.460936810566277862e-04
2.473604815788814446e-04
7.243411441954536283e-05
5.501749644896480136e-05
1.903547473409105653e-04
1.781833326407607730e-04
5.163344996182570512e-05
4.265619347316447040e-05
4.496819689103882616e-05
5.003468829876866401e-05
5.628508062026505571e-05
6.484654921105554909e-05
7.533908298202926621e-05
8.729642606697361209e-05
1.030197524814442721e-04
1.197361280092802661e-04
1.364959094473096291e-04
1.635708304631884320e-04
2.091252736712401574e-04
2.657442539971101780e-04
3.187142274368379700e-04
3.888580894750416975e-04
4.916905082914595172e-04
6.015384233955952623e-04
7.342884425311896855e-04
9.311831598313657313e-04
1.208673561142192343e-03
1.569016230090325165e-03
2.034336252533964530e-03
2.614862293874141517e-03
3.480550454598053869e-03
4.737214085790567367e-03
6.325895081604258723e-03
8.772099109443492679e-03
1.190187296472331596e-02
1.613914573487928994e-02
2.063016538101166558e-02
2.799344511103477040e-02
3.251463168912541862e-02
3.602721698668701067e-02
3.276309304810416656e-02
2.514701155347020753e-02
1.740346920586422971e-02
1.072381787216986591e-02
6.186005985549526166e-03
3.414286402568123251e-03
1.764131278883092780e-03
8.734559273559473281e-04
4.194425216412225269e-04
2.007847504819018777e-04
1.076615198638296896e-04
6.581313331558741222e-05
5.324710069450768428e-05
5.023078797865365919e-05
4.896874250016649671e-05
4.922870452104868144e-05
4.949249502348929483e-05
4.969425325794163184e-05
4.982585009310314090e-05
