1.574009045720049649e+01
7.131456362789259096e+00
7.949920813957322530e+00
1.216499818396388299e+01
1.769931747593140514e+01
2.342446019119422829e+01
2.977873006000739764e+01
3.719502097247072214e+01
4.225144280802349073e+01
4.444928989088531068e+01
4.299446921894013229e+01
4.026053240405436640e+01
3.732035482247794533e+01
3.286442819516206981e+01
2.940546510721507545e+01
2.630957833403647328e+01
2.408850939149301240e+01
2.154493973131095430e+01
1.951505136034095855e+01
1.737493209455251986e+01
1.607971718553161367e+01
1.416338963703153020e+01
1.329681426451480064e+01
1.249292814143678854e+01
1.130070323516549458e+01
1.065928035595656276e+01
1.015840363015806425e+01
9.491833487056949181e+00
8.487503697040502004e+00
7.888690133230639390e+00
7.548567159891645062e+00
7.227467707484963810e+00
6.941558291972560468e+00
6.508216568410018610e+00
6.410235176215716812e+00
6.020684133485158185e+00
5.507575441114087589e+00
5.274462848726287234e+00
5.105441117805036733e+00
4.821425371343590172e+00
4.656928647339045213e+00
4.555688110685502501e+00
4.347589098303063615e+00
4.060091113340346780e+00
3.918443522349786434e+00
3.871121503147895382e+00
3.668937105575756252e+00
3.660160370414966113e+00
3.578227422628155630e+00
3.470359812768949670e+00
3.423746401516327698e+00
3.430326946805273280e+00
3.196703245358804679e+00
3.060336960870051470e+00
3.070963790666441096e+00
2.978615918583503497e+00
2.876043660966158377e+00
2.830745107952312267e+00
2.888366082950107216e+00
2.767761857651496626e+00
2.738695326042761558e+00
2.732168789234505457e+00
2.723374702481395904e+00
2.672705768382403146e+00
2.641576864307450645e+00
2.617872372864463504e+00
2.528077879543407125e+00
2.523651150301920332e+00
2.461580318863302530e+00
2.398764866808507090e+00
2.358107018856658410e+00
2.334102485063692889e+00
2.318256530738940668e+00
2.347527876724876172e+00
2.348358547859730194e+00
2.363163290241948822e+00
2.316931117732673684e+00
2.227989024787099481e+00
2.186720816936531087e+00
2.251789579527043283e+00
2.276012239138047288e+00
2.198281413782292137e+00
2.207735503767473961e+00
2.272276403183616011e+00
2.289115480227797761e+00
2.256555535786625377e+00
2.177320210812764056e+00
2.180310289041149652e+00
2.192505650847981880e+00
2.277588743614432865e+00
2.289055468062826115e+00
2.229775541805707029e+00
2.249790051393867341e+00
2.312783777100742455e+00
2.346241073497189245e+00
2.352947928004625044e+00
2.316751401636237606e+00
2.330651666818276180e+00
2.422357550035388218e+00
2.394000084760167901e+00
2.455479266916223757e+00
2.493686392055298739e+00
2.498401676522266968e+00
2.609999609106493867e+00
2.634257006045491067e+00
2.692691191261047390e+00
2.776184044468581025e+00
2.826712839558811030e+00
2.876052813821937892e+00
2.974693049232012498e+00
3.088762925667660753e+00
3.100322551606845334e+00
3.100328955989901658e+00
3.174041758840158156e+00
3.406248229030918839e+00
3.483887473176098037e+00
3.542210478964451070e+00
3.634466566060112758e+00
3.814211621154843357e+00
3.944332006171702432e+00
3.920045484837192618e+00
4.116891068757613681e+00
4.375301803086967034e+00
4.544239688865288507e+00
4.612030992983358502e+00
4.703466376017654937e+00
4.915486603771955565e+00
5.151690488208751084e+00
5.540145029097619300e+00
6.040869255314216701e+00
6.261250391746624899e+00
6.594073441701538307e+00
7.055449048327838923e+00
7.563405623607396322e+00
7.968391335845938173e+00
8.751091954564239828e+00
9.132057531459970789e+00
9.962074594627043922e+00
1.110614099264172872e+01
1.207432282345547314e+01
1.322263811698953262e+01
1.494204541339172110e+01
1.658719860744686514e+01
1.867654572076775921e+01
2.211373929448560816e+01
2.472929240876088386e+01
2.840598585895164518e+01
3.439212149180774247e+01
4.087823515977627409e+01
5.055924449190671766e+01
6.742077912367227555e+01
8.925925176857909094e+01
1.294563502233728229e+02
1.976395253328719832e+02
3.625311608519915580e+02
9.639832387839104513e+02
1.845424139483576073e+04
1.929411423757050652e+05
1.295182707306015800e+05
3.932842016466428049e+03
5.711661536709926850e+02
2.467496761167112140e+02
1.420883442664096208e+02
9.607883718453595634e+01
6.864159797909881888e+01
4.956699074289084450e+01
3.754325146027425575e+01
3.038968048860519033e+01
2.442876963880002350e+01
2.057453518270571280e+01
1.770181733851335792e+01
1.481973864137692587e+01
1.241530940801379401e+01
1.076409744757837927e+01
9.390203389855754423e+00
8.293025299977061948e+00
7.608621129819348461e+00
6.851755237859838310e+00
5.992997803304763949e+00
5.274411673484876495e+00
4.831203687284039816e+00
4.458313148423719952e+00
3.978397963912183588e+00
3.657228488067733263e+00
3.363572528513735005e+00
3.104337982054457434e+00
2.778189295631581235e+00
2.575658752367125270e+00
2.449128344319195349e+00
2.250729245358596309e+00
2.126860503657621582e+00
1.984273765246062693e+00
1.872737350537135415e+00
1.792873676614604950e+00
1.635361725790881904e+00
1.532877271088071147e+00
1.436440680325431485e+00
1.334317351611566949e+00
1.271700882232317920e+00
1.193744587588095207e+00
1.128336316757426738e+00
1.078204087553036761e+00
1.032887048043744205e+00
9.917620222507699257e-01
9.188839872031130396e-01
8.805019377831740934e-01
8.511176242852215301e-01
8.208992239931611756e-01
7.579603836907783387e-01
7.240907444644516522e-01
6.890114016857049606e-01
6.529045622195412957e-01
6.355054439357817886e-01
6.103667975118367561e-01
5.961619508859851146e-01
5.400956682116230256e-01
5.225599733860385454e-01
4.991908458417463890e-01
4.916016577615495708e-01
4.718904319001626657e-01
4.500228484554229524e-01
4.414872298901537095e-01
4.264290494031334200e-01
4.158380259920192445e-01
3.858634495363167383e-01
3.794139523299893679e-01
3.689848828760965427e-01
3.629802268968549406e-01
3.471438595392918880e-01
3.233613818333556655e-01
3.102813111209429819e-01
3.044105205317192420e-01
3.024495200683805507e-01
2.868093814350745063e-01
2.841674301711647477e-01
2.730327485465330883e-01
2.652432062370110866e-01
2.515203596781006579e-01
2.474466841664439976e-01
2.422522044635819771e-01
2.324812025579884589e-01
2.250374377512955326e-01
2.189765541832486562e-01
2.192407254405252526e-01
2.109088065449086224e-01
2.031408140055747935e-01
1.964330556795062799e-01
1.881759671972579595e-01
1.854456079626630727e-01
1.775953862508801162e-01
1.815927477159279269e-01
1.771843299865331900e-01
1.671397735813332786e-01
1.603443355016772043e-01
1.581973707851084543e-01
1.514284154463816923e-01
1.527853014973081514e-01
1.541548025690974433e-01
1.470597338082464955e-01
1.392587012593663465e-01
1.364023038364723661e-01
1.349603553853505056e-01
1.301782991631171560e-01
1.216164645021780844e-01
1.230515041518112918e-01
1.239759087698017320e-01
1.156641448778888692e-01
1.151796855644826728e-01
1.169403220332268373e-01
1.113804126420183532e-01
1.046853880729074621e-01
1.031651870721122799e-01
1.039591639527448763e-01
1.012431230765788864e-01
9.851372889236313657e-02
9.662908691178516418e-02
9.596165228957445614e-02
9.491602898259798859e-02
9.206887224834320316e-02
8.821394452051511959e-02
8.972122915108680929e-02
8.567094263606485349e-02
8.500707798861929787e-02
8.296692175350470211e-02
8.037642583390584849e-02
7.895173205368664904e-02
7.841744568654600289e-02
7.641467736858102711e-02
7.529281407840825169e-02
7.473648098972690557e-02
7.394342734283135266e-02
7.286806432906017816e-02
7.398011121663326806e-02
7.326008137759229544e-02
7.080911964950518944e-02
6.941846394151145183e-02
6.979014058211645277e-02
6.761682263731019771e-02
6.511886211055699369e-02
6.449721087007288800e-02
6.473950703262583428e-02
6.346057056388453022e-02
6.392209175573862479e-02
6.277069263698155377e-02
6.332539328772723852e-02
6.282478322627152445e-02
6.501496887747321152e-02
6.721067559394924840e-02
6.870120491323163103e-02
7.540478141715675764e-02
8.042324727233300663e-02
9.511271062402454346e-02
1.430735804113133502e-01
4.833982649049431424e-01
5.154094667416725173e+00
7.113883440678825387e+00
8.716391590009282542e-01
1.180997332976679026e-01
7.255463400257408657e-02
5.706770503574348091e-02
4.928697050358946119e-02
4.663516686943124795e-02
4.475268187263816561e-02
4.232829789432947937e-02
4.140400298227193271e-02
4.070515303285170139e-02
3.866037664619832032e-02
3.856845750315372745e-02
3.772529603994812658e-02
3.728891419223408221e-02
3.560299749370607336e-02
3.552153060151383435e-02
3.652352111092026926e-02
3.606713378720742547e-02
3.524129937288839054e-02
3.500316574712718232e-02
3.421724967472995066e-02
3.328562009988303427e-02
3.279391715048726730e-02
3.232326971940541194e-02
3.181900776336384767e-02
3.133292359477056477e-02
3.096787821530792850e-02
3.133620942437982670e-02
3.099790609729805718e-02
2.969378937986052666e-02
2.902088491296061015e-02
2.844431993494982505e-02
2.868857831985767090e-02
2.919551871393607015e-02
2.911587944397334496e-02
2.804079025489620430e-02
2.710749323191100069e-02
2.649118328894639260e-02
2.682132575349500947e-02
2.698735990910976212e-02
2.636421030664703319e-02
2.617949821202399802e-02
2.673571743771702841e-02
2.700076948061889276e-02
2.771478128240846550e-02
2.538698284774992125e-02
2.473965933614334298e-02
2.490681758005083152e-02
2.411335024520816842e-02
2.383664876772771321e-02
2.368404608920357882e-02
2.350364124206372196e-02
2.381004917254286868e-02
2.348266932549267563e-02
2.265702678749310917e-02
2.232141501761579841e-02
2.201166169377440432e-02
2.239845129442637889e-02
2.159704699641710676e-02
2.135779020966534908e-02
2.129551279481210410e-02
2.070384475182203074e-02
2.046327337965466939e-02
2.024244214864315619e-02
1.995517905639824369e-02
2.044897552646002259e-02
2.015685037827217793e-02
1.935763629647570608e-02
1.904609036833932595e-02
1.924255755154307204e-02
1.923450410625620124e-02
1.885788448005471657e-02
1.847503421468198528e-02
1.865941917187065313e-02
1.864013765382513052e-02
1.801112437300223662e-02
1.754056054599247017e-02
1.754010184656413715e-02
1.711556742524223892e-02
1.730359368322195029e-02
1.672395326576028157e-02
1.655111928462521531e-02
1.646638323352455496e-02
1.601345555009094090e-02
1.580856877625754289e-02
1.580654316120165548e-02
1.527875186826972015e-02
1.505902418564180126e-02
1.482073035648475735e-02
1.429773652594117962e-02
1.423985169188348235e-02
1.367987460510534242e-02
1.395480961740175330e-02
1.381873037228653622e-02
1.324390616191411900e-02
1.327524429969188617e-02
1.318614198476205680e-02
1.290065632097613622e-02
1.325898486239360761e-02
1.264906789469155170e-02
1.193014387686611513e-02
1.233677849644298184e-02
1.235662687553481034e-02
1.164318823182985269e-02
1.162732904631539471e-02
1.180423175450139896e-02
1.160246011080216626e-02
1.163618697571396250e-02
1.153991827504776899e-02
1.127816454468920891e-02
1.155987506227958497e-02
1.156259735414965142e-02
1.162300627711079955e-02
1.154048538632966581e-02
1.168751410429512416e-02
1.215360690773112547e-02
1.251190785989916843e-02
1.276292226056545756e-02
1.318314089252627108e-02
1.350055649465891489e-02
1.406839208072582954e-02
1.439848029855069281e-02
1.495383231677128132e-02
1.565136973658693906e-02
1.735613255932180396e-02
1.850324149409167396e-02
1.920760278544898086e-02
2.033948936424334955e-02
2.208266683803146793e-02
2.311943028476580106e-02
2.480767801377087994e-02
2.792358651571963737e-02
3.126134484412789599e-02
3.507105414448577485e-02
3.751238679472824328e-02
4.173801347385474453e-02
4.636693622239915213e-02
5.086761610400015315e-02
5.679287136200570490e-02
6.519990905936980108e-02
7.377749685224223308e-02
8.422585158856064902e-02
9.912620538671375325e-02
1.084238898792147937e-01
1.260419428465248404e-01
1.494417549999026984e-01
1.757163104254258479e-01
2.085734997951044223e-01
2.445805830596169961e-01
2.918621548297592461e-01
3.500512796013331429e-01
4.192653096163914683e-01
4.970051318716507960e-01
5.876640438400924094e-01
7.759842538053149941e-01
2.164466351440771597e+00
5.229967850541275887e+00
2.986357768928988410e+00
1.827686202145914596e+00
2.172378638162052678e+00
2.653960677423227388e+00
3.223655206641941717e+00
4.071742135983753563e+00
5.273336086105763876e+00
6.842463101576919726e+00
8.881497976006574646e+00
1.146607356420104651e+01
1.522383310002896017e+01
2.071091511746849889e+01
2.771331649221885485e+01
3.850450551655497833e+01
5.220083365593053060e+01
7.093992630052747472e+01
9.055869989867166225e+01
1.230070921251940064e+02
1.431857642209699577e+02
1.581076750734371785e+02
1.441878591032158852e+02
1.107326880726192968e+02
7.670658353260280649e+01
4.735117926450089954e+01
2.746982929204447643e+01
1.521652214516458912e+01
8.052502084656698145e+00
4.169261096124060373e+00
2.184583209198521114e+00
1.255260874800312676e+00
8.398407136279998353e-01
6.951947578887830437e-01
6.513505305222760944e-01
6.530003746860120195e-01
6.630423161393489417e-01
6.754924340945288597e-01
6.858847083874549666e-01
6.936990483404443797e-01
6.983911446177142324e-01
