1.182519220922118697e+00
1.310633091617824819e+00
1.292076327744904773e+00
1.242276538438856548e+00
1.185576838082147866e+00
1.112701870933434645e+00
1.024745741227694795e+00
8.976122643285319169e-01
7.342566551768141547e-01
6.181238626639050660e-01
4.832999544629989486e-01
3.921669758273265693e-01
3.372604854347410197e-01
2.702566216226661155e-01
2.319929074944662162e-01
1.974143801107936802e-01
1.752287471274922015e-01
1.537177655837283496e-01
1.402186355922427907e-01
1.321749006110123359e-01
1.253269964113470081e-01
1.124546485064187168e-01
1.084898677192440986e-01
1.076140934989049947e-01
1.009820060582899276e-01
9.942363730576747605e-02
9.878622023649673289e-02
9.784654817366010560e-02
9.288716460642441886e-02
9.269758914123184257e-02
9.485460728570752065e-02
9.732570244865614006e-02
1.004694809157989782e-01
1.024814080295023550e-01
1.121053606099731564e-01
1.157872930907068859e-01
1.168902761992400563e-01
1.241694535260509796e-01
1.350874623525497031e-01
1.450167357599701778e-01
1.621212822576536816e-01
1.852923213370179789e-01
2.105891972230840570e-01
2.383406915681263172e-01
2.855780727655136686e-01
3.618835401187127654e-01
4.618971884923583349e-01
6.680149055412797354e-01
1.070037167964926761e+00
2.226886624997838737e+00
9.732929672442057978e+00
3.890899707234854077e+02
6.797063401471714315e+03
5.609678603470123562e+03
1.831645998870481833e+02
6.343863156033929585e+00
1.503667283287306589e+00
6.981237558853813363e-01
4.322134277637899036e-01
2.828458961632077662e-01
2.040247370260616921e-01
1.550429974838622438e-01
1.214344320094583041e-01
9.596635797852884342e-02
7.775264307517794349e-02
6.439011735014772697e-02
5.244871233241096831e-02
4.485921209532512527e-02
3.791561183829504633e-02
3.197888116000201925e-02
2.769404812426012538e-02
2.402528779405804435e-02
2.124150791285752890e-02
1.922539854409898580e-02
1.725995717866576559e-02
1.563055113470317517e-02
1.358708771527254722e-02
1.199028128197407971e-02
1.075211036981704726e-02
1.000157894649128000e-02
9.232446911218734203e-03
8.143248424510711805e-03
7.480924915486920554e-03
7.089552744213736477e-03
6.591958475025052472e-03
5.963522336337072523e-03
5.361338122692255875e-03
5.003292877381717955e-03
4.620619869863087231e-03
4.425229794871103975e-03
4.086963061976898320e-03
3.656279905289918242e-03
3.485577721007695508e-03
3.364324012062113161e-03
3.148461491355324451e-03
2.975381401322436253e-03
2.734779359672007571e-03
2.558808997043137811e-03
2.481597026142955738e-03
2.305750653756702927e-03
2.193427362357628675e-03
2.072292611865177332e-03
1.940992338591474627e-03
2.071192798395508905e-03
7.753358869827244211e-03
1.857750779957885456e-02
4.814778150024907021e-03
1.597163710356245148e-03
1.478285250322903003e-03
1.427963769409555791e-03
1.401501670168137006e-03
1.296722890637047772e-03
1.208530885578094557e-03
1.158125240105919605e-03
1.167074812352358274e-03
1.124838990208765427e-03
1.041107610900186657e-03
9.868294953885570469e-04
9.664048824127811086e-04
9.388460012381408997e-04
8.426693950027926193e-04
8.188204369917143500e-04
8.133755254665353800e-04
7.848373696750182791e-04
7.381277469929856854e-04
7.098516491547923702e-04
6.735441979671968763e-04
6.569640871116750854e-04
6.612473016338292486e-04
6.288151013670781591e-04
5.972810743047232522e-04
5.800501342752805963e-04
5.605195660093104841e-04
5.366117562706729195e-04
5.164803922838731793e-04
5.095561717469666765e-04
4.769240904531728818e-04
4.656465303022923200e-04
4.490290470996730521e-04
4.359135294725311523e-04
4.272546016319466399e-04
4.228274347590644925e-04
4.104580178182794508e-04
3.936700340596297810e-04
3.967215644720244595e-04
3.741012401595418860e-04
3.550519837790266659e-04
3.523391364783291422e-04
3.318804951580983350e-04
3.290164164879804515e-04
3.488854536258295040e-04
3.276982396482902181e-04
3.266633511258668662e-04
3.540837686273907840e-04
3.874423241999552878e-04
3.845710170851331685e-04
2.259460732817370181e-03
2.100101997963423409e-02
1.419525254347235588e-02
6.978084602696480896e-04
3.257617266783206398e-04
2.728103471341152475e-04
2.530183342893172925e-04
2.515519765829692003e-04
2.437177308480239298e-04
2.249674542510578734e-04
2.154757535152452283e-04
2.165520455599127857e-04
2.087600120658792747e-04
2.066018546530077845e-04
2.043444326793644175e-04
2.008254301133978220e-04
1.916165505802515324e-04
1.895279949477478504e-04
1.836468002273914952e-04
1.764720167154465729e-04
1.797986236526183737e-04
1.757807225026379052e-04
1.701801170328824360e-04
1.681850344303003567e-04
1.658248853992318672e-04
1.619262866475433560e-04
1.560730682021315590e-04
1.585720251708213453e-04
1.516718202084231580e-04
1.455534282660236173e-04
1.425470504013411706e-04
1.415752271590245404e-04
1.403069947146364329e-04
1.313562862245098398e-04
1.325308565021331402e-04
1.307147214617436818e-04
1.314037875989080098e-04
1.278994212271221420e-04
1.239890801008629220e-04
1.255225494733549813e-04
1.209291061438512433e-04
1.165745324930964500e-04
1.194799062972938845e-04
1.136353935514918158e-04
1.261404703633371282e-04
1.347652335838189417e-04
1.112805571266513093e-04
1.181476179854694982e-04
1.614870606008147384e-04
1.370075331124967998e-04
1.034579133769371356e-04
1.042991206343723767e-04
1.015860654451187925e-04
1.450295728802192252e-04
1.842386015359528104e-04
1.039626553874019467e-04
9.410216559056160904e-05
9.602534546616522634e-05
9.320945193033285938e-05
8.652759237643961523e-05
8.774579913993458625e-05
8.566724526313955533e-05
8.257513481041207535e-05
8.039330351219778380e-05
8.663252183117083755e-05
1.198322105279007500e-04
1.013957951189728201e-04
8.387712580396939786e-05
8.011980559988005491e-05
7.766950226833264253e-05
7.706270688213929132e-05
7.574244821667951827e-05
7.494158597351619616e-05
7.250991660696229422e-05
7.144981893319697142e-05
7.077248769216468042e-05
7.296970524900621999e-05
7.214693457352230031e-05
7.227055384003451403e-05
6.969003808066921138e-05
6.951610204733269123e-05
6.744260937572919389e-05
6.808365394034514414e-05
6.791604455072173217e-05
6.779037826844430453e-05
8.940938507289377551e-05
1.011742776333758879e-04
6.635166852801003873e-05
6.302880095123710412e-05
6.105284402755231448e-05
5.841214633599405861e-05
5.761143476812279719e-05
5.826146700081206829e-05
5.581261236663465476e-05
6.402099456799164375e-05
9.787622897231819331e-05
7.679859612062583593e-05
5.640693681677878921e-05
7.659494643191574038e-05
1.124703492179025734e-04
7.009011114044556238e-05
5.543519752992922200e-05
5.205513119116879085e-05
5.018453558572730417e-05
5.106100906705958063e-05
7.191507417136783751e-05
1.704879082692502929e-04
1.049393469305367679e-04
5.067085767957701237e-05
5.029704856209020426e-05
4.759610113459917922e-05
4.793061492565423010e-05
4.995361903739025782e-05
4.722970643448264587e-05
4.344580801779474450e-05
4.369462441691471141e-05
4.559922332727836384e-05
4.411854997552692569e-05
4.503364281565044787e-05
4.383215419240582203e-05
4.231998918504459095e-05
4.437255533969507529e-05
4.429880898684318774e-05
4.317625430147086689e-05
4.392869960099366990e-05
4.189509402815944262e-05
4.196337014499796291e-05
4.131419612472222758e-05
4.055682658119608386e-05
3.997251670573383258e-05
4.051351080465011382e-05
3.945078777430175468e-05
3.819982518277250657e-05
3.767914711758465807e-05
3.852988805329511554e-05
3.935770775831441492e-05
3.993768212174475659e-05
3.978669020762377656e-05
3.861736366016423766e-05
3.799537968073793133e-05
4.029358156028324946e-05
3.859335767477463288e-05
3.636993448842877429e-05
3.867654238799974822e-05
4.298711726281008515e-05
1.181048387401221751e-04
2.449029614033022047e-04
8.814705301192501757e-05
7.466470724581378195e-05
4.064729798344325650e-04
4.429787646924338452e-04
7.429398832480087992e-05
4.168767905818669103e-05
5.027395689914493468e-05
4.121108488794927909e-05
3.561048197331880580e-05
3.692910462168381215e-05
3.923280054525137949e-05
1.029925703295697914e-04
1.324670282453822335e-04
4.562224110834893487e-05
3.392756826765937829e-05
3.537247293225812672e-05
3.304692643241264531e-05
3.092107694035297141e-05
3.133806087899786456e-05
3.210334969274529498e-05
3.081727210678397044e-05
3.038597668357412605e-05
2.965799178597635434e-05
2.948333529603463558e-05
2.947728799477369185e-05
2.902389459505627691e-05
2.935817738095264110e-05
2.885294526023749934e-05
2.979771839988211673e-05
3.051647654327107860e-05
3.072194334591610483e-05
3.035859150449001434e-05
3.101164267788010981e-05
3.024570917851039664e-05
3.009701228407301348e-05
2.988344815478609657e-05
3.046979476173812315e-05
3.124082581075511821e-05
2.967214597008997496e-05
2.930004964400682532e-05
3.099459096403058163e-05
3.119452809303148276e-05
3.059810899945649516e-05
3.136415187264391638e-05
3.156438493826034227e-05
3.175970187280823057e-05
3.445888687692239341e-05
5.204975148194593482e-05
2.217246815943757954e-04
2.822953914865486435e-04
1.140503300304522067e-04
5.489922689923319808e-05
2.578404811261577516e-04
9.715902151613736758e-04
4.409819296577049421e-04
5.359859407459631703e-05
3.591373331818707791e-05
3.383361453841077281e-05
5.466483026058887397e-05
6.055614911129000741e-05
3.548726308501591120e-05
3.546576829315283886e-05
4.453426859747037364e-05
2.376750283776400176e-04
7.533183541884696773e-04
2.955508050204778514e-04
4.416948695952313027e-05
3.219483842119288887e-05
2.872061163076264473e-05
2.828492479368857051e-05
2.669070993995537169e-05
2.523703989340727856e-05
2.498680271658942768e-05
2.463191478788050512e-05
2.423765972139689501e-05
2.429324310054213734e-05
2.312039836624133998e-05
2.296131142754748305e-05
2.464996678213390605e-05
2.471439332427101496e-05
2.291977378224278707e-05
2.176107399708919799e-05
2.275195912503451392e-05
2.323153868649592105e-05
2.359564999284291886e-05
2.404717318372042836e-05
2.502269751391644637e-05
2.660738110215334922e-05
2.538147726763688303e-05
2.356435207580382746e-05
2.397614626547587188e-05
2.359720358269883655e-05
2.400185395881503095e-05
2.267168362293344239e-05
2.253055360359219403e-05
2.207624539339128633e-05
2.135212599187558816e-05
2.092347676493544250e-05
2.333693787384595613e-05
6.230757032700277235e-05
1.723341740151803378e-04
8.108596680940545628e-05
3.379007149329586192e-05
1.294412320808937514e-04
1.904565769663827182e-04
4.943935516275308796e-05
2.089199422940941694e-05
1.794297269734664775e-05
1.797858306142920555e-05
1.876105036462228523e-05
2.562086126072357902e-05
4.159802155598498754e-05
2.596278010546150758e-05
1.859672321013345543e-05
1.982759088372487870e-05
2.029439972294038835e-05
1.962367826170041712e-05
1.943036661809013972e-05
1.808086915816653356e-05
1.664332994195302773e-05
1.597545246077879989e-05
1.545449517389293554e-05
1.498777352839188021e-05
1.513071327803654346e-05
1.490462514264710048e-05
1.449264604257144220e-05
1.424380788703852838e-05
1.408214119787311274e-05
1.455719244750035714e-05
1.346616842728557107e-05
1.340937502335336311e-05
1.332599763096254797e-05
1.321866798355321053e-05
1.290229319141506106e-05
1.322687229298719426e-05
1.381485758341774357e-05
1.397613046342117186e-05
1.460950479129656886e-05
1.503642987349660439e-05
1.519685160894263749e-05
1.524010910022047375e-05
1.597239032786807231e-05
1.739856074966347792e-05
1.936274782582437596e-05
2.120809161334248616e-05
2.270772603793254493e-05
2.430894436176637654e-05
2.466281111022701358e-05
2.855030162196697186e-05
4.044959901057842207e-05
1.629391124606973502e-04
2.747806071441656400e-04
8.899502616313463099e-05
7.224517871080475074e-05
2.224155296474185112e-04
2.095750232466714455e-04
7.349556034388656618e-05
6.914365812143764844e-05
7.630288626067219325e-05
8.726603576900162610e-05
1.011139566029477938e-04
1.163068505990557977e-04
1.370060731301320320e-04
1.598077736574798869e-04
1.895724467826078385e-04
2.213686817387124377e-04
2.567027960839409384e-04
3.124217831212745974e-04
4.093447875276704797e-04
5.411695909043445340e-04
6.263477169092863560e-04
7.483903848261602319e-04
9.347891554653964133e-04
1.158414900469615727e-03
1.417832239004222393e-03
1.795435469792957530e-03
2.335724234309822806e-03
3.031113129807808376e-03
3.913785579749719939e-03
5.068901527641808506e-03
6.744442587095277573e-03
9.167974997543831134e-03
1.226327649395647819e-02
1.704994240781173426e-02
2.310619384289109776e-02
3.142966555376958820e-02
4.013445438023430234e-02
5.450522877010027106e-02
6.335107041532397898e-02
7.013621853555995767e-02
6.377631829446710199e-02
4.894369678738389601e-02
3.391331812462136663e-02
2.086000232684297531e-02
1.205565687547934493e-02
6.607606452495275867e-03
3.406874937094465667e-03
1.679232777602297343e-03
7.925129982250821202e-04
3.663306955394892827e-04
1.733630977038911746e-04
1.015006713957435942e-04
7.499798500963567895e-05
6.660815333281183031e-05
6.532998003379256061e-05
6.515883763313383621e-05
6.549469034646392021e-05
6.574558315774140383e-05
6.590730825085042708e-05
