1.745593396760389453e+02
6.703041459048847628e+01
7.141883619886971246e+01
1.171995843178601291e+02
1.767838239706702836e+02
2.388383839817188345e+02
3.083875869953585038e+02
3.832627212014910469e+02
4.413484469255820954e+02
4.690170707010020692e+02
4.530416983803383459e+02
4.225158673779233709e+02
3.922793940943566326e+02
3.442874264215885205e+02
3.073448199571544137e+02
2.760931346904303041e+02
2.602407147824496860e+02
2.331992308663151903e+02
2.028352753316949304e+02
1.802342918563160197e+02
1.663765605915860704e+02
1.456977751691046024e+02
1.368851959430928957e+02
1.442950442792790113e+02
6.247873111855856223e+02
6.766499631861215676e+02
1.318459767648469381e+02
9.586495724519636497e+01
8.509190553996560880e+01
7.860751657423743666e+01
7.490838901235439096e+01
7.137670281576214393e+01
6.876336959959699868e+01
6.431228070154021736e+01
6.236921514793581878e+01
5.818452073901280386e+01
5.299870516257909969e+01
5.044655026472248949e+01
4.849625572536909601e+01
4.555744661064536416e+01
4.398380099233608576e+01
4.430381257591525213e+01
4.098041514115981698e+01
3.736818893220146265e+01
3.574084580226880803e+01
3.503880691312244267e+01
3.299366692138907808e+01
3.268552827112166170e+01
3.964468316701116635e+01
7.595744558658427081e+01
4.614363796418950869e+01
2.942173135490495639e+01
2.747712315847736875e+01
2.591909541273398077e+01
2.582749380456210631e+01
2.479392356290768618e+01
2.369751268189596871e+01
2.311743105262922526e+01
2.335100941912687844e+01
2.218210585001983048e+01
2.170118239583394271e+01
2.140850319050139561e+01
2.109615372669838962e+01
2.050592479968644355e+01
2.005501716829306602e+01
2.062432430821298723e+01
2.057727840844900058e+01
1.867288893486676926e+01
1.781998215927806584e+01
1.714969285334129268e+01
1.663677283485104752e+01
1.624474001074781171e+01
1.597429937328758243e+01
1.976979448337158018e+01
2.213116683618999403e+01
1.620132851565568544e+01
1.505905880836181510e+01
1.425235198069984399e+01
1.378862537851198411e+01
1.398212506182090742e+01
1.390940573854371110e+01
1.324628948953985841e+01
1.323447835734504885e+01
1.332663385497049546e+01
1.310095731951929388e+01
1.269650963274574096e+01
1.204878531658384766e+01
1.185488218599930832e+01
1.171416116974258159e+01
1.208477073649842737e+01
1.304872335595779198e+01
1.188149046176835810e+01
1.109590678401839625e+01
1.115868186916522475e+01
1.110117492317592891e+01
1.090510716072397557e+01
1.051353926074445155e+01
1.116315192557245162e+01
1.775608343946257506e+01
1.377313338999611325e+01
1.017494608439741377e+01
1.004654644332070923e+01
9.821085264829623185e+00
9.989285062328630005e+00
9.824577964864422697e+00
9.778400269140369971e+00
9.805481530892084407e+00
9.701651054945600094e+00
9.586333495440886310e+00
9.622590156730105093e+00
9.689011997499306972e+00
9.422188045975362414e+00
9.118684641515281797e+00
9.033542152976396622e+00
9.538375565876068052e+00
9.676248402600492682e+00
9.053212013829034177e+00
8.950146238682446409e+00
9.033858874307565401e+00
8.977754750718924370e+00
8.562073931419629247e+00
8.620652184981874910e+00
9.182007580855612972e+00
9.618087562896333154e+00
8.553708596287767918e+00
8.183164977157765918e+00
8.127488717363657855e+00
8.079226443779178979e+00
8.223678623472476801e+00
8.469835806117036014e+00
8.286714874507206119e+00
8.251518396673054312e+00
8.224814963387654387e+00
8.209316011698600590e+00
8.061997355069312476e+00
8.217863878241786324e+00
7.925952520178429772e+00
7.962689784557494654e+00
8.370135134069387917e+00
1.148589724445752580e+01
1.064738953784821440e+01
8.221958164118564838e+00
8.054930898396309047e+00
8.021240025362807557e+00
8.323214712611997967e+00
8.065487087123793586e+00
7.928309358610503566e+00
8.145879036821037644e+00
7.959454652327433877e+00
7.871964276751418410e+00
8.192861220471947092e+00
8.127820547709621479e+00
8.343531628725688876e+00
8.250497066878054397e+00
8.380133619967018888e+00
8.325506357903751820e+00
8.247328695318710601e+00
8.362524171582784049e+00
8.578558841080218045e+00
8.669271461526271594e+00
8.682649691299019423e+00
8.501964020935869115e+00
8.496047724842751947e+00
1.111319988123747571e+01
1.720081116869137361e+01
1.066000245542410063e+01
8.591797132509999102e+00
8.798565350808024377e+00
8.772624688435223916e+00
9.006918581440027438e+00
9.308736303193489547e+00
9.269909568397634914e+00
9.161077017600467443e+00
9.202524916343030270e+00
9.259152207546584634e+00
9.356989665131541400e+00
9.776635224344980557e+00
9.973313579869994783e+00
9.832775480402728974e+00
9.716406561595695379e+00
9.957551380638722804e+00
1.023275282784009121e+01
1.012570967944073885e+01
1.030682525314576026e+01
1.046703392959797796e+01
1.065015903831314326e+01
1.052018757065412125e+01
1.170765245378426833e+01
3.162534378699853832e+01
3.383412598063338805e+01
1.323020145014809934e+01
1.184284714940669581e+01
1.204167931501803679e+01
1.248714633095675808e+01
1.234088801837919824e+01
1.253895215332456203e+01
1.294443981222439888e+01
1.293776069396824013e+01
1.311226371100211630e+01
1.329657586496534805e+01
1.356420914771367414e+01
1.397698294622160731e+01
1.443794563218723681e+01
1.494231112980662779e+01
1.491596661983793481e+01
1.541727923734394423e+01
1.601837941102849072e+01
1.662219792865187529e+01
1.650664363063258122e+01
1.698333223639473388e+01
1.739350579534811914e+01
1.774270717351171811e+01
1.875956825048058363e+01
2.006769861348090700e+01
2.050548845787487906e+01
1.970002855751720006e+01
2.052243247787255243e+01
2.113351829485160138e+01
2.243601475872034001e+01
2.323246866519466280e+01
2.390873478933334795e+01
2.534402102314112426e+01
2.644513273233557626e+01
2.788582271138145074e+01
2.801768432551977384e+01
2.985455692431872166e+01
3.148496615865156301e+01
3.362994273364162012e+01
3.496587464724395744e+01
3.549164797506035285e+01
3.715100484611900100e+01
3.984336857767191731e+01
4.337199494035107250e+01
4.525873325573903116e+01
4.963186840853033033e+01
5.361125895416167708e+01
6.830014420469510128e+01
3.002745694615960588e+02
4.237445730311643501e+02
1.074168435185270880e+02
7.629820330726147404e+01
8.086404944256348415e+01
8.781689626745887267e+01
9.914901748615037036e+01
1.082687057501228054e+02
1.190485063105762009e+02
1.324227724565689357e+02
1.470263938597741742e+02
1.694403727634302470e+02
1.916055082384140746e+02
2.339627355062546314e+02
2.765814133931497167e+02
3.215628276062220721e+02
3.875104963043325483e+02
4.924696065829148210e+02
6.265255460898248430e+02
8.759649978415072837e+02
1.300212313095441232e+03
1.993634738237047713e+03
3.550179324643356722e+03
9.473537780674014357e+03
1.396954412089305988e+05
8.081887046085108304e+05
3.812511084561154712e+05
1.566911916805850342e+04
4.386088135967231210e+03
2.085543338700522781e+03
1.286829268217626350e+03
8.984003411220656972e+02
6.274651470642388631e+02
4.535806756046069950e+02
3.558093841461662237e+02
2.928814498417069103e+02
2.380570341296480876e+02
1.968726150712238621e+02
1.663496106497359222e+02
1.440722609703238675e+02
1.255873622921564419e+02
1.084781442401922220e+02
9.315092755979826222e+01
8.565710786259639065e+01
7.437039460337437902e+01
6.747615164771235641e+01
6.075745184120567899e+01
5.504299682677672223e+01
5.450285464363096111e+01
1.422001825858661164e+02
2.239127649265875846e+02
6.649711402042578356e+01
3.685532499435965548e+01
3.323681015355423796e+01
3.058153982462274101e+01
2.916946447809835163e+01
2.723227707561698807e+01
2.490710035280267576e+01
2.313674871977767822e+01
2.207091369698495953e+01
2.030256470352215814e+01
1.857540406450481285e+01
1.751532313086075732e+01
1.675915511298222782e+01
1.565215198171254229e+01
1.497972874792102083e+01
1.401847775470189283e+01
1.340421308542930490e+01
1.256228587976417188e+01
1.223145231487806761e+01
1.179802520794206977e+01
1.106685483526237945e+01
1.085065376866313258e+01
1.260892169709082467e+01
2.804320701516656911e+01
2.183418748238454299e+01
9.471755625599120876e+00
8.309330242898067098e+00
7.937533296212901490e+00
7.672921989845602475e+00
7.496275037178208756e+00
7.238946632478158172e+00
6.828459242132956852e+00
6.382617322062265508e+00
6.252529170221840182e+00
6.064573656093892318e+00
5.738913490392842043e+00
5.576796086731133251e+00
5.411338883118162357e+00
5.060372633658483998e+00
5.015955327504242334e+00
4.901389902326748427e+00
4.693904667252025931e+00
4.380248941137881324e+00
4.290809763276169697e+00
4.341566014637201931e+00
4.218287082290800072e+00
4.083436644708418051e+00
4.321804291168878542e+00
4.640206762327505174e+00
3.791058523789399448e+00
3.502180384472249219e+00
3.389757095637395246e+00
3.280688286265434517e+00
3.178863640711586669e+00
3.093464138626696336e+00
3.087110525086933954e+00
3.005594098386990431e+00
2.831689065249653137e+00
2.732058460333030236e+00
2.631823882118451419e+00
2.608001091910496783e+00
2.611604159915066781e+00
2.587568670197060161e+00
2.449676023253915425e+00
2.404757854509010251e+00
2.324601880375498641e+00
2.261764236793819993e+00
2.244047321081283020e+00
2.166232951246739979e+00
2.124266715737271660e+00
2.142370382062233070e+00
2.090558805096379036e+00
2.347407939166546775e+00
2.218778189576823046e+00
1.906972707724728044e+00
1.878257098391524549e+00
1.797406200981423119e+00
1.759863756936069112e+00
1.730924853789476137e+00
1.695154579546688023e+00
1.708019816712375905e+00
1.670790460746856443e+00
1.585530730890100992e+00
1.545064246421301357e+00
1.507547298867810026e+00
1.523494398216177936e+00
1.454834450131447410e+00
1.425287782581727614e+00
1.444588516962229008e+00
1.468747018688371764e+00
1.362040488560250617e+00
1.303523376787704802e+00
1.275300170380454734e+00
1.294015112199816464e+00
1.265127713978288382e+00
1.209885176588287647e+00
1.247542894048515150e+00
1.382842484250896842e+00
1.221040200355174576e+00
1.134539806992250766e+00
1.103003409848161143e+00
1.105002684646358091e+00
1.094841334660467291e+00
1.048832857851283773e+00
1.014279679010629653e+00
1.006164519402445112e+00
9.755921321279359404e-01
9.812594543337239683e-01
9.392596438542484272e-01
9.222789282764565222e-01
9.123188808813826878e-01
8.780948607563371366e-01
8.625851560344603985e-01
8.745471089109981833e-01
8.433645909738992641e-01
8.092402843438941673e-01
7.890276674703031734e-01
7.559122825091795228e-01
7.490892196428861061e-01
7.176599743061760073e-01
7.371094524023316108e-01
8.158426139826108203e-01
7.799097532652535802e-01
6.888466479489548933e-01
6.724829276198618366e-01
6.535526535232784040e-01
6.663893642783798033e-01
6.307408798096724167e-01
5.909750170247339840e-01
6.104830084146799507e-01
6.104225289678860689e-01
5.713910203581505920e-01
5.658455275683743624e-01
5.707995556012281924e-01
5.599654810920923209e-01
5.592647458626459622e-01
5.549884449057899127e-01
5.810023847697051158e-01
7.258465755407560449e-01
6.239575234244851831e-01
5.494052025803053407e-01
5.396335254639336165e-01
5.424249132178986521e-01
5.604794313391199267e-01
5.726439174169919433e-01
5.894744897868601230e-01
6.596200926194404346e-01
6.453319929139259559e-01
6.442057323546597214e-01
6.548934038176069672e-01
6.776832256812920230e-01
7.049625662033571771e-01
7.787441932101248909e-01
8.264856564425266949e-01
8.586487554673351008e-01
9.040897660817738268e-01
9.753496854838576979e-01
1.017176289963347191e+00
1.087387907688970756e+00
1.218226413218868265e+00
1.360597541394885202e+00
1.527417886393258817e+00
1.818204985447243960e+00
2.158013758501938106e+00
2.066380428415601767e+00
2.188486679283645042e+00
2.431861667169747943e+00
2.781685008688966843e+00
3.136320163413723439e+00
3.568381987690070201e+00
4.198428080878191082e+00
4.589181706781216619e+00
5.282768303117667763e+00
6.217034957745719126e+00
7.320834092919772829e+00
8.679112655882814664e+00
1.014775498079117177e+01
1.206067751514935260e+01
1.440572279669380151e+01
1.721730108445363783e+01
2.018982466235443241e+01
2.333882302839655765e+01
2.836054962267807156e+01
3.573135333525555524e+01
4.399792355302141544e+01
5.742662789892048636e+01
9.932998539467828891e+01
2.769506442896784506e+02
2.557975307410436301e+02
1.442287352379781851e+02
1.684192086644438291e+02
2.149363315261798562e+02
2.772851525872596881e+02
3.590032802966283043e+02
4.656672391981740020e+02
6.363546086336190228e+02
8.542141282158057720e+02
1.115925819109561644e+03
1.547915558105491527e+03
2.094988424060733905e+03
2.843662541604178841e+03
3.633936451304498405e+03
4.964955687234287325e+03
5.769122319096167303e+03
6.411014827935665380e+03
5.833592146158654032e+03
4.502980344594628150e+03
3.158649240767760602e+03
1.992124320625254541e+03
1.221430209410770885e+03
8.041096708592500590e+02
1.295579868680165191e+03
1.529092707805122018e+03
3.468894673914698501e+02
1.124511659747845300e+02
9.271616203316440874e+01
8.893905332933024965e+01
8.881531497665326924e+01
9.031051171879538231e+01
9.230507052398797896e+01
9.412272886229860092e+01
9.557194493549538095e+01
9.663012531477994571e+01
9.727478917985357043e+01
