3.943813978742996085e+01
1.710533716335481458e+01
1.926470613835073564e+01
3.052323866609036074e+01
4.585236055724723059e+01
6.179225667245465559e+01
7.985902710699907914e+01
9.913273377499623962e+01
1.129907351136722866e+02
1.200672181741315825e+02
1.165152098485045684e+02
1.084968821722409160e+02
1.005538012773960190e+02
8.843936187020808859e+01
7.907910064515047566e+01
7.092075239866160530e+01
6.468870035099587312e+01
5.765187327326261624e+01
5.204288899406788005e+01
4.643759236197207940e+01
4.286766780097619289e+01
3.758744107696593773e+01
3.509963638718546264e+01
3.287842654434903267e+01
2.968285480776729912e+01
2.785323582275986709e+01
2.638266670147006820e+01
2.458257996195527539e+01
2.188785631033996637e+01
2.023355250437452213e+01
1.929309808707208873e+01
1.837764970271140541e+01
1.757909605934572639e+01
1.639093727111728427e+01
1.605704897360362438e+01
1.498496323209412040e+01
1.365444674110150203e+01
1.299270428156689228e+01
1.248620036511786324e+01
1.173160488364323584e+01
1.125626182232398875e+01
1.093377394927538759e+01
1.037442351354192382e+01
9.625728512637520495e+00
9.206404993310941975e+00
9.022461766108566650e+00
8.490825594497389162e+00
8.409453558514695004e+00
8.152049790921550354e+00
7.838969241194457815e+00
7.669637588187414146e+00
7.615900708272513420e+00
7.042595990776221448e+00
6.679103169855021171e+00
6.650790215576476427e+00
6.389232573005283911e+00
6.109311641875868837e+00
5.962584434365409969e+00
6.022886775329482134e+00
5.715680281673064300e+00
5.590909197007417397e+00
5.518270852771950175e+00
5.439450507586666816e+00
5.285431253682703279e+00
5.170554501397459646e+00
5.057764685802093929e+00
4.828479763290693505e+00
4.760630879494599732e+00
4.590102583846181972e+00
4.420369017702546088e+00
4.289275641050871002e+00
4.183481758874459722e+00
4.100678720181732295e+00
4.103424207672777158e+00
4.047407234644496477e+00
4.015293186950808391e+00
3.881350691276026055e+00
3.672741834321357146e+00
3.553075581664868920e+00
3.606182020765616336e+00
3.585783468154604137e+00
3.406986556785927878e+00
3.367466673191161775e+00
3.410028154544154422e+00
3.374920392668976366e+00
3.271774064498923718e+00
3.103905845169286692e+00
3.052405323175710450e+00
3.013580176984119507e+00
3.074307844523496147e+00
3.029907335905960064e+00
2.890909979433513577e+00
2.858814241524696875e+00
2.880422768047159021e+00
2.862120700765770742e+00
2.811454163675958462e+00
2.708068221070652815e+00
2.664262560807625135e+00
2.703497317079842421e+00
2.610176023465095696e+00
2.612882365959941389e+00
2.590574626464852148e+00
2.532443916490890956e+00
2.576599024237640645e+00
2.535608465709336734e+00
2.522311266504174476e+00
2.527751212056948749e+00
2.500188512137774932e+00
2.471915331473052646e+00
2.482088230335587120e+00
2.499360599074087474e+00
2.431007365903733231e+00
2.352561777588379588e+00
2.330377234530703667e+00
2.416308459611584247e+00
2.383558374341835151e+00
2.337766903661623097e+00
2.310714646706427455e+00
2.332660169773056680e+00
2.317771978390887000e+00
2.210497034470940036e+00
2.224905381353587952e+00
2.264376720975516566e+00
2.247530227077895848e+00
2.175774976541542838e+00
2.112455261490841174e+00
2.099526048940073775e+00
2.087356266747477207e+00
2.124556852217085900e+00
2.188151664660027862e+00
2.137751085824767916e+00
2.115546996712733829e+00
2.121636944321214635e+00
2.124317175995615425e+00
2.083949531286002799e+00
2.123212494589229671e+00
2.047457985407266978e+00
2.055568146369732840e+00
2.099988355148071140e+00
2.080591138485617719e+00
2.063228210704362908e+00
2.096970808972628664e+00
2.077118623031566802e+00
2.070614864031385061e+00
2.149809480808398288e+00
2.083296198861942727e+00
2.045323849645278358e+00
2.084147482091380343e+00
2.043399676206464566e+00
2.034622990964903622e+00
2.118646109920173881e+00
2.101440303608848037e+00
2.157622400443635513e+00
2.133646527451217079e+00
2.166512287519704039e+00
2.149807612483528363e+00
2.125988333161919819e+00
2.160074125733358219e+00
2.217587495487988392e+00
2.241593954779415920e+00
2.244208853825059968e+00
2.195696159487955157e+00
2.185804965842844449e+00
2.257897192488839799e+00
2.292641259264588616e+00
2.239529935875499422e+00
2.212610686065198617e+00
2.272472674538519755e+00
2.268472772671275894e+00
2.329852917069028084e+00
2.409243333031292345e+00
2.393231042567259603e+00
2.354599807120339783e+00
2.376056270270516801e+00
2.390990471694943498e+00
2.421915838438520208e+00
2.531335812209220659e+00
2.582732781901068364e+00
2.546701788564009306e+00
2.515636007615260628e+00
2.576739909500030734e+00
2.648019615033420315e+00
2.623266928552131283e+00
2.669913483950738353e+00
2.710898877245973004e+00
2.754612242752134232e+00
2.709004758461699414e+00
2.752134539231692045e+00
2.864037076923307445e+00
2.874991628592462600e+00
2.963673815527232858e+00
3.010396729009276573e+00
3.090478458410854667e+00
3.213475076707245304e+00
3.181333999826969627e+00
3.231110159340676358e+00
3.278572855081010040e+00
3.294862988254680491e+00
3.393289198470009094e+00
3.440461311326009852e+00
3.510228731889012632e+00
3.617655123388093585e+00
3.736267178415276558e+00
3.867678541657764590e+00
3.861017406869656554e+00
3.982288444024946639e+00
4.145189245388253951e+00
4.303987328879498087e+00
4.274345947214659880e+00
4.397421520598097544e+00
4.503209585763866762e+00
4.592190162702863176e+00
4.811735826897522550e+00
4.977489393782840388e+00
5.231984439695877676e+00
5.103642608492987343e+00
5.318312623994287058e+00
5.477064521361787897e+00
5.814298787101889410e+00
6.020310713067646091e+00
6.194879241466467512e+00
6.563772576581768270e+00
6.849627467990857532e+00
7.223932531488784115e+00
7.256687076119495039e+00
7.730890317947480384e+00
8.151415721593842534e+00
8.704473699613584969e+00
9.047917087959772786e+00
9.176754209759804937e+00
9.596349823310980298e+00
1.027751455925963597e+01
1.116239811478406097e+01
1.160218966170676325e+01
1.261816392771634554e+01
1.333793650357431559e+01
1.428920133039674667e+01
1.499018619149602216e+01
1.635976851768691631e+01
1.779876189565643685e+01
1.907749848602531273e+01
2.069789948103764843e+01
2.264983272890860988e+01
2.565356416371239590e+01
2.806276787298400421e+01
3.088947491462095840e+01
3.437663289066160388e+01
3.819706083362623161e+01
4.402891564656985679e+01
4.980774631311587086e+01
6.083587279752202193e+01
7.193524932436395147e+01
8.362851632189057227e+01
1.008061734526850159e+02
1.280960752137139878e+02
1.629820812966565597e+02
2.279772335307430069e+02
3.383623123687082170e+02
5.186374942366685445e+02
9.238867680884030733e+02
2.473013780844359189e+03
3.565614531945368799e+04
2.063839249390869809e+05
9.778582168870166061e+04
4.090445010617745993e+03
1.140696321145862385e+03
5.428574448081743640e+02
3.351404616748343983e+02
2.340116529820587061e+02
1.633893870748153745e+02
1.181327596044430805e+02
9.268222975609920411e+01
7.628348469086502348e+01
6.201493932751287019e+01
5.127730221603864891e+01
4.332113478457446831e+01
3.751554271159000109e+01
3.270014474044252495e+01
2.823072222794701602e+01
2.423623093306205689e+01
2.226515204268354964e+01
1.930751930782511749e+01
1.747390449757012476e+01
1.565146051580773623e+01
1.397885154417902953e+01
1.270302692064598560e+01
1.170956293106652879e+01
1.064381248428803950e+01
9.813719533959979202e+00
9.127374341245927170e+00
8.479178459319397732e+00
7.874185373627025086e+00
7.543686951327913448e+00
7.060737665759718062e+00
6.466136677053789583e+00
6.010855948915476255e+00
5.738017886800918177e+00
5.280803394586519595e+00
4.834999642171508683e+00
4.560766293855601283e+00
4.364957739806120784e+00
4.077292052609497119e+00
3.901818838784028021e+00
3.645056482215096150e+00
3.486015651645790747e+00
3.270225421522619857e+00
3.180810889511573425e+00
3.062456930570030877e+00
2.861048402729718276e+00
2.762503438260701216e+00
2.589723611428435213e+00
2.459974151634679362e+00
2.415604434717951055e+00
2.288049371488528383e+00
2.129324245049514897e+00
2.052501335821053541e+00
1.991397454754763929e+00
1.949683207761071069e+00
1.884226795963839240e+00
1.775254305086902740e+00
1.661439270685938441e+00
1.630008250419566096e+00
1.582109516224620149e+00
1.498399494520907815e+00
1.456046540106658460e+00
1.413649718690673796e+00
1.323702227821221600e+00
1.301942918014158845e+00
1.253438234881059321e+00
1.217418823647590020e+00
1.140916085673447045e+00
1.117585269714367557e+00
1.130284078376521117e+00
1.096311741442661969e+00
1.053500843541425702e+00
1.030245683473520080e+00
9.882380109797909151e-01
9.446795557576560531e-01
9.151673928462952246e-01
8.870253364003214402e-01
8.585644118486870369e-01
8.319416916361320746e-01
8.094615769696764662e-01
8.079402444134951011e-01
7.874925451868265425e-01
7.412837575845633298e-01
7.146702348489234469e-01
6.886765157682496197e-01
6.824371462583586068e-01
6.834633599575178353e-01
6.767993349408969461e-01
6.393171128050013641e-01
6.094188253023447022e-01
5.915995390696340284e-01
5.913766058733217479e-01
5.875991397425076590e-01
5.673293082581554181e-01
5.560857777242446121e-01
5.601210770647154780e-01
5.359862155477213008e-01
5.206908770310400003e-01
5.018615267639274791e-01
4.939050963515197457e-01
4.923104581645140199e-01
4.704261892791504196e-01
4.605214227501439606e-01
4.532116706318755628e-01
4.440534074395873776e-01
4.455841678670365846e-01
4.354388802955397875e-01
4.151019898237612860e-01
4.048219447903274038e-01
3.951112413919140032e-01
3.994094938282597984e-01
3.815839978084236694e-01
3.728601839366467718e-01
3.684278497676984343e-01
3.552446485034287949e-01
3.473255341085391135e-01
3.408720818254490359e-01
3.337578327047159843e-01
3.387866390763365487e-01
3.312273797870461389e-01
3.156281448639766118e-01
3.079049209798453424e-01
3.085225247131095916e-01
3.053863209031104087e-01
2.971255783212237711e-01
2.892046710760778905e-01
2.899030057465207255e-01
2.872670650908352163e-01
2.753855282968977747e-01
2.663867069630395656e-01
2.642070637906578923e-01
2.560605439766211466e-01
2.576844447077780154e-01
2.466224578599660600e-01
2.421522524072422244e-01
2.395196691471780936e-01
2.304518781447463527e-01
2.258738448854556435e-01
2.247863366951737274e-01
2.163181992720982771e-01
2.123177178771925577e-01
2.072344239245824116e-01
1.985874007687716269e-01
1.967269540350686241e-01
1.882703012585855706e-01
1.908653299197928255e-01
1.875527565001534336e-01
1.781563948998994562e-01
1.780492626194651595e-01
1.765746379550504896e-01
1.728185381721754066e-01
1.784884129731532099e-01
1.668333016762782728e-01
1.554454111851276132e-01
1.604227516454128921e-01
1.600580449563788199e-01
1.500156778261830248e-01
1.487226061786323106e-01
1.499687054523790863e-01
1.470728904250204749e-01
1.468975795628433278e-01
1.450149497633551887e-01
1.411521467290015874e-01
1.438011170429345509e-01
1.431187278392672679e-01
1.434137753168275298e-01
1.418106032339057077e-01
1.429029673551187596e-01
1.480555854492778545e-01
1.519175911999458561e-01
1.541881762775904052e-01
1.585002023431734131e-01
1.616747122215476118e-01
1.676912194460647154e-01
1.711728555418932096e-01
1.774128779234960540e-01
1.846974552705551442e-01
2.040700906095218869e-01
2.163754399602512146e-01
2.240041334664032435e-01
2.362124451825194094e-01
2.557073182200836903e-01
2.666256236564371052e-01
2.852999114076077425e-01
3.207357980499875860e-01
3.572942955330104531e-01
3.982267519620946161e-01
4.222355611015953247e-01
4.708640558884968907e-01
5.231600389631961834e-01
5.718666582049696245e-01
6.370067657396908389e-01
7.293688463286870372e-01
8.226878096373576588e-01
9.357861819786239543e-01
1.098362067372038231e+00
1.198355476846719503e+00
1.386157068020062333e+00
1.632002853510285956e+00
1.920651975747217355e+00
2.276167382506645076e+00
2.660686383768798180e+00
3.164545599576630508e+00
3.777090259500984537e+00
4.491429632962408824e+00
5.270513148362504730e+00
6.095611107577126653e+00
7.389938037141750016e+00
9.271037566602291946e+00
1.129914358631391202e+01
1.436420877031627974e+01
1.791292378814230801e+01
2.250607976788716158e+01
2.788219964904408599e+01
3.403702211975480196e+01
4.308352610797778937e+01
5.576282418058357138e+01
7.244783933719723734e+01
9.392502974526728110e+01
1.211044766496858784e+02
1.607726085464271364e+02
2.182444964970416663e+02
2.922682275917887864e+02
4.050718552745137799e+02
5.487156267159026584e+02
7.449804903063477468e+02
9.517172365360484037e+02
1.289793490175539773e+03
1.500325277456357071e+03
1.659194586678654559e+03
1.512436366396178300e+03
1.164458832782449690e+03
8.089856949192575257e+02
5.046275982965829030e+02
2.974499351903787669e+02
1.707551169284349157e+02
9.655257485524273875e+01
5.672013431517044779e+01
3.658019608741280138e+01
2.774894910326363373e+01
2.384025841425446401e+01
2.300860018178416411e+01
2.302681188091180076e+01
2.346859592095832170e+01
2.399190586218475119e+01
2.445152351061152984e+01
2.483069846773355138e+01
2.510748401042498656e+01
2.527569606017024029e+01
