1.476952211158415684e+00
1.330599252096708263e+00
1.379074291568487709e+00
1.287356838826989813e+00
1.267949309600088004e+00
1.165917068486346020e+00
1.105319117386581729e+00
1.048617055178687529e+00
9.461489269288346771e-01
8.187645346024372550e-01
7.111866951151550875e-01
6.173347549393850553e-01
5.553305366023982836e-01
4.716899358761280636e-01
4.123090456363748268e-01
3.628111283416997068e-01
3.379006637001742419e-01
3.051541916414524103e-01
2.806031753526271322e-01
2.562054310093301313e-01
2.421822715865685205e-01
2.227036138492431983e-01
2.176185926789277747e-01
2.126075987202529771e-01
2.039809677054788273e-01
2.007692715185861732e-01
2.037231825624949422e-01
2.025968542606541856e-01
1.934111340548226865e-01
1.891895561316759011e-01
1.924877100308170774e-01
2.019233475742591155e-01
2.102592474891795682e-01
2.128747489100660251e-01
2.292680348291794290e-01
2.369439422817418983e-01
2.411362469257953833e-01
2.588931265014142724e-01
2.833444974741935463e-01
3.031946998632671919e-01
3.380211417627234649e-01
3.856230470383856801e-01
4.377503617416018122e-01
4.962801454660695222e-01
5.948292940170777365e-01
7.559391890427779037e-01
9.674850832463347539e-01
1.393806859696021583e+00
2.237268895712005268e+00
4.664331769901589375e+00
2.042925563486237905e+01
8.233765063519763316e+02
1.436699554510015878e+04
1.184975550366154312e+04
3.859840194760641907e+02
1.336038484611042776e+01
3.143234060347608327e+00
1.455517816439235501e+00
9.002503259516745349e-01
5.885596543426508953e-01
4.242144907520823960e-01
3.214160747305729871e-01
2.516915548158661919e-01
1.991653294404304164e-01
1.613414833526914671e-01
1.329833094401863536e-01
1.085814600801903451e-01
9.269123212460164685e-02
7.842693226786080773e-02
6.636289409247811411e-02
5.716292100382143471e-02
4.976660364570982542e-02
4.374510327759919409e-02
3.938992402172468432e-02
3.517290614630213391e-02
3.197042348352761160e-02
2.832479632146515242e-02
2.469339008192118073e-02
2.194318023791436145e-02
2.057941537227604700e-02
1.888100619686053708e-02
1.665570009133521268e-02
1.525343611454225805e-02
1.428366063715317408e-02
1.334429503965547763e-02
1.230363248556192064e-02
1.091884155781506181e-02
1.008024775051374368e-02
9.321667746046081310e-03
8.929202313221556997e-03
8.269684335909034331e-03
7.453425142585324258e-03
7.077697611843323383e-03
6.784803287676032142e-03
6.397043648764327677e-03
5.918087928038282333e-03
5.457117955299377841e-03
5.072278392032220432e-03
4.911398253340966240e-03
4.561945285131339956e-03
4.414939175527003191e-03
4.171412956319443116e-03
3.912140781552311299e-03
4.160988901773304480e-03
3.089596650641556613e-02
8.187632844125584952e-02
1.805524891148252084e-02
3.230426414095511570e-03
2.961575589582622018e-03
2.906074629226494503e-03
2.747452576452460472e-03
2.535250566233332534e-03
2.354835089723386274e-03
2.286383259032215287e-03
2.289857132415309363e-03
2.171068998398733435e-03
2.074366132859758148e-03
1.939806065251683262e-03
1.871346782368311706e-03
1.794181377586913720e-03
1.653490141665308038e-03
1.615400191614477232e-03
1.576284675645569719e-03
1.511237306120725250e-03
1.422743640172219022e-03
1.334210205574816238e-03
1.281009714452319408e-03
1.231781724558548294e-03
1.229739958785688089e-03
1.216773520071931037e-03
1.156648197284145972e-03
1.119101045743770267e-03
1.074539630555221758e-03
1.010201690070522493e-03
9.778079490144395407e-04
9.894214096781088052e-04
9.078174119424150743e-04
9.016291607334374477e-04
8.962164169101684156e-04
8.402157850749213640e-04
7.950032492280255511e-04
7.673981943475840064e-04
7.467662711949482786e-04
7.414354306008723739e-04
7.495713340316972504e-04
6.977367129164887714e-04
6.691424645764732773e-04
6.651526097590285515e-04
6.341230885393184550e-04
6.244701666299422825e-04
6.538136645219424061e-04
6.424791115008778117e-04
6.565368142542255588e-04
6.844166897607158575e-04
7.836106527512441298e-04
9.938761667699885349e-04
9.366519592095541233e-03
9.245907440829960466e-02
6.182105640479989422e-02
2.286089238432998001e-03
7.192243291316157035e-04
5.486594932096160041e-04
4.720515242610780963e-04
4.601734708521194742e-04
4.527243546395159934e-04
4.176845215298332975e-04
3.990882577173028730e-04
3.991767780115831649e-04
3.798303178826687018e-04
3.839071358324133059e-04
3.726662389509952881e-04
3.501634116700269128e-04
3.386201177223413495e-04
3.354182535882617509e-04
3.256048349323130745e-04
3.177729518020366742e-04
3.201115405771009711e-04
3.201721916617306183e-04
3.061583331711897524e-04
2.847594664976454601e-04
2.854141875066449241e-04
2.866436206899692024e-04
2.735486582402118258e-04
2.732662180161869541e-04
2.620730544832119242e-04
2.586572162215734424e-04
2.476165905685026114e-04
2.437594108514115892e-04
2.401860010341610996e-04
2.327741608078809723e-04
2.336441058377722497e-04
2.306852432489848428e-04
2.268380326878645533e-04
2.279540780888665834e-04
2.204016908892180479e-04
2.083704440308137577e-04
2.040284124890683526e-04
1.990100471688034027e-04
1.987298545604387705e-04
1.937095475303655544e-04
2.053372023987535351e-04
2.125875142402156254e-04
1.896940578781361388e-04
1.930308625993331219e-04
2.333546311768992549e-04
2.138903892453797165e-04
1.754898659399397893e-04
1.713976191616395741e-04
1.662983555612862507e-04
2.971941880440495979e-04
4.522364597553232336e-04
2.071100168066501072e-04
1.586791106983850863e-04
1.607206355397742831e-04
1.571997519826215546e-04
1.418599806155984187e-04
1.399955583652177948e-04
1.374151262328614286e-04
1.405367496620629200e-04
1.434568207045268026e-04
1.376337017392274516e-04
1.605607695195754151e-04
1.714623920309898031e-04
1.368742345630278461e-04
1.243171829866148836e-04
1.274174033199040618e-04
1.289139867755032995e-04
1.295376073173084392e-04
1.267702043928756520e-04
1.194267100066472302e-04
1.162500822534965418e-04
1.160234583591344986e-04
1.157228008109871715e-04
1.120797333496613473e-04
1.145708405806441350e-04
1.118922441385537255e-04
1.084142981427997101e-04
1.067838938777892897e-04
1.083346674993900948e-04
1.043163044491851095e-04
1.029456487406622893e-04
1.338603350359486327e-04
1.504596878735669488e-04
1.124093986572767193e-04
1.026244018660177565e-04
9.950204788324458049e-05
9.837677325331480743e-05
9.288589941709885238e-05
9.413458021579178422e-05
9.290946981501253766e-05
1.008403358372408871e-04
1.318334570116385849e-04
1.120820431598356249e-04
9.081350161786717022e-05
1.109890465317033264e-04
1.491801038561629865e-04
1.056628440927838343e-04
9.215875366100760601e-05
8.766135939338370528e-05
9.074565395599787344e-05
9.839113042449478582e-05
2.991732449059722010e-04
1.359891931375340575e-03
6.844421609917370353e-04
1.017863156105087606e-04
8.201348216022951007e-05
7.539753435795623604e-05
7.573576759241759844e-05
7.578402828684368392e-05
7.490366080360511035e-05
6.858983347067542811e-05
6.843924917414241941e-05
7.203241911467702296e-05
6.925458513655551257e-05
6.734899305898306063e-05
6.839479236585436280e-05
6.854531825356873691e-05
6.892646209447567736e-05
6.779275368901502470e-05
6.284729783775423219e-05
6.563352322224798492e-05
6.385550776645270864e-05
6.406741023896498580e-05
6.405449765900967122e-05
6.164069563980116020e-05
6.028433146058556912e-05
6.065861924258099418e-05
5.980712188918206173e-05
5.620015063145036442e-05
5.808520750755678883e-05
5.909828548171030892e-05
6.085663290346166244e-05
6.115523802161030838e-05
6.121636864243397999e-05
5.928743357471645699e-05
5.700714083228228978e-05
5.787930922909532538e-05
5.901827495097595089e-05
5.790267693417878493e-05
5.752317221883969839e-05
6.060819805607447699e-05
1.442706778497741132e-04
2.818636100703679026e-04
1.076804591743922064e-04
9.468192997503606303e-05
4.564071981814851482e-04
5.062080550593893013e-04
1.008042542663431886e-04
6.012078166760380669e-05
6.556952457356323935e-05
5.522771968443304522e-05
5.097386701801952111e-05
5.330177518618427597e-05
5.444117050323364561e-05
9.260866657249144950e-05
1.093001715483572393e-04
5.625737942206183718e-05
5.082085818653024649e-05
5.057342440425705010e-05
4.842741837736814586e-05
4.602447490883974381e-05
4.626632030523939078e-05
4.641069918330292045e-05
4.385264389939714597e-05
4.398582433184294535e-05
4.559752336774277064e-05
4.238265436076799249e-05
4.035754457038654005e-05
4.287402936292500425e-05
4.204645677340304740e-05
4.078494751964345608e-05
4.153844591464048625e-05
4.419363722694920799e-05
4.329807230287221039e-05
4.391186159127810694e-05
4.581430070275382678e-05
4.405943957798719597e-05
4.170349435904969218e-05
4.322476595281085285e-05
4.232878518441919743e-05
4.440793737921671150e-05
4.310205930701553129e-05
4.137060161326191251e-05
4.212578365279258770e-05
4.268609601963138466e-05
4.165259080278853457e-05
4.220793479968349299e-05
4.093777370193563326e-05
4.145727398680552640e-05
4.439195731454098246e-05
6.336365287471079221e-05
2.298815328119767527e-04
3.010237554976680414e-04
1.394284260471756551e-04
6.861907779217535862e-05
2.928577546938276053e-04
1.080374472866218235e-03
4.876217564949269080e-04
6.641795610396231640e-05
4.700809915562154025e-05
4.524953521809489378e-05
6.144298954015105815e-05
6.214627619893864992e-05
4.364072441251061821e-05
4.410703987078241927e-05
6.179024227608991308e-05
4.045328617697742835e-04
1.350204102347732533e-03
5.301617665938952641e-04
6.973568384448605197e-05
4.766343156537220503e-05
4.272838055119624245e-05
3.934198940537446480e-05
3.797233005843736312e-05
3.660895342686687460e-05
3.660098706666011246e-05
3.526858709203009671e-05
3.391042865153646540e-05
3.373273352325004278e-05
3.371099154483758373e-05
3.383206312848184328e-05
3.456768212458908196e-05
3.268423365809698135e-05
3.094776475201566800e-05
3.217274413470874348e-05
3.208532207021296939e-05
3.207039318029535177e-05
3.272926627915883599e-05
3.183514869130824466e-05
3.182420883867570130e-05
3.286941009413725100e-05
3.318024859122515084e-05
3.085583104165844412e-05
3.231000269711863858e-05
3.253231407762201645e-05
3.233889644870060500e-05
3.194419747068779605e-05
3.156018441763115933e-05
2.896465904158743580e-05
2.728730668254370105e-05
2.823882362963713459e-05
3.254952605857983143e-05
7.557241121831561193e-05
1.999847226669472272e-04
9.767458308483193709e-05
4.013017765154542173e-05
1.409514645661450469e-04
2.088562735401550932e-04
5.852712702733811503e-05
2.793338233012068625e-05
2.447554770507901235e-05
2.381440571556172502e-05
2.520680589786371051e-05
3.369664873736901784e-05
5.072432637276566380e-05
3.223438612215075611e-05
2.440369673096652009e-05
2.466242580128102295e-05
2.926348562070646973e-05
5.888178090548578416e-05
5.775071650508138216e-05
2.730750677516673036e-05
2.314677554252469587e-05
2.232637685011057497e-05
2.121461746083067203e-05
1.978295923216568777e-05
1.982486357741691473e-05
1.978772119815449913e-05
1.948053788052643464e-05
1.875131487044804092e-05
1.960016633277716398e-05
2.021642140065062868e-05
1.883712916841373024e-05
1.833250765719407341e-05
1.877373942746141729e-05
1.875126362175733513e-05
1.935132929986921779e-05
2.007742377785723503e-05
2.016433061037177724e-05
1.986907999952105489e-05
2.147636990863846507e-05
2.226201755011095621e-05
2.289806208506819609e-05
2.415642451214975082e-05
2.651801778738001401e-05
2.726886374928732165e-05
2.923931635466111469e-05
3.351739767863251481e-05
3.687507711711135038e-05
4.124771198985311549e-05
4.366824680467590151e-05
4.767244774082515606e-05
6.296001712157494397e-05
2.005661558002402802e-04
3.289854925475353188e-04
1.238775722573248804e-04
1.078561311827136503e-04
2.886615889201986384e-04
2.801037755432226033e-04
1.248799495045834873e-04
1.234758387138677586e-04
1.424494421292661454e-04
1.664470337304748619e-04
1.952278604484936173e-04
2.254891417806104679e-04
2.662172333423713745e-04
3.174718737792492558e-04
3.736106986204060687e-04
4.359872392703627851e-04
5.088149142802910266e-04
6.254588036182892781e-04
9.001692094037521850e-04
1.343115193314993331e-03
1.359732001408950428e-03
1.519670044231349795e-03
1.902183181358763292e-03
2.349425046052555036e-03
2.865069458648793026e-03
3.642708040056067981e-03
4.728288835764345513e-03
6.123528421192726140e-03
7.956080327968234958e-03
1.029255561368420425e-02
1.366287183041776411e-02
1.847409347132016044e-02
2.479675007051323696e-02
3.452265490784559715e-02
4.680615641450729808e-02
6.365353843605196793e-02
8.139878428418700906e-02
1.105468412176129345e-01
1.286152158079361396e-01
1.422351951545998416e-01
1.295974809141327844e-01
9.920863588303026337e-02
6.901350941357058122e-02
4.231287078274936081e-02
2.448250951542730453e-02
1.337702002162181013e-02
6.885196389560721900e-03
3.402199033081268476e-03
1.578957661171248800e-03
7.199327009306247986e-04
3.284159203637419572e-04
1.794228720262349037e-04
1.272102349097141275e-04
1.105491989058685569e-04
1.071893976333614519e-04
1.071425642921687766e-04
1.079067399246523036e-04
1.084073551140895495e-04
1.087416056771356372e-04
