1.013907141717433680e+00
1.325034339821809182e+00
1.209555410218053684e+00
1.251727514509263450e+00
1.192852956653351670e+00
9.909542059113253254e-01
8.655836355618277134e-01
7.199866711544338216e-01
5.468853047745509954e-01
3.953294283294583877e-01
2.740981420715699612e-01
1.944868765021486867e-01
1.410143138707243282e-01
9.906780877195245361e-02
7.046661213482109665e-02
4.808004523555888671e-02
3.727613412240440849e-02
3.001904595421199529e-02
2.345314271490672037e-02
1.892397843405863034e-02
1.571954729883961316e-02
1.330880673157141224e-02
1.140643460362676491e-02
1.038845146947018142e-02
9.193260850771685713e-03
8.287463314723016866e-03
7.490985594456822660e-03
6.830299424360083277e-03
5.861921346850996681e-03
5.378356090365561323e-03
4.979218841365929717e-03
4.838667963277672526e-03
4.418968061239993660e-03
3.882497170877658322e-03
3.789658543896870686e-03
3.552030214182459820e-03
3.427491322543789812e-03
3.274928453785275716e-03
2.910716930798399119e-03
2.707434332767072026e-03
2.665834927277197473e-03
2.495158373418342179e-03
2.445489116694803903e-03
2.337446326783080165e-03
1.996556557972279083e-03
1.929353259255101516e-03
1.861729123850894936e-03
1.699831761785194342e-03
1.588162562354603156e-03
1.531683390152175587e-03
1.440022169962705155e-03
1.517953108135809389e-03
1.415562294059050964e-03
1.291504239911301722e-03
1.248073320739886190e-03
1.214501131009088769e-03
1.162346209538702010e-03
1.114315693019448088e-03
1.085800324529442645e-03
9.931845796678074982e-04
9.492620219037735873e-04
9.107018536124401528e-04
8.916757041862993088e-04
9.131878034251416114e-04
8.752297445255988791e-04
8.735130783112692770e-04
8.258956058863071558e-04
7.919592881836627629e-04
7.684507859693088996e-04
7.366725802890250127e-04
7.036357141933277225e-04
6.795386236891411700e-04
6.803736599478980461e-04
6.765377574435735243e-04
6.399170219236367807e-04
6.297965000853523185e-04
6.091707662460886302e-04
5.745173925781780567e-04
5.308385710657166894e-04
5.516532283549067462e-04
5.563734405777815946e-04
5.176034059970479901e-04
5.228229832101575396e-04
5.275601611384802148e-04
5.179727208111165309e-04
5.283779555573940752e-04
4.937479515215957831e-04
4.865238820130052115e-04
4.603950633238489847e-04
4.677022531759469654e-04
4.605864652580496680e-04
4.578093418319970553e-04
4.526016572437793241e-04
4.518029575501515379e-04
4.485359583060982811e-04
4.326577422206473304e-04
4.222162893169989582e-04
4.294143048396658040e-04
4.637579266561697375e-04
4.313637554786556370e-04
4.163955638265358209e-04
4.330023454136815294e-04
4.284285342656485524e-04
4.251523534615399692e-04
4.420343446123261460e-04
4.392984773994978846e-04
4.400273102421115761e-04
4.525382913889520803e-04
4.472186381015830063e-04
4.514625882913135806e-04
4.634496275927089222e-04
4.687621224378825955e-04
4.558017611375843109e-04
4.595291579031036489e-04
4.896281417602778687e-04
5.036839447474639577e-04
5.008282657731537389e-04
5.025595618784141003e-04
5.195545767001516968e-04
5.259430283273878147e-04
5.217085862645180110e-04
5.426500983654606236e-04
5.680274517384743468e-04
6.000513939808928233e-04
6.014387014095066855e-04
6.035644136863665314e-04
6.031407505938318281e-04
6.365719237786995324e-04
7.031586455846021129e-04
7.349079963361676788e-04
7.484259479876774436e-04
7.601769705544508208e-04
8.195775426006324379e-04
8.839862304946331621e-04
9.079977911144667020e-04
9.851142950372952008e-04
1.037098781225041224e-03
1.124999653414813583e-03
1.250124686040992054e-03
1.341474321530990686e-03
1.474769309483558695e-03
1.639458008398303425e-03
1.811057085830448249e-03
1.998989602285191833e-03
2.358211992351214471e-03
2.630937207863239067e-03
3.033681751559714947e-03
3.650465170817565261e-03
4.293319117763477223e-03
5.291977634906519512e-03
7.064946345506411575e-03
9.337918768852438919e-03
1.353897229948474411e-02
2.056848168862067047e-02
3.763487122119560380e-02
9.998520687146650321e-02
1.937480359260686402e+00
2.023612610523817779e+01
1.355887818898552233e+01
4.085879777548634406e-01
5.928067094869617776e-02
2.564830071978901199e-02
1.470879470839213214e-02
9.924493345566012814e-03
7.135679991254375264e-03
5.158064648451710262e-03
3.923766047492703753e-03
3.193397999688386488e-03
2.585241055896487800e-03
2.180216805774821444e-03
1.891804247822129106e-03
1.597018688983724635e-03
1.326111178076163017e-03
1.158339073102231283e-03
1.011447079469393042e-03
9.089310073456720058e-04
8.435890717792526297e-04
7.756942314050052417e-04
6.794458990210429242e-04
5.942473887240568541e-04
5.444611640394183237e-04
5.130923782434972189e-04
4.641502497618929502e-04
4.241296705761300290e-04
3.913980697800606315e-04
3.651449256903501915e-04
3.339354866446092064e-04
3.087017879657294331e-04
2.971480135761797397e-04
2.758910065681549335e-04
2.671715581431985636e-04
2.428251028929084474e-04
2.313548609808529588e-04
2.324836295576066382e-04
2.084627432081026424e-04
1.925162006598458606e-04
1.845570252569413833e-04
1.771915618895476851e-04
1.740532302232957449e-04
1.636755773458492503e-04
1.560062545761730865e-04
1.508376594319325815e-04
1.465414210355819738e-04
1.423488272108415053e-04
1.288805501133040031e-04
1.270962554796078374e-04
1.234577654452097056e-04
1.223733603771176353e-04
1.129902675933989510e-04
1.100049812598756808e-04
1.074882963165922330e-04
1.014030562103233337e-04
9.624775816884214913e-05
9.435554633017402624e-05
9.355910891000715534e-05
8.702770675567593429e-05
8.728884696556442314e-05
8.695402974662100022e-05
8.185945839429539848e-05
8.056758078654834671e-05
7.777920744179535122e-05
1.051538475436738888e-04
1.193845181137519825e-04
8.091623686039004838e-05
6.847262438507207877e-05
7.194969768631398011e-05
6.959157681753513393e-05
6.773113359610606686e-05
6.400939629985906182e-05
6.186800233336597443e-05
6.151490879073086857e-05
5.842168138517595221e-05
5.854721683360293279e-05
5.586051397152743119e-05
5.624610539074633803e-05
5.581118666339568955e-05
5.580124066537325346e-05
5.668596661113076070e-05
5.437039126674576492e-05
5.342005108377532573e-05
5.131266756132015259e-05
5.543421445798548693e-05
5.648131930389351662e-05
5.015476345815166617e-05
4.762730505554648016e-05
4.780081389672045597e-05
4.786728656135135667e-05
4.447958588962710942e-05
4.353232047364827240e-05
4.259464104107228802e-05
4.467717548124630709e-05
4.493663872226040995e-05
4.332480770328138805e-05
4.001108241342301686e-05
3.910506922063364580e-05
3.929255994334019867e-05
4.316796819049088259e-05
4.235748738095899052e-05
3.978475253759773835e-05
3.887467271199684645e-05
3.905749877138205411e-05
3.945693659890151997e-05
3.777329744341194074e-05
3.476771037269483887e-05
3.470705584856616027e-05
3.604105474493103037e-05
3.400523954863056945e-05
3.481061496820551661e-05
3.404278750814479222e-05
3.305902551724965947e-05
3.246360697153420199e-05
3.158844326524041374e-05
3.371079648654837441e-05
3.326602820184360054e-05
3.221013242168254499e-05
3.134383481298246265e-05
3.110149512709011084e-05
3.020079177306918256e-05
2.972326873044586835e-05
2.952086699055223544e-05
3.055782749086007332e-05
2.893629740761115445e-05
3.027219436869590653e-05
2.927618709271195781e-05
2.702588506546281988e-05
2.631846229077641400e-05
2.751002273860697633e-05
2.738505399278121991e-05
2.680897720276410968e-05
2.730442915289842722e-05
2.727788987127595017e-05
2.555973955739233345e-05
2.543435172138576808e-05
2.756838229106972225e-05
2.621836874329166076e-05
2.650276010480677843e-05
2.749288800624076544e-05
2.683370777771557512e-05
2.568586648820933783e-05
2.539562476743854893e-05
2.571168037587906127e-05
2.437042518905234098e-05
2.501556357540374539e-05
2.634655790198551600e-05
2.638658328840185643e-05
2.520904400862294693e-05
2.516602923428173594e-05
2.405819305442362225e-05
2.430425863275448130e-05
2.561414545624595787e-05
2.440228473029223188e-05
2.336096215102923202e-05
2.411207861483010548e-05
2.477784662247098176e-05
3.072336381173403172e-05
3.560886246515804980e-05
2.462963991609559106e-05
2.411298492987867562e-05
2.327412273426035437e-05
2.195797991836478477e-05
2.123887471300622582e-05
2.177592389610527140e-05
2.149617532880531613e-05
2.058690380142846898e-05
2.166587062731446757e-05
2.149477145665140330e-05
2.012426475931382012e-05
2.000005804630674940e-05
1.995005195933845034e-05
1.986224607080137004e-05
1.966922652752903545e-05
1.897151081548678085e-05
2.079222456249752059e-05
2.103470605231501483e-05
2.040877613979626698e-05
1.925993004205437312e-05
1.934846357923722474e-05
1.913057728087609128e-05
1.979814010763963452e-05
2.015413636681907225e-05
1.852955027104958715e-05
1.883054425691423653e-05
1.825607133825595346e-05
1.883467435338914207e-05
1.949012154164552388e-05
1.887485510348735967e-05
1.815035356039002140e-05
1.817281647298983204e-05
1.817863594519106030e-05
1.950856385896008628e-05
2.132377050758586446e-05
3.695014615385506759e-05
3.940674340067928727e-05
2.050090832220375462e-05
1.864998674975331495e-05
1.909978753032239254e-05
1.878031594113415870e-05
1.807300882518354923e-05
1.889713968857779829e-05
1.963237541292597348e-05
2.012503055319264048e-05
1.781479743004780515e-05
1.774982420985740309e-05
1.771750244762198081e-05
1.751865930072348624e-05
1.767494970801463362e-05
1.815003038974152217e-05
1.797599419532782943e-05
1.792374620079463369e-05
1.858055687025982996e-05
1.719924394139775783e-05
1.719595546453327458e-05
1.613574330384589666e-05
1.636704914550532718e-05
1.679303636016521098e-05
1.644683902404646560e-05
1.546760036381796837e-05
1.569322733856111000e-05
1.536205053870525296e-05
1.499027364916683065e-05
1.525676557266182520e-05
1.649484064499353203e-05
1.566330348480086368e-05
1.559295339015547390e-05
1.508963271857227559e-05
1.519982212216547988e-05
1.511520775457103711e-05
1.482136894304898792e-05
1.444994593076976055e-05
1.495098272179230613e-05
1.538498806615320856e-05
1.477329228643292515e-05
1.545864375220193604e-05
1.549515710530578147e-05
1.481405127705802805e-05
1.496970799367816305e-05
1.452171721092572885e-05
1.432798198565631846e-05
1.432697615013132599e-05
1.468059755221892171e-05
1.429123168876814224e-05
1.392019073481640148e-05
1.204727642963652894e-05
1.201354632785710784e-05
1.283179013083193214e-05
1.276220969494809095e-05
1.273660406217827489e-05
1.211585572896663128e-05
1.263815756276517269e-05
1.197434578583677646e-05
1.132025492443384204e-05
1.193432070985467221e-05
1.211291867326737693e-05
1.157759353839883899e-05
1.222671744743670356e-05
1.187895375271706427e-05
1.082428532201768581e-05
1.099927964801495749e-05
1.042647415064474504e-05
1.018604500328663876e-05
1.034598785350581039e-05
9.989160232864269812e-06
9.366519776511619521e-06
9.385611144954823985e-06
8.953356118756429185e-06
8.377822896327401643e-06
8.636659537384719726e-06
8.686197019555590336e-06
8.419321695919265841e-06
7.776080199437001059e-06
7.787996990344987311e-06
7.904278972517838912e-06
7.669465236422712325e-06
7.645822423776743875e-06
7.417738946250760474e-06
7.252130457283393758e-06
7.351444611137884868e-06
6.917227334333879925e-06
7.048891965621046190e-06
7.280618402343903697e-06
7.448508614148961795e-06
7.255846111424635543e-06
7.490874120939280624e-06
7.529951474202742264e-06
7.504581995528452124e-06
7.761430164866601602e-06
7.682697089711277357e-06
8.383613671834583061e-06
8.864160934441822271e-06
8.992326820796140409e-06
9.426466134600381666e-06
1.002848146351507733e-05
1.044997887757529825e-05
1.030924299798908156e-05
1.107936211098950574e-05
1.204349499247018928e-05
1.304761622158839874e-05
1.379393892509291087e-05
1.605269279184568898e-05
1.708860743275191117e-05
1.894227666357290306e-05
2.167742433298055661e-05
2.415670404635319321e-05
2.719594322376304088e-05
3.072195296386861672e-05
3.598286902581561864e-05
4.242385796531210069e-05
4.862067406449366704e-05
5.651648174501703914e-05
6.704382752069027926e-05
8.435940588003507654e-05
1.776643805998722413e-04
3.822557655149481622e-04
2.510145660378742660e-04
1.909172566857790792e-04
2.319642765565817298e-04
2.825181022450861984e-04
3.450292751222771258e-04
4.347700375471293729e-04
5.578131796649244247e-04
7.215027427844958622e-04
9.380980433204415833e-04
1.209564913470041357e-03
1.611739555608001718e-03
2.183541743573139040e-03
2.914930234458213299e-03
4.048338499076483549e-03
5.487979482469136291e-03
7.447347215371886119e-03
9.494290108133594808e-03
1.290732393096202628e-02
1.502764650458739137e-02
1.656359580044632421e-02
1.514284753048829139e-02
1.162080250830855623e-02
8.063014723235048531e-03
4.962133569529656590e-03
2.884821781910191629e-03
1.609531236163615339e-03
8.550496087856610753e-04
4.470246485521441938e-04
2.382075159952392034e-04
1.408439889724043834e-04
9.837400969421945709e-05
8.176290891311315673e-05
7.820311618150920679e-05
7.822902947732734372e-05
7.923714696866202651e-05
8.059686046336815882e-05
8.170472768926822029e-05
8.254527942678351342e-05
8.304747061525143289e-05
