1.166791604392094728e+00
1.252408403438980855e+00
1.205824886345905567e+00
1.125010711775272787e+00
1.103336596334915987e+00
9.910326341401706207e-01
8.164420166515153898e-01
6.745662430014554012e-01
5.360638237307423504e-01
1.072673916112883541e+00
1.624775776887963730e+01
1.466563802190707300e+01
6.418166678606552766e-01
1.053191522953793591e-01
6.764957745834797309e-02
4.960655972172468148e-02
3.837143812426546674e-02
2.916135560662330012e-02
2.329077312662980459e-02
1.814682812564520978e-02
1.412773801732997679e-02
1.179265628795335245e-02
1.019103309203736422e-02
8.934210291709369922e-03
7.446018219858033249e-03
6.608674667231361453e-03
5.993865242035045782e-03
5.533730525866137687e-03
4.845245907168802511e-03
4.471941778371802886e-03
4.070031589743462394e-03
3.937964019145313334e-03
3.809214759203587587e-03
3.428675879935488575e-03
3.095773933428645590e-03
2.766489499325939985e-03
2.544342704224554757e-03
2.553867942965719860e-03
2.523416889687833502e-03
2.271392520823639974e-03
2.122827172963392614e-03
2.029939409385580693e-03
2.055165575514391642e-03
1.873256633868624699e-03
1.600993598712444413e-03
1.550422227819495775e-03
1.425368105682519801e-03
1.341296247811424877e-03
1.260067238101580684e-03
1.190294006844836924e-03
1.117940847791740666e-03
1.080213026334975006e-03
9.822325572753129019e-04
9.361259444075286339e-04
8.923857338298276211e-04
8.475962891791692655e-04
8.383221400663921474e-04
7.702077626002680564e-04
7.585876099168226876e-04
7.118395663895833725e-04
6.814615413541624117e-04
7.086283761766052659e-04
6.725146389847147825e-04
6.142658267030656110e-04
6.168202514522145392e-04
5.874515839650508052e-04
5.255847932689400662e-04
5.288714760555363395e-04
4.776566113653393439e-04
4.540832718048802888e-04
4.612498205691027936e-04
4.101211033183557687e-04
3.819519968815843366e-04
3.930312959212917687e-04
4.003326322234918629e-04
3.659911765518075971e-04
3.431155408964486268e-04
3.371857003846192159e-04
3.177449132881078587e-04
3.163831586658017391e-04
3.163435066837589314e-04
2.949020341340687708e-04
2.815243373035353734e-04
2.805211502476045527e-04
2.774851421165271548e-04
2.706304132706937107e-04
2.387066252905576552e-04
2.281466601490205522e-04
2.370020708387324140e-04
2.481124190387918780e-04
2.827275633339901653e-04
3.292713742886151963e-04
2.199283493765638250e-04
2.015601362950481521e-04
2.072468932154639825e-04
2.182554977734262275e-04
1.991136057129978007e-04
1.744789615259985166e-04
1.773056894826490588e-04
1.812147510380362765e-04
1.736230515883397752e-04
1.634028789718616499e-04
1.608200411350054989e-04
1.664134074115469297e-04
1.569612530710206861e-04
1.508715368421627236e-04
1.532824594550123395e-04
1.587565311532875814e-04
1.511038493893555694e-04
1.411192156726327903e-04
1.517483213122743655e-04
2.642060631704246315e-04
3.424905488442881959e-04
1.597901030011477719e-04
1.301193306893030813e-04
1.303912356357627930e-04
1.300429296481900527e-04
1.210106777608845741e-04
1.193159771090651866e-04
1.158888744094652167e-04
1.091081074168116782e-04
1.076457982277083684e-04
1.148047614211812129e-04
1.094331297928485141e-04
1.028029071720242503e-04
1.000565989770532379e-04
9.952321627028372071e-05
1.005570712706566869e-04
1.184397713684593096e-04
1.087400148679417225e-04
9.501329546051398523e-05
8.775317885201459043e-05
9.054536412239794511e-05
8.784907922400790679e-05
8.512151530976426103e-05
8.673584769378494695e-05
8.113944071640481412e-05
8.261778192655005071e-05
8.184716723032189325e-05
8.008147606491705563e-05
8.064372504986642553e-05
9.678253350978949731e-05
9.026614296282599119e-05
7.543879632119480808e-05
7.759210668440227757e-05
7.510170345244585510e-05
7.388271628627686872e-05
7.079852081360983140e-05
6.532096906738322811e-05
6.312741437714274083e-05
6.457109591082676829e-05
6.039944035696208547e-05
6.374502794769632908e-05
6.562667360952502318e-05
6.346250225386487797e-05
6.264995268182447694e-05
6.017445663831329298e-05
6.136787216972347037e-05
6.239400068541740678e-05
5.960433331994931282e-05
5.715774203583020332e-05
5.487054891447396855e-05
7.384943535337516653e-05
7.064087629971868923e-05
5.492394805428692678e-05
5.289584483050745948e-05
5.118585299217669399e-05
5.205380439404739493e-05
5.131813975526410942e-05
5.431152911951984133e-05
5.274318410721796208e-05
5.253008125256552129e-05
5.115538436660642825e-05
5.192253424830149059e-05
4.946382058616117909e-05
4.722621785581928617e-05
4.880488772800313616e-05
5.078606509199553258e-05
4.783349547371420243e-05
4.822830704026913166e-05
4.928483177026628107e-05
4.705515727827872121e-05
4.324568490494320197e-05
4.505776680072371240e-05
4.515916617423334221e-05
4.180007464504453959e-05
4.017822055457897492e-05
4.094443851752413844e-05
4.242731145106761912e-05
4.208657940389831008e-05
4.323498247017495760e-05
5.421134497659831292e-05
8.121792306357386473e-05
5.540654640353183375e-05
4.036973480187647608e-05
3.796576826420350900e-05
3.824446613936007753e-05
3.837716928207797457e-05
3.964949033835357857e-05
3.883800437691453769e-05
3.793009137053889279e-05
3.853600898997833608e-05
3.927664443954273309e-05
3.932876914398712780e-05
3.640683742687428131e-05
3.545027081226464322e-05
3.746080178005480114e-05
3.739156751710202619e-05
3.537381472353328196e-05
3.625318700088840022e-05
3.737886197180200713e-05
3.570502014213542102e-05
9.093814952149653207e-05
2.291664424505837335e-04
8.685591711095255046e-05
3.479570915071409786e-05
3.289581189292282857e-05
3.202821478971490301e-05
3.178869183597614318e-05
3.338227511783689139e-05
4.098393051899081664e-05
7.272772107113961628e-05
5.466415301299734343e-05
3.331816432438530464e-05
2.949092627561067403e-05
3.067731960439763257e-05
3.037441053689116186e-05
3.209036879161223819e-05
3.011255009795588773e-05
2.864303761346653727e-05
3.006577522045766936e-05
2.996234516981081646e-05
3.070283523721778658e-05
2.951298489702585136e-05
3.021823791241168606e-05
2.870791607927654823e-05
2.766852973523881528e-05
2.894855484296134809e-05
2.857316343676557824e-05
2.901232481809863620e-05
3.342014525029975906e-05
8.527425256106163393e-05
2.648293755346790455e-04
2.860134748086679696e-04
5.168845645376593566e-05
2.851393055072798494e-05
2.681624707257245925e-05
2.653727773430916017e-05
2.662487022771938797e-05
2.457771867497221335e-05
2.667320311920959644e-05
2.609513644443555355e-05
2.483877318067312671e-05
2.452889299632485186e-05
2.469676032962193056e-05
2.545253819557368821e-05
2.631092318125144604e-05
2.518223327250657362e-05
2.532320664464876120e-05
2.412959724520561495e-05
2.403709631675096542e-05
2.943698008620936488e-05
6.171412027619334155e-05
2.290885415463344004e-04
2.726704676457120070e-04
4.993756203757387040e-05
2.459929076845951418e-05
2.372845930759882836e-05
2.467609869057690912e-05
2.311479370473798698e-05
2.155249402532435828e-05
2.190206643764467003e-05
2.365251579614328434e-05
2.406192782545387964e-05
2.177275844376315409e-05
2.177821007836606016e-05
2.223275079607651736e-05
2.312969309935975043e-05
2.305158904064936312e-05
2.248776867937224267e-05
2.356842982151417443e-05
2.205136711177323449e-05
2.126706178721397454e-05
2.198344552969912804e-05
2.035505024104154566e-05
2.005015571852905042e-05
2.048191261953185164e-05
2.037799799732113455e-05
2.125745442783195252e-05
2.117336399837226469e-05
2.134488044509464289e-05
2.343141004662654270e-05
4.449225170309317604e-05
1.425845502760252287e-04
8.189130653755138380e-05
2.317302965362565812e-05
2.090208368353406142e-05
2.056616732217858627e-05
2.019326578026695029e-05
2.008376603103614714e-05
2.053995338423179835e-05
1.990285136103854224e-05
2.034232584346584596e-05
2.068958015676176435e-05
2.698911719547920750e-05
2.260416146139692832e-05
1.975841017655272973e-05
2.042694611051739463e-05
1.999375643689757609e-05
2.020359629667749094e-05
2.086103835686237658e-05
2.227177851864882993e-05
3.017912205980921727e-05
1.437209179091709129e-04
6.588026322419121431e-04
3.577969921749122304e-04
3.948128667068789008e-05
2.469721686378507198e-05
2.195783442252396251e-05
1.981815440326654531e-05
1.852440967217546666e-05
1.828088310749987182e-05
1.796625405856687875e-05
1.831794330145362240e-05
1.797910130300824725e-05
1.741592892186716329e-05
1.693345703023208527e-05
1.763824536521287471e-05
1.815156430122528787e-05
1.776580293256454265e-05
1.825379061425790934e-05
1.741889339978372283e-05
1.812038899582272159e-05
1.882826435584154860e-05
1.886088313006317396e-05
2.093235415853931652e-05
2.059631176395567600e-05
1.863147415218398539e-05
1.949557622534097375e-05
2.037957261169174507e-05
2.199038159384016268e-05
2.487165660501111503e-05
3.672640969379463709e-05
2.460519572458306765e-04
5.022995725393640054e-04
2.396789044137771915e-04
5.106207487925854861e-04
2.116955413864975339e-04
3.367947163239085702e-05
2.730971360090644618e-05
5.015104722673952898e-05
2.277658255074515659e-04
2.109550975290062490e-04
3.630514557254234127e-05
2.163880775187649623e-05
2.545377064770965698e-05
7.146099319105283479e-05
8.029249407730751906e-05
2.833545699273645434e-05
2.242234118991077624e-05
3.281611907686690952e-05
1.068219651371668814e-04
8.288018779789209790e-05
3.386878081188697732e-05
1.584515023755644523e-04
2.912480733483871790e-04
7.868064687208364784e-05
4.025937238804976710e-05
2.750184284171654808e-05
2.161805851050744242e-05
2.209352580478820852e-05
4.741525454981076728e-05
7.772020843458744182e-05
3.186819740141138641e-05
1.886830068945820555e-05
1.777152542258645101e-05
1.857181636706332797e-05
2.465960640382833789e-05
2.497080103793666525e-05
1.710907080448856584e-05
1.629327432880625464e-05
1.658272714645812589e-05
1.782125461078248760e-05
1.647233532723826080e-05
1.582188130129096081e-05
1.611998182901492628e-05
1.621586109448370128e-05
2.471009892784196429e-05
3.881780581675994222e-05
2.416269260717512733e-05
1.846317784577456133e-05
1.874650724969934972e-05
1.990091955561441251e-05
4.024047644668311244e-05
1.770636253078489391e-04
1.545871300716566000e-04
2.838593326373118134e-05
1.818617887173047841e-05
1.770403183286766295e-05
1.753638219401637392e-05
1.395128957379410432e-05
1.389257640007985713e-05
1.319526966589599915e-05
1.401297575982456728e-05
1.402857603867679747e-05
1.399239846017311489e-05
1.428841769437873669e-05
1.284601222368699147e-05
1.320274734423498773e-05
1.456344913817001257e-05
1.214210738763975041e-05
1.202890847208056508e-05
1.282241525206207915e-05
1.567694175253501527e-05
3.721505429002716062e-05
1.678496220151297227e-04
1.300040676061161508e-04
2.587877901083557701e-05
2.019766753135808385e-05
3.723714816330819035e-05
3.611483052595113995e-05
1.520785096643064417e-05
1.207558960363720990e-05
1.108643011428985894e-05
1.033775138753076216e-05
9.537025635662702746e-06
9.872361425073288528e-06
9.783517280742965222e-06
9.743444948338087018e-06
1.574637006680724036e-05
2.743875232950144177e-05
1.495331709949527788e-05
8.505524689841820532e-06
8.168638846804372674e-06
7.726496032963954471e-06
7.258241762981857618e-06
6.936429210058690133e-06
7.253968935012482717e-06
7.315316023748451303e-06
7.158831270223283922e-06
7.408257266159539993e-06
7.512465227999425008e-06
7.804811460451664088e-06
9.164192142474886422e-06
4.081066338382962331e-05
1.237239673026250782e-04
5.481174905064476035e-05
1.325864450496430642e-05
1.154731359489269008e-05
1.368785090721053995e-05
5.951989520938449012e-05
1.666339196301647597e-04
6.459951918946877053e-05
1.294100125021495530e-05
1.058755148739690774e-05
9.999661532492441193e-06
9.918612358576252963e-06
1.016951628275710789e-05
1.027842629400680211e-05
9.137164881649170636e-06
1.000123489658530275e-05
1.546877086405476343e-05
1.631069926871417568e-05
1.045717867997130101e-05
1.107282463921396667e-05
3.388227706510717690e-05
1.002220130785131297e-04
4.889482618284357720e-05
1.248919763729488478e-05
1.025382396756687023e-05
1.016010804266765306e-05
1.791809009628639210e-05
3.467246235827342192e-05
2.211326504704393692e-05
1.549592098758387522e-05
1.687341839325754567e-05
1.910492168217753166e-05
2.105488389163697122e-05
2.256644320670133722e-05
2.685735983611923865e-05
3.192358766405671198e-05
3.972187562774151949e-05
6.616279247797135542e-05
9.058103521425434263e-05
8.256040084176870849e-05
8.975542893764559902e-05
1.146491361384563087e-04
1.472320570510322901e-04
1.940393456953618662e-04
2.422610986890512245e-04
3.224961607203307855e-04
3.648199803380508684e-04
4.351227247628344091e-04
4.457595794412099648e-04
3.086472129488468169e-04
2.106583541548315069e-04
1.478067974949407999e-04
9.251511344088573141e-05
6.467474680412187713e-05
4.912141768242521975e-05
3.975645232269687271e-05
3.575175703284328360e-05
3.398381116077707357e-05
3.318024649515788712e-05
3.300969539917177406e-05
3.297757149986045594e-05
3.311405241107481052e-05
3.319958725050760638e-05
3.330171531441340657e-05
3.336685275424746338e-05
3.342126769511955436e-05
3.345347253983272951e-05
