4.182298621984231524e+00
2.494160986050016238e+00
2.630522134536768419e+00
3.525802129413456942e+00
4.624469258525112814e+00
5.736570490039413883e+00
6.904994547343768829e+00
8.430603171477564217e+00
9.617221981794115138e+00
9.970311765000190007e+00
9.530041472305638806e+00
8.875560137270124272e+00
8.165073738873548592e+00
7.141306049138267831e+00
6.411815304464942855e+00
5.734473984848956540e+00
5.244187271299097119e+00
4.686911179514770431e+00
4.234741050621136260e+00
3.789207463064746317e+00
3.493846488019455965e+00
3.068426526495309670e+00
2.876925343459391549e+00
2.699892054527957441e+00
2.451594219951043652e+00
2.311955175902223658e+00
2.193688984900210137e+00
2.054226574548083661e+00
1.838798464150826373e+00
1.704953508955442176e+00
1.634670346662614904e+00
1.570439421295929838e+00
1.508969610056511312e+00
1.412574252244699569e+00
1.389790502726417021e+00
1.302861312852519715e+00
1.194403624080518478e+00
1.143331535728673076e+00
1.103199220766596156e+00
1.045517918679992553e+00
1.009925284233339049e+00
9.853343431721468537e-01
9.415961597662391158e-01
8.803476272209120879e-01
8.473767280027050264e-01
8.356637265797725034e-01
7.922000746276691707e-01
7.911198352505330877e-01
7.747509355819220955e-01
7.500902955229499236e-01
7.392032041852177882e-01
7.394229803008773860e-01
6.893108073397300473e-01
6.608224781534620673e-01
6.639375022694226081e-01
6.431488661905467863e-01
6.201483920559427432e-01
6.110486682051289309e-01
6.232058767974343327e-01
5.974343681868005129e-01
5.899006173695054978e-01
5.882198652753011237e-01
5.862388652311658621e-01
5.761626994673072488e-01
5.705734044237658065e-01
5.656245192777267228e-01
5.449791233558712866e-01
5.443515874120912201e-01
5.315863223015068195e-01
5.171054263833932962e-01
5.087347433944523489e-01
5.028747246851204000e-01
4.984080430917655069e-01
5.060097053914210941e-01
5.067936241553187005e-01
5.102264350203385979e-01
4.997430609855019745e-01
4.798326656139711988e-01
4.710519621045590188e-01
4.845889669521559195e-01
4.902671533039871243e-01
4.734435762627464683e-01
4.749955835438368079e-01
4.883310836903161922e-01
4.917419114707703987e-01
4.847808011085416591e-01
4.690084397507116587e-01
4.701851673495200945e-01
4.724443904910398118e-01
4.898822950205996563e-01
4.922761463773567825e-01
4.788951648040839504e-01
4.831320381928490559e-01
4.968360937220102636e-01
5.044920915015800311e-01
5.060934281389267708e-01
4.979120597765179235e-01
5.010858624024125962e-01
5.201756031526680868e-01
5.140102614251942370e-01
5.272331669623822048e-01
5.354226406689214235e-01
5.360614510338670424e-01
5.595063678773767313e-01
5.653254936145584164e-01
5.778392334847586298e-01
5.952210589691799836e-01
6.065001954564638309e-01
6.172456419124001670e-01
6.380772460641956911e-01
6.623334145689413477e-01
6.644178683351292802e-01
6.650067910168566687e-01
6.809689680742330165e-01
7.298829636073227434e-01
7.463845188299951250e-01
7.592345907038051678e-01
7.781909946571283765e-01
8.164497860566600762e-01
8.445802837949987207e-01
8.389708152611525804e-01
8.813446303865128950e-01
9.364853687949390437e-01
9.727341675164794532e-01
9.875010757798332595e-01
1.006620499552134840e+00
1.052042746595218459e+00
1.101892151401937081e+00
1.184518926876213740e+00
1.292284438168549654e+00
1.339238811316884936e+00
1.410395077542208719e+00
1.508938564913375746e+00
1.617051113278664909e+00
1.703610109180903276e+00
1.870986855411519212e+00
1.951858099299313531e+00
2.129408582665209604e+00
2.374033447911779948e+00
2.580324023847725190e+00
2.825995968164896510e+00
3.191708686017748597e+00
3.541659314431100380e+00
3.989537875072726614e+00
4.721242186151142661e+00
5.279999085515266977e+00
6.064509583133196102e+00
7.341679019488648983e+00
8.723676818523827592e+00
1.078723459324736744e+01
1.438532067117314561e+01
1.903795450550736135e+01
2.762622520782635149e+01
4.214264455986197078e+01
7.729625319682810414e+01
2.055127055911960952e+02
3.939934557832542396e+03
4.119135874544404942e+04
2.764713572558280430e+04
8.385727121543626481e+02
1.217469813860167136e+02
5.258447563551474246e+01
3.028560551772975273e+01
2.045685593034459515e+01
1.462124820367252021e+01
1.055471203596811947e+01
7.993532819206349060e+00
6.469349636414035487e+00
5.200771935037030502e+00
4.379560010810438442e+00
3.766770564982866887e+00
3.153986786722071667e+00
2.641160883314248142e+00
2.290553953429253387e+00
1.997693561699815712e+00
1.763761638237123730e+00
1.618062317431392616e+00
1.456796083899651872e+00
1.273825791418258024e+00
1.121358949005017536e+00
1.027229633569557210e+00
9.473823832038250625e-01
8.457033984982677000e-01
7.770528796037710073e-01
7.144472688038855379e-01
6.593321790869148824e-01
5.899663973043611787e-01
5.467930256756341478e-01
5.198405536109338421e-01
4.778377764208452949e-01
4.518004436026166748e-01
4.212473276332690530e-01
3.973762893436122989e-01
3.801491626388224243e-01
3.469047217796181748e-01
3.250809444431823625e-01
3.046731529292920349e-01
2.832114899341218184e-01
2.698312476484683864e-01
2.532353502951311119e-01
2.392941935672383280e-01
2.286659505016248595e-01
2.189109947251397514e-01
2.100851510612056217e-01
1.947085442508866837e-01
1.864046329677427893e-01
1.802817134036162339e-01
1.741323541266094621e-01
1.610697779518408812e-01
1.534634857617957482e-01
1.458422429455822622e-01
1.382774879834693660e-01
1.345312501084314494e-01
1.292597833417987729e-01
1.261899219969870589e-01
1.142635739713324938e-01
1.104891257715985980e-01
1.055997135832156542e-01
1.038734334739423587e-01
9.988932647365024453e-02
9.527359912942998110e-02
9.332870833994660886e-02
9.009199527133426866e-02
8.786118096461036087e-02
8.156969535770892954e-02
8.025789515608380831e-02
7.803776947568655253e-02
7.671654187381961310e-02
7.336332884318802483e-02
6.833080437967624376e-02
6.548382508344399722e-02
6.422520783702963254e-02
6.381644583217602196e-02
6.055377800138680988e-02
5.999058439553809491e-02
5.755060665702539657e-02
5.590006022577953537e-02
5.300142516832204859e-02
5.222672147687034555e-02
5.108291246559121257e-02
4.897863338228620328e-02
4.741123083022171641e-02
4.612069148167274174e-02
4.621032956635470063e-02
4.446170930148309053e-02
4.283570722250776286e-02
4.138108800918834096e-02
3.957365080152425857e-02
3.904686233989065891e-02
3.738262835177577625e-02
3.818280073887760084e-02
3.722465752933105249e-02
3.511269829168628398e-02
3.366597626966821161e-02
3.324930923469726629e-02
3.177080253860369713e-02
3.204642383103890185e-02
3.235495828855045747e-02
3.102636829754366540e-02
2.940917485236939008e-02
2.860219618144363776e-02
2.829524302420440354e-02
2.734216269042090419e-02
2.554278972622209265e-02
2.579987495579088436e-02
2.599329269323891189e-02
2.425363130879332543e-02
2.411663562555819290e-02
2.447360928378075270e-02
2.327851832624255879e-02
2.189236043471318519e-02
2.157202183683885888e-02
2.175156896814402913e-02
2.117753527872773614e-02
2.056084954198602113e-02
2.011623322711186476e-02
1.998221766275783823e-02
1.974615642690969244e-02
1.915613883747716018e-02
1.836714008462492220e-02
1.866299530322262576e-02
1.777710204571902181e-02
1.758307906065873991e-02
1.717194517288787858e-02
1.663827475053906643e-02
1.631295052990548722e-02
1.615256972766591914e-02
1.573924375224010352e-02
1.550489832743037928e-02
1.535740661154424112e-02
1.516928457124219233e-02
1.492253169998907468e-02
1.513413308497023844e-02
1.493505456787272423e-02
1.442010426142241106e-02
1.409513875067823149e-02
1.413115755720183164e-02
1.364974886612473591e-02
1.312759802286579680e-02
1.288677582264478698e-02
1.287145173108258586e-02
1.253800477279443451e-02
1.250973381630585309e-02
1.217452437745137998e-02
1.213222195183341623e-02
1.182646387267503180e-02
1.201724441847966049e-02
1.209737053025185596e-02
1.218694524791891221e-02
1.389430159835035317e-02
1.301112707627898220e-02
1.293918160415039216e-02
1.571247885706690203e-02
3.544691463280196658e-02
3.124145800329222178e-01
4.310404247375763664e-01
6.008415586686097210e-02
1.452763376974933879e-02
1.158685753779510434e-02
1.032791976499106666e-02
9.556284196070376907e-03
9.415938616765427358e-03
9.216504789044111662e-03
8.864054094966287989e-03
8.750366190808153005e-03
8.627775010268489905e-03
8.237146259094781098e-03
8.244775737591806403e-03
8.095525875421687514e-03
8.016594585177115248e-03
7.663616006148673415e-03
7.638045004935043250e-03
7.868893663780164582e-03
7.759763130394568657e-03
7.601408515501493525e-03
7.569668991225238924e-03
7.382824777093278251e-03
7.175250271338912481e-03
7.054255901564310781e-03
6.949244438074562123e-03
6.847020711736015279e-03
6.726916145368553451e-03
6.646024183080045424e-03
6.731407321958269956e-03
6.683221728000525788e-03
6.386430734029294176e-03
6.270401974307050937e-03
6.118792653144465229e-03
6.219577079726945103e-03
6.407857033943166296e-03
6.317297652833770913e-03
6.183402348351045227e-03
5.952266296693610112e-03
5.700473802433364719e-03
5.745562517218302974e-03
5.776187618806805611e-03
5.643098700749422936e-03
5.633440330832764804e-03
5.792039818681544126e-03
6.558380815407919943e-03
7.346434696502966190e-03
5.756570841983574792e-03
5.356761478153458482e-03
5.317271155182631652e-03
5.146671053616633067e-03
5.107131865492354865e-03
5.093204761928707240e-03
5.021236417001404863e-03
5.078574028084249098e-03
5.004286792875389626e-03
4.833103588447361203e-03
4.777367709636024667e-03
4.715464662264668393e-03
4.804320612731569420e-03
4.630640008628472172e-03
4.561732038898065958e-03
4.552964306673412849e-03
4.433225696095652313e-03
4.368544112459808205e-03
4.316357661401630345e-03
4.260674843885824820e-03
4.353709467304096338e-03
4.309609541761876515e-03
4.151922129965981284e-03
4.090155153858199451e-03
4.112875260058912116e-03
4.108586008371773769e-03
4.021442956298669665e-03
3.941974026180555118e-03
3.990070463949278376e-03
3.985154863990481022e-03
3.834386667287375053e-03
3.753674838086472863e-03
3.744877806974086700e-03
3.644733653017914743e-03
3.695553735146062807e-03
3.578451163129830678e-03
3.532812838968335967e-03
3.519882767476811922e-03
3.470771319939976521e-03
3.428632739155964768e-03
3.386317486503884720e-03
3.267270247828726795e-03
3.228765008086006884e-03
3.168748258017476185e-03
3.057000846229159484e-03
3.050601662133904136e-03
2.934542332200960803e-03
2.988542954292726719e-03
2.951025539377234198e-03
2.852273774341845206e-03
2.859207450070318148e-03
2.815261711067828208e-03
2.755280182562602764e-03
2.831803076355053714e-03
2.697809424098375139e-03
2.540116218244058491e-03
2.641652520141869222e-03
2.644860102974567855e-03
2.488152004978900090e-03
2.474036860078698569e-03
2.502327359037151942e-03
2.474748960729553342e-03
2.484847262376009471e-03
2.467992623268262103e-03
2.404614292465433179e-03
2.458094980120616689e-03
2.469105346883976922e-03
2.484002291622252733e-03
2.455012485913216688e-03
2.483200669216024687e-03
2.587738781984151928e-03
2.671364151183749838e-03
2.721109644136409777e-03
2.813396342966865103e-03
2.881483282297645117e-03
3.000484706078775619e-03
3.074415525496569483e-03
3.193967812401134893e-03
3.340039382023092356e-03
3.701565614871264558e-03
3.937036230935860373e-03
4.083786186632138403e-03
4.327638722520524284e-03
4.702824894507035697e-03
4.914470421711590771e-03
5.272114043100115978e-03
5.960376306489660776e-03
6.667426739852692734e-03
7.503629719316321292e-03
8.174710137734370746e-03
8.964680079271003868e-03
9.849008002090436573e-03
1.080761662107869621e-02
1.207287627666222413e-02
1.384274830664577842e-02
1.566094830885641706e-02
1.785293683081969757e-02
2.101956735994402886e-02
2.299101362965692147e-02
2.688845028531408610e-02
3.229239772324212637e-02
3.739069171169923794e-02
4.411347117498899684e-02
5.165654168741737329e-02
6.156630348758423965e-02
7.361914073299735684e-02
8.774590616092489692e-02
1.032510106685593093e-01
1.196859998879651887e-01
1.455817857603822485e-01
1.864732475960970415e-01
2.352932645050726801e-01
2.887055678406377224e-01
3.551551985982289161e-01
4.465945621654303643e-01
5.543944465321363202e-01
6.778292001749728346e-01
8.587959130212740044e-01
1.114649816360175461e+00
1.448641645053891480e+00
1.881406731304674507e+00
2.430816523210310720e+00
3.227881792140401274e+00
4.393796128406141754e+00
5.880188263021322470e+00
8.171642975678871323e+00
1.107867666013699903e+01
1.505267685904174790e+01
1.924376330844943794e+01
2.610484972956916749e+01
3.041220806952564715e+01
3.351448892489533904e+01
3.068287611379712132e+01
2.350846950727252604e+01
1.629681959268657820e+01
1.004329749795958371e+01
5.852998098531405624e+00
3.227353648191673585e+00
1.712540981019737174e+00
8.853295449881795065e-01
4.649963420269747627e-01
2.649240760938635919e-01
1.786124387411198722e-01
1.473345645583124808e-01
1.381871593912817608e-01
1.377031449735954260e-01
1.399201003681376787e-01
1.424228242991044391e-01
1.445710378299520094e-01
1.461486698908110726e-01
1.471117867475472962e-01
