2.693596546513710610e+00
1.977278932014874036e+00
2.042675753542978700e+00
2.467832987411698653e+00
3.068040598318330758e+00
3.555081019417455135e+00
4.138459595271154257e+00
4.866632422062723506e+00
5.209674339281418654e+00
5.443762417152020916e+00
5.261902715768627559e+00
4.815390201516953184e+00
4.404196683737317208e+00
3.833092965436772914e+00
3.445046137164623712e+00
3.068746417846337948e+00
2.772067999106482272e+00
2.450322044805303801e+00
2.220423179764246857e+00
1.979492895566787425e+00
1.829786660275368737e+00
1.604146175639411087e+00
1.489089070802980030e+00
1.401475488397490476e+00
1.270378742474236766e+00
1.190614071330724943e+00
1.120439932335420608e+00
1.039023888227456505e+00
9.256103384587184291e-01
8.562137802388677388e-01
8.213312973814909101e-01
7.854405148401537584e-01
7.475350431292737685e-01
6.952163867574185918e-01
6.823038262937897169e-01
6.338524098753777203e-01
5.787643984628637606e-01
5.525234055064239813e-01
5.303515993346320512e-01
4.986571093440682612e-01
4.803483460547165462e-01
4.664894843348182940e-01
4.419047033681838266e-01
4.079476657841326070e-01
3.912871144946889479e-01
3.822564922929327369e-01
3.604899842508562102e-01
3.576059786239559335e-01
3.467350266566890937e-01
3.322243463131209218e-01
3.254170866189891598e-01
3.234724166281042756e-01
2.990653341732399384e-01
2.832218043844081934e-01
2.825672618889142340e-01
2.722855202399418473e-01
2.594020497937651326e-01
2.531217909243497211e-01
2.554946418387982754e-01
2.424528934380026091e-01
2.374804233038949330e-01
2.349495999034509897e-01
2.315925770126491812e-01
2.244037393340695963e-01
2.194827656170778574e-01
2.149133802678583061e-01
2.051487594016440930e-01
2.023861804803854803e-01
1.945965833730201877e-01
1.876659873940493273e-01
1.819018769065872676e-01
1.777516581107048688e-01
1.746739859319746957e-01
1.743917468315026587e-01
1.717311001747675314e-01
1.702479433377139528e-01
1.643409992202996273e-01
1.556218699761616753e-01
1.507241149185839790e-01
1.532540696638793054e-01
1.520822921464108080e-01
1.442186950480180418e-01
1.427396412749586951e-01
1.444375917645516205e-01
1.429841122681947130e-01
1.388121542441724254e-01
1.314621514791644297e-01
1.293551667115581394e-01
1.279855462462871629e-01
1.304118830884760660e-01
1.280818617737145559e-01
1.222362721809480135e-01
1.210740359231795016e-01
1.220899286494204067e-01
1.210611926208087219e-01
1.190418623299170781e-01
1.151091911030495407e-01
1.128606586929093575e-01
1.145436455087593536e-01
1.109351950437352657e-01
1.107781105729011700e-01
1.098453032571274773e-01
1.072155744453370807e-01
1.095561268738472205e-01
1.074736569883565501e-01
1.068323091638047340e-01
1.073624020632329562e-01
1.059649926943705411e-01
1.050590872759346733e-01
1.055305285351954003e-01
1.064264335247226828e-01
1.033951884666987342e-01
9.982003284011167765e-02
9.895117572254419347e-02
1.023403874021805021e-01
1.010928464003784250e-01
9.920099355438585786e-02
9.799746301768286205e-02
9.872949321654690691e-02
9.827322104032303052e-02
9.366787725022990285e-02
9.442190974546882387e-02
9.609693529006461954e-02
9.530297021990258299e-02
9.211132743888862662e-02
8.952062587748797762e-02
8.900455979153909514e-02
8.839972596509228231e-02
9.005930869124473270e-02
9.272997058573598239e-02
9.038099952186483266e-02
8.944894463916674976e-02
8.985445148709178542e-02
9.000887637831796184e-02
8.845307951595689222e-02
9.022041305293608537e-02
8.685380687054404525e-02
8.715490788364611829e-02
8.920768269654408278e-02
8.813215752796980940e-02
8.730366107543795218e-02
8.878376055761863506e-02
8.812701110081057332e-02
8.792215908114772716e-02
9.120407568159308309e-02
8.839574179833123435e-02
8.672744186282034529e-02
8.833654805713718472e-02
8.645317134157345929e-02
8.624733748685306511e-02
8.999398005062012040e-02
8.937481993383580847e-02
9.153253557374325944e-02
9.053742637275126459e-02
9.209568556060385158e-02
9.128237681166760653e-02
9.018779094563143806e-02
9.157817139524652983e-02
9.389923051301107826e-02
9.499642762788931827e-02
9.521766714022721068e-02
9.325396256662189798e-02
9.266237364765227136e-02
9.564480794525473395e-02
9.701140418294253165e-02
9.500075099950468227e-02
9.387150108160738360e-02
9.628214386222219701e-02
9.609497484022896940e-02
9.875315138577255014e-02
1.024077107576013695e-01
1.016734568635154212e-01
9.991244418204367483e-02
1.007746126880839366e-01
1.013092781440381174e-01
1.026236046506559807e-01
1.071938282756282751e-01
1.094450279412873123e-01
1.080514588765684875e-01
1.067468489239174895e-01
1.093750934392852397e-01
1.124464240477774379e-01
1.113195243792765854e-01
1.133181186775897437e-01
1.150435352886335083e-01
1.168052767557534039e-01
1.147714503734614949e-01
1.166254855459581685e-01
1.215298673449436706e-01
1.219299672774978305e-01
1.256363388760864119e-01
1.277593250827672999e-01
1.311985470300044976e-01
1.363742677399696068e-01
1.349572452477496576e-01
1.371221141295284884e-01
1.391706374614832542e-01
1.397396524679762053e-01
1.440750124256888753e-01
1.459834925229181180e-01
1.489113099992659117e-01
1.536313778912099526e-01
1.587336234303945437e-01
1.642632473157228379e-01
1.638383476564108376e-01
1.690873129674506647e-01
1.759169384275521553e-01
1.825215796478178165e-01
1.813695569041758049e-01
1.867073367990459976e-01
1.911898127638485823e-01
1.950372837434260209e-01
2.043775817885708779e-01
2.114269689654587614e-01
2.224175690943926698e-01
2.167221904841991065e-01
2.256802447758302632e-01
2.324496992623950042e-01
2.468674306022173304e-01
2.557734622102335598e-01
2.632057552705284742e-01
2.787618276705971510e-01
2.908022040260853092e-01
3.064943752784222708e-01
3.081259230537875538e-01
3.282955681053459362e-01
3.461853831531027104e-01
3.697862659279759767e-01
3.842749060410902695e-01
3.898077378202137733e-01
4.074757395400679938e-01
4.363422706648880656e-01
4.741220510703136326e-01
4.929110503153362743e-01
5.365107244804419029e-01
5.670137041673855016e-01
6.070906507626420145e-01
6.368510047449156275e-01
6.947596711647433532e-01
7.558552237052000855e-01
8.102339617380988068e-01
8.792158611534049983e-01
9.623556256475169768e-01
1.089973172198903439e+00
1.192673511681701548e+00
1.312466818307016947e+00
1.460566196227096158e+00
1.622862386639988941e+00
1.871410667523500049e+00
2.116718924736000318e+00
2.585241577409372216e+00
3.057966806561709827e+00
3.553658064333262701e+00
4.285161073107056851e+00
5.445628535540469883e+00
6.928362861461995870e+00
9.692118693128767504e+00
1.438290267045998228e+01
2.205633971883512245e+01
3.926950232537049601e+01
1.049152141682100137e+02
1.537982292269267646e+03
8.899049994680031887e+03
4.203167485039803069e+03
1.735987072197898158e+02
4.852630719475389043e+01
2.309406615682699027e+01
1.425057576137937687e+01
9.950958648953243113e+00
6.948012379020858553e+00
5.023569555860016855e+00
3.940887419560763938e+00
3.244065750493673406e+00
2.637869403835620741e+00
2.180420435808854140e+00
1.842365219580270441e+00
1.595834990051451463e+00
1.390692529065267857e+00
1.200841163081538987e+00
1.030844550272492333e+00
9.470576856684154166e-01
8.214117786425756407e-01
7.434185183084974780e-01
6.657191339139355568e-01
5.947121966849646668e-01
5.405496278163872681e-01
4.983870790059107825e-01
4.528162867187555118e-01
4.174597803336757007e-01
3.882459695320327753e-01
3.606474405102111369e-01
3.350040156856253226e-01
3.210684410585866178e-01
3.005886488748975016e-01
2.753199541377527870e-01
2.558527260797590630e-01
2.443084157368663745e-01
2.248826132385622623e-01
2.058227517805717166e-01
1.940489311922035387e-01
1.857442723528537620e-01
1.736132816754458741e-01
1.661086088871762123e-01
1.551769386327613576e-01
1.484528818898262215e-01
1.392616005664401302e-01
1.356219360092967008e-01
1.305253603947197083e-01
1.219117396687539601e-01
1.176532378199126178e-01
1.102589134653507857e-01
1.047639840353712104e-01
1.029348755195560738e-01
9.767896977019729920e-02
9.081940252010349546e-02
8.755006966050148109e-02
8.486348746020641598e-02
8.306596226833712349e-02
8.029994458738728969e-02
7.560587419878488091e-02
7.083517502489866668e-02
6.945437873476621726e-02
6.736691435986566501e-02
6.389371971581861431e-02
6.209649453951897324e-02
6.028874335358342523e-02
5.644584821111665179e-02
5.550257023318503485e-02
5.340919884270014378e-02
5.182617834355910530e-02
4.861418210624279118e-02
4.763421470752543518e-02
4.818858871356027779e-02
4.678698558677703290e-02
4.491992887686031138e-02
4.388670310812201047e-02
4.209158544214940123e-02
4.028782281084051370e-02
3.899314142001523292e-02
3.777696625696042726e-02
3.659953157907001181e-02
3.551197083389897452e-02
3.449573118972553559e-02
3.441063421977277187e-02
3.353368555992122108e-02
3.163975357492584961e-02
3.050999881957089724e-02
2.939310404010664346e-02
2.912661884536585713e-02
2.918865555387024913e-02
2.890318807634613060e-02
2.738129009405739639e-02
2.605845381746177067e-02
2.517429585618291554e-02
2.523169796508780913e-02
2.507737571493497131e-02
2.421153437779124951e-02
2.372254691988875258e-02
2.386773296992409851e-02
2.285921183306106885e-02
2.219319759236186573e-02
2.137019367192737745e-02
2.103217737324400080e-02
2.105677408110643786e-02
2.018723386891534480e-02
1.965686393733096643e-02
1.936076250652257746e-02
1.898244996596271800e-02
1.905354268677916449e-02
1.859770330034332675e-02
1.775959171671693745e-02
1.731107278336786390e-02
1.688978119586010893e-02
1.705080146959704265e-02
1.626617949757733564e-02
1.590567378390935621e-02
1.573219953147940095e-02
1.518609137453352971e-02
1.485362662083857151e-02
1.460016890289229409e-02
1.427024174417480112e-02
1.445348467252526720e-02
1.413409762524193286e-02
1.346578888791471508e-02
1.315814381475018460e-02
1.320319696214744022e-02
1.304324255717168035e-02
1.269733635695081790e-02
1.238955289365160049e-02
1.240539501603848439e-02
1.228917869155929203e-02
1.176393396579035119e-02
1.137805103984467110e-02
1.132415127966542208e-02
1.094673758004344015e-02
1.100586789483907167e-02
1.055587347644479021e-02
1.036255999000637064e-02
1.024688822684503495e-02
9.843535772814961810e-03
9.645523663558112568e-03
9.619899012788556136e-03
9.261761357155205016e-03
9.086093483414379654e-03
8.879238182172479593e-03
8.499221421168653284e-03
8.413485352207934753e-03
8.034030089382899684e-03
8.142892852165285050e-03
8.012954263516716344e-03
7.604222568496226548e-03
7.603029850652870056e-03
7.524562601123501934e-03
7.451819913806540137e-03
7.860154485449567102e-03
7.207469752493563322e-03
6.667645944228054941e-03
6.878364659066482471e-03
6.847104663595199314e-03
6.407929473826420516e-03
6.358123277960704180e-03
6.418646496959728651e-03
6.296292676691668186e-03
6.271953363266118825e-03
6.204837566391399432e-03
6.029569045971096969e-03
6.140544546618924987e-03
6.126808711155381192e-03
6.124461843499680140e-03
6.066984638556902759e-03
6.125009456550370261e-03
6.346283069101241528e-03
6.499591758248012864e-03
6.589298087842363101e-03
6.784476332874471265e-03
6.922875502775171531e-03
7.187586433439341858e-03
7.329343220208089926e-03
7.599216692763408922e-03
7.898410382649224612e-03
8.727105461166362668e-03
9.267207642934455203e-03
9.604493579086163108e-03
1.013788118818494295e-02
1.098262418303576349e-02
1.148002475415405878e-02
1.225264419589871222e-02
1.352436704296602031e-02
1.515914825174976242e-02
1.693095399120304531e-02
1.800176042386704076e-02
2.011225630939314848e-02
2.233617735624688835e-02
2.443526480398759693e-02
2.720020548072244262e-02
3.112283635746296642e-02
3.511616342502312665e-02
3.994273359640901355e-02
4.687965845267855897e-02
5.117627196335795131e-02
5.917875185006855887e-02
6.970158982465698982e-02
8.204255797482824797e-02
9.724133181450203556e-02
1.138325898471348324e-01
1.352544979354227406e-01
1.611146346865773016e-01
1.917930573610318046e-01
2.250623021567753901e-01
2.603086220970054487e-01
3.156213799928974106e-01
3.959809190134305767e-01
4.825474087566222203e-01
6.134222126995207969e-01
7.651087094001959299e-01
9.614125464380531838e-01
1.191022012570400523e+00
1.454174838913551371e+00
1.839566867876095468e+00
2.385248254709710913e+00
3.091891375644568729e+00
4.012110003052554497e+00
5.171949625073207990e+00
6.867814576646896541e+00
9.336735973814418443e+00
1.246602894613630319e+01
1.731615631831915181e+01
2.345245770214025427e+01
3.181598220799557808e+01
4.060683622358448730e+01
5.535405336583436053e+01
6.388587718785370129e+01
7.088466872298155863e+01
6.464888547936681107e+01
4.969140905702840172e+01
3.459896978511116572e+01
2.163387215718957179e+01
1.265968036838876998e+01
7.292158977255666308e+00
4.129460065288390602e+00
2.403020415568942525e+00
1.587078724883132841e+00
1.161298520329604012e+00
1.012263464248456923e+00
9.770018969881114623e-01
9.780412665648511306e-01
9.951566013784544085e-01
1.016586658427003353e+00
1.036686176558282879e+00
1.052666927825931742e+00
1.064311050383372814e+00
1.071408375083177544e+00
