1.370699337412920604e+00
1.194991955220836566e+00
1.252897168286804197e+00
1.193585828052583508e+00
1.079603475879312491e+00
9.764096469188507932e-01
8.143459241329352727e-01
6.711076347133213549e-01
5.502678435047176908e-01
1.815996021465040577e+00
3.278876005667243021e+01
2.965945398131678346e+01
1.182945487216157332e+00
1.112536241339626697e-01
6.585548835299162573e-02
4.683606679785089211e-02
3.751930907127309228e-02
2.745661524294855382e-02
2.075816295742125700e-02
1.712077793494921896e-02
1.408437301391463059e-02
1.152706557080672607e-02
1.022289050764282198e-02
9.548549731521473530e-03
7.909810093648961607e-03
6.790081757983181324e-03
6.028202817077212179e-03
5.531463419974774927e-03
5.162636493379543778e-03
4.561640583351749337e-03
4.398807132573545262e-03
4.339231095435248931e-03
4.025514063605144591e-03
3.271262799317532343e-03
3.187293546929435232e-03
2.920739059501648287e-03
2.605248970284779284e-03
2.479560900245172256e-03
2.387760362390114934e-03
2.275990579993797218e-03
2.132172212392458542e-03
2.042901870111458323e-03
2.113830813387595695e-03
1.884640115284156063e-03
1.608907372828658920e-03
1.558993350355924448e-03
1.469612449426422641e-03
1.389954912394193937e-03
1.263865488097941272e-03
1.171680334577575094e-03
1.134121912199648587e-03
1.109608085528023024e-03
1.068636755663758976e-03
9.558022519345979202e-04
9.376941333343765100e-04
8.947179709867615410e-04
8.257274761410080812e-04
7.658076410648124218e-04
7.713067826605104343e-04
7.461495966535512062e-04
6.844226169773428734e-04
6.989912345220970985e-04
6.627513986583619078e-04
6.320385656470164449e-04
6.106629961392023636e-04
5.698900292670510022e-04
5.211032437053560000e-04
5.183459296713228059e-04
4.904113108819350541e-04
4.608439937392394482e-04
4.607221093661306244e-04
4.387694819404310714e-04
4.067279012783282387e-04
4.287706714358531274e-04
3.952163156784724491e-04
3.608779747492307744e-04
3.375595997196219702e-04
3.298491413639637808e-04
3.327689902150915056e-04
3.333289329090807470e-04
3.132771124723861570e-04
3.007880697563750138e-04
2.889713625442262568e-04
2.926842242714058949e-04
3.008503832973890213e-04
2.824028400569370554e-04
2.604652535642820190e-04
2.348605389078921182e-04
2.443393118668305301e-04
2.506378075808307735e-04
2.897583862936363333e-04
3.466187603182180332e-04
2.310639139349562454e-04
2.108134052616117741e-04
2.055564419364792146e-04
2.003320466221288792e-04
1.923567558936939100e-04
1.805628626837704179e-04
1.795266177080012606e-04
1.700665394491673236e-04
1.672419691027526834e-04
1.629225227385475941e-04
1.620714280426558318e-04
1.643877220601121377e-04
1.579279353106626406e-04
1.665755266872238330e-04
1.591101979904267468e-04
1.554884661577388605e-04
1.522636309736664657e-04
1.488622199271664971e-04
1.535282456079246753e-04
2.639262716504008435e-04
3.440860171114565780e-04
1.501601527819014276e-04
1.324041148492487380e-04
1.578337541854239832e-04
1.466300340113547919e-04
1.260486810924533205e-04
1.211406625844943058e-04
1.176558687058074950e-04
1.114091268392614959e-04
1.139037941103222286e-04
1.154584386965292224e-04
1.119619430365324840e-04
1.065732258089792194e-04
1.019490870533162793e-04
9.622379948648554916e-05
1.006418889013112013e-04
1.215937668005019054e-04
1.094308601051533061e-04
9.947125522107296437e-05
9.240785160067555514e-05
8.848856036002151072e-05
8.809395575591889122e-05
8.565348371760576668e-05
8.543085072352901677e-05
8.268143637059746957e-05
8.180726261935430737e-05
8.048523830326790587e-05
7.954976538696557843e-05
8.028984699806841947e-05
9.927895824578033949e-05
9.323756064229868758e-05
7.596974721969892064e-05
7.598934767020868320e-05
7.480993810554746170e-05
7.156868914692503529e-05
6.900596521738615471e-05
6.512426795645434282e-05
6.534592233935997672e-05
6.642012033477237023e-05
6.466457841576803037e-05
6.482706894930726339e-05
6.342225351874919664e-05
6.483914865182798253e-05
6.292638599979575274e-05
6.036995632027716320e-05
6.095459866890177140e-05
6.027908990989668344e-05
5.759032052192267220e-05
5.721088309042277108e-05
5.881164447554180461e-05
7.658879242632329594e-05
7.318652996157741671e-05
5.769763671604907990e-05
5.335983675237226058e-05
5.463275095641116521e-05
5.500017898638442470e-05
5.551288284993627717e-05
5.269392441901357135e-05
5.337095469922797675e-05
5.230628292104422136e-05
4.853365376679621713e-05
4.934197829459084509e-05
4.748845562168635176e-05
4.928409816054566176e-05
4.925032267747660094e-05
5.011636922940930771e-05
5.080144114751459941e-05
4.917140920848823510e-05
4.622154229231032412e-05
4.656148733414966191e-05
4.378913287309964568e-05
4.265871958402391538e-05
4.295585093366880835e-05
4.213876099512904263e-05
4.143231235277936903e-05
4.421289211839055696e-05
4.544796209999494175e-05
4.225152175191906640e-05
4.272621159007420775e-05
5.180160923921145569e-05
8.093884880378302785e-05
5.276295465890933219e-05
3.898384135519918358e-05
3.919685802653365521e-05
3.988413115570547035e-05
3.758907260504000395e-05
3.894539376059177372e-05
3.906911934634627016e-05
3.864764050271428646e-05
3.883728196089363986e-05
3.754916841252090384e-05
3.784472302811560184e-05
3.783187772329865537e-05
3.616983546662402973e-05
3.631325055270871022e-05
3.677300294618911832e-05
3.558664100087751385e-05
3.630805119451628300e-05
3.613839559961659436e-05
3.498258221124459963e-05
9.321030834275140730e-05
2.438561828295318190e-04
9.188641154332003282e-05
3.275384403837315232e-05
3.175479362273641085e-05
3.224099783007332521e-05
3.198147987997439863e-05
3.208240135930358935e-05
4.422981624605272217e-05
7.574247270046527176e-05
5.230953810852181560e-05
3.385202318725533891e-05
3.204109867829632878e-05
3.326848076478704453e-05
3.157420802374964703e-05
3.238911420257282477e-05
3.241126757770297428e-05
2.856953004659427975e-05
2.823550069439379948e-05
2.816587232151307734e-05
2.842924138110259404e-05
2.859827913868801414e-05
2.933402307317161227e-05
2.883273065161679965e-05
2.876915125556836131e-05
2.818466540090850252e-05
2.975347362915414028e-05
3.027123807585319607e-05
3.803730861194200654e-05
1.079486540417271668e-04
2.887002675318591578e-04
3.047221446591512491e-04
5.444714077019610030e-05
2.919791365653321401e-05
2.710707314752421106e-05
2.631967059651452279e-05
2.641220962279588794e-05
2.574845219593507986e-05
2.659549472432004512e-05
2.757280685743533627e-05
2.648548868471867608e-05
2.607237644264972373e-05
2.615976999372394437e-05
2.438409941708734088e-05
2.647036993799795174e-05
2.650431632540940099e-05
2.548440408379406289e-05
2.490489586221297945e-05
2.650279327109904823e-05
3.455114512710616220e-05
8.495259430149505601e-05
2.488188928395468043e-04
2.870696931949793217e-04
5.113261946672913096e-05
2.727707735478716712e-05
2.504610037414880218e-05
2.422065889690834290e-05
2.399041144244014171e-05
2.257172813161091818e-05
2.206207169603106313e-05
2.332917937081761348e-05
2.287817494722813863e-05
2.280835828726643507e-05
2.246301653072271852e-05
2.278628587966917209e-05
2.424868747203237773e-05
2.230938944383612670e-05
2.248781653434604781e-05
2.314329606663291224e-05
2.119500033224350278e-05
2.200617426507202028e-05
2.343551663370975602e-05
2.248596713988669596e-05
2.137445828654867635e-05
2.076685268783809692e-05
2.000031397646680626e-05
2.066117774077846626e-05
2.179137422081334257e-05
2.308972395335744552e-05
2.397424163903042108e-05
4.701751587169013334e-05
1.543132921331820905e-04
8.715144871786312491e-05
2.387510889249711514e-05
2.203914042250245647e-05
2.154040161202787836e-05
2.003989787586535194e-05
2.099528024020601860e-05
2.262339974145450338e-05
2.286609313975310643e-05
2.258367292133096267e-05
2.612608280015233793e-05
4.591376320197783150e-05
3.054167607365871728e-05
2.081066390097665989e-05
2.050440045868373972e-05
2.045974065245361202e-05
2.105376308408882691e-05
2.131337529715468898e-05
2.373148120696866130e-05
3.185905104212063835e-05
1.555658316671368834e-04
7.307300013599625629e-04
4.017129984469644619e-04
4.720704322561960044e-05
2.788655735925424961e-05
2.401135205277203359e-05
2.176890641589719269e-05
2.034596782022250904e-05
1.982947123019703731e-05
1.895772553388913384e-05
1.797138823380814353e-05
1.851156485168319773e-05
1.891480145784367640e-05
1.704785598477292547e-05
1.684288269575984757e-05
1.735306046940563772e-05
1.704299310023798416e-05
1.730969009691773068e-05
1.787628187918077660e-05
1.891787970611109645e-05
2.020743871435332656e-05
2.160252383565301033e-05
2.991701464230309167e-05
3.345911633396967847e-05
2.315082396826456315e-05
2.209984472507913752e-05
2.304284748013311559e-05
2.400770925781207392e-05
2.659785021983164475e-05
4.204349414107392196e-05
2.776539264540488325e-04
5.620101500906564233e-04
3.194558060414133126e-04
7.857665960869810156e-04
3.198551472408393327e-04
3.988505994018159739e-05
3.054203079302436001e-05
5.152740278462310177e-05
2.218286463735269726e-04
1.944319480125736440e-04
3.436403660352085822e-05
2.479823787326767561e-05
3.368295280273900379e-05
1.304064440556114662e-04
1.516098943529481770e-04
3.631839285305423940e-05
2.330184499972218421e-05
2.463205197934046955e-05
5.480735117561691210e-05
5.847879637738870827e-05
3.654175029946756296e-05
1.750045526796119083e-04
3.158236156904185854e-04
8.481311167176602101e-05
4.883733096360386730e-05
3.284213783059624216e-05
2.387251919955550835e-05
2.441337495717458409e-05
4.016613720001132920e-05
7.419818131749213164e-05
3.857789606560852710e-05
2.088861748452720146e-05
1.889947546829626884e-05
1.772336400824351974e-05
1.901706894156397263e-05
2.038128044435118981e-05
1.811665604912998296e-05
1.768950960224605513e-05
1.843848087070235295e-05
1.848439258388413753e-05
1.781183952764100849e-05
1.759241397388103717e-05
1.773106477185384537e-05
1.863530197242386976e-05
3.245833797773420537e-05
6.036009670427642740e-05
3.253034469352583327e-05
2.074238632187936214e-05
2.054984109925544932e-05
2.241564653450422239e-05
4.542443712777708803e-05
2.062201533999073202e-04
1.819582053543177739e-04
3.216707476831026207e-05
2.066299556392858474e-05
1.830814210398096160e-05
1.664543156897795297e-05
1.511843218302298289e-05
1.475682972164595371e-05
1.428336200852220402e-05
1.432738458710661215e-05
1.443656807384857338e-05
1.477525382982374031e-05
1.508594831873764626e-05
1.357622547952568593e-05
1.490878745018739449e-05
1.576647663284776784e-05
1.256947340796500461e-05
1.250384655559901835e-05
1.283470986434686371e-05
1.542938205459425750e-05
4.030019079302544566e-05
1.909645738815572756e-04
1.483476504998719123e-04
2.801916307593312216e-05
1.954489561152258811e-05
3.608932472513486290e-05
3.768245900788506865e-05
1.680721417765929473e-05
1.400808879667375138e-05
1.256358352327404219e-05
1.123822478905245872e-05
1.090959196282293568e-05
1.113654274200573299e-05
1.125876799732112665e-05
1.089082454230225636e-05
1.712318331152038055e-05
2.900321475321597988e-05
1.592856818259043812e-05
9.829585102019601443e-06
9.261211067047452443e-06
8.230647567068101331e-06
7.880400852443529417e-06
7.872571406156401725e-06
7.825302997507557420e-06
7.826248178644092945e-06
7.749226212097622311e-06
8.242425433586478300e-06
7.614639950983568923e-06
7.755068597559715128e-06
9.795765587505956583e-06
4.636224979051460144e-05
1.391693341988142069e-04
6.275653485374986529e-05
1.524264585920906297e-05
1.461170829068090735e-05
2.111497358542293166e-05
1.380690133080533040e-04
3.989701444856262732e-04
1.470985825579858666e-04
2.141156847244761127e-05
1.488571329451547100e-05
1.282018382859881490e-05
1.287992872713024978e-05
1.197900802342022404e-05
1.212820894510301692e-05
1.150520811822010870e-05
1.085893124537803511e-05
1.193431484056671996e-05
1.194512290123354917e-05
1.097181743422625527e-05
1.215120130790556419e-05
3.790835781094675533e-05
1.132862023339759077e-04
5.500243856732368544e-05
1.506136708269168555e-05
1.176649350600416303e-05
1.143389881741930689e-05
1.581542563727199324e-05
2.580109835940867376e-05
2.114085891966421450e-05
1.830398878447817506e-05
2.122259885177976420e-05
2.407889487578529877e-05
2.721510674554059159e-05
3.090579379012162918e-05
3.569481091394789604e-05
4.333265957758690868e-05
5.470114449827043548e-05
8.536133337026947097e-05
1.189701835091148941e-04
1.096706058831242692e-04
1.216133731893148347e-04
1.612945928565843047e-04
2.089312365568757681e-04
2.731560281890634272e-04
3.405121122261330719e-04
4.620677058652614567e-04
5.193009879803700329e-04
6.375295676578501564e-04
6.765832602759386293e-04
4.488200939944208103e-04
3.055677617731707716e-04
1.994715859892567131e-04
1.296973334682135885e-04
8.455648953719442683e-05
6.424125061300297614e-05
5.184724479795208485e-05
4.548992176862172199e-05
4.315577745294671620e-05
4.178530765517928034e-05
4.182560430114130634e-05
4.172968452532968228e-05
4.201436851780043053e-05
4.225684039696092121e-05
4.244976835529723339e-05
4.260392216370167414e-05
4.271925095457681674e-05
4.278840283309238139e-05
