1.122833931039900257e+00
1.297239642549417482e+00
1.197097014789597180e+00
1.151805061281406140e+00
1.031297077036692045e+00
9.469134918829386072e-01
8.473943859866880368e-01
6.859965421196194679e-01
5.442606705342928342e-01
7.741658041734664764e-01
8.545965188199621920e+00
7.641936747870036406e+00
3.952377803110386223e-01
9.786421948722931474e-02
6.531870967631095426e-02
4.746885324255251809e-02
3.715423004403295426e-02
2.870463832698329221e-02
2.227615831829841270e-02
1.702671991288499942e-02
1.396282960190555096e-02
1.177574515660196296e-02
1.024636928924967452e-02
9.194616341361181583e-03
7.556215199212565521e-03
6.816869676384029221e-03
6.350107422511386789e-03
5.483256953132099876e-03
4.693978204685584146e-03
4.485521829417311000e-03
4.165018268737723413e-03
3.849719092032424361e-03
3.622519616720529072e-03
3.266263665525554524e-03
3.049083029625203941e-03
2.962138108788434001e-03
2.672095210399192192e-03
2.500209590288690522e-03
2.482014191399082182e-03
2.081441783275710632e-03
1.924540525621776547e-03
1.927258696650070366e-03
1.904200735253134625e-03
1.910944393714329292e-03
1.661653023924623699e-03
1.619527104555734459e-03
1.517809448052928698e-03
1.378546301094952381e-03
1.275575590970028919e-03
1.166856718182417586e-03
1.132456991299343393e-03
1.096528983617328689e-03
1.059998841601581324e-03
9.517938314685001023e-04
8.908373551215843832e-04
8.680579884981161386e-04
8.446365228327202147e-04
8.468063760155938478e-04
8.342294935792436911e-04
7.390866331669975831e-04
7.027478831877389653e-04
6.850834900769966302e-04
6.433550391527384201e-04
5.900650822816944476e-04
5.824028079821642325e-04
5.493016666335796957e-04
5.285466919309685400e-04
5.100451759513868017e-04
4.627590656660219150e-04
4.724192841642103013e-04
4.475145131248736306e-04
4.333001304237569878e-04
4.265060755354040480e-04
4.187795209396854689e-04
3.983106667552176877e-04
3.694335208935394682e-04
3.561701209973569364e-04
3.516483539029079878e-04
3.393127703667588621e-04
3.217469217010226665e-04
3.120612625422304479e-04
2.875791588257297954e-04
2.809901835782541114e-04
2.786176136407843371e-04
2.772070482361177544e-04
2.712457450974672685e-04
2.460772967784118862e-04
2.379588220281086963e-04
2.339870953935604904e-04
2.373730250212766958e-04
2.893599148994685684e-04
3.273393474401035475e-04
2.215508944906904117e-04
2.142774848258227128e-04
2.117601484733085094e-04
2.006938069391331597e-04
1.938368932716994127e-04
1.918981889302073601e-04
2.004684481410725966e-04
1.807758743783256740e-04
1.692326896284117039e-04
1.639800064762681018e-04
1.632722537414714697e-04
1.599472858826862494e-04
1.609277129364347950e-04
1.689996208364369194e-04
1.609441550597804683e-04
1.503370472809867776e-04
1.494957776880352575e-04
1.515630911388211931e-04
1.539397345159828040e-04
2.543545857145443410e-04
3.255730166410593070e-04
1.520275446496468618e-04
1.360758340758518568e-04
1.295478990894261039e-04
1.265291525720731202e-04
1.237450730446849130e-04
1.233294831892135866e-04
1.168766714090775020e-04
1.086055697286108406e-04
1.101842479059791658e-04
1.110487691022318503e-04
1.152662792493041721e-04
1.140440121775946881e-04
1.048372818073364039e-04
1.017290994602873788e-04
1.021080681804062862e-04
1.146463644924701009e-04
1.053631540631031095e-04
9.206257498531822891e-05
9.056792149325321943e-05
9.311418538103622224e-05
8.869477922416373820e-05
8.694294700499820511e-05
8.755336493292223974e-05
7.838851215346720090e-05
7.845450764953554507e-05
7.958194501003381771e-05
7.923679519197320703e-05
8.025221083244490320e-05
9.668325584933964837e-05
9.278988606599424015e-05
7.911670992976493769e-05
7.806706485690838738e-05
6.999303728873899671e-05
6.508663289012376512e-05
6.689356867625894016e-05
6.749876482170666869e-05
6.741183056326883192e-05
7.117780431814721388e-05
6.501499072968744159e-05
6.239702826298463699e-05
6.171324535640405461e-05
6.020716325540036320e-05
6.426999081189455683e-05
6.178203284199118345e-05
5.968826218847476998e-05
6.123489568302334526e-05
5.698190508402088878e-05
5.645736793356071262e-05
5.857252305847293231e-05
7.411840148827922477e-05
7.031675608389133269e-05
5.500282172828335167e-05
5.582822637975078236e-05
5.539725586488671033e-05
5.285401491060870335e-05
5.290300059744181937e-05
5.261386466786868331e-05
5.304132619253450659e-05
5.014327675104430647e-05
4.969652832159484652e-05
5.059909146443796022e-05
5.136151960737464939e-05
4.965252319950770328e-05
4.876036681786673167e-05
4.900028700699311438e-05
4.851536943415981690e-05
4.607179913240822981e-05
4.701592554971422512e-05
4.723875577368083864e-05
4.580362852687917195e-05
4.304186417515073343e-05
4.232794928467980379e-05
4.498736364817320049e-05
4.440110034885594455e-05
4.494096200639400597e-05
4.364227412711107270e-05
4.038829624614178758e-05
4.142790184915642459e-05
5.281525154542573964e-05
7.986607632169271038e-05
5.299295724851025240e-05
4.104581090572695688e-05
4.000200955646947433e-05
3.973023393768123230e-05
3.910771100052932959e-05
3.845549591316846426e-05
3.718515649705807365e-05
3.676151203195969470e-05
3.806514391133169952e-05
3.784090047827744387e-05
3.815423718467827763e-05
3.676004107349961625e-05
3.546650694168063892e-05
3.424169467090879503e-05
3.663057229978349785e-05
3.546418357482887252e-05
3.476995616310182553e-05
3.613097577385634973e-05
3.837280794706097764e-05
9.009477916099042872e-05
2.171956141924336167e-04
8.127885428966964817e-05
3.349565261381135689e-05
3.333963116573699189e-05
3.341330581161829077e-05
3.369964689357962781e-05
3.260326623939074908e-05
3.347522601052825911e-05
5.894290186236873335e-05
7.080954229790186209e-05
3.894570929282774676e-05
2.919691865403799540e-05
2.947462142786973316e-05
3.097577810104693328e-05
3.299883350116862243e-05
3.280368801115377003e-05
3.046909069883151799e-05
2.826465200617715647e-05
3.082890853958181453e-05
2.948276954691398866e-05
2.879463048574255221e-05
2.847436024132201794e-05
2.783655199975235039e-05
2.869042625277119272e-05
2.901645401612261478e-05
2.825567201347379843e-05
2.887720233751039892e-05
3.149635296672426691e-05
7.030653291739899914e-05
2.432003047536215922e-04
2.732553556722661331e-04
5.148259444632131542e-05
2.856457759616220311e-05
2.724391019084170603e-05
2.584556916331574549e-05
2.531897988708116498e-05
2.323723676925513302e-05
2.564928280185640365e-05
2.559243634584065647e-05
2.524095833492182096e-05
2.397417873191289397e-05
2.473856286969690956e-05
2.516177389175057756e-05
2.652360003127371472e-05
2.696468461622265154e-05
2.491501242637962860e-05
2.439412611483098464e-05
2.489690660240729964e-05
2.740647291981908066e-05
4.736108623018406093e-05
2.090480149922699935e-04
2.596327626501200689e-04
4.617212322300332514e-05
2.369399253613418155e-05
2.269153014827295469e-05
2.397762350970549652e-05
2.355749321881323203e-05
2.255358265594882409e-05
2.108930397197147558e-05
2.352023661711296951e-05
2.527642751868980502e-05
2.463828761919358869e-05
2.384994450063130910e-05
2.348757999167821691e-05
2.222167156225811059e-05
2.146139962240273849e-05
2.069612101572564173e-05
2.268082043152253025e-05
2.248302951573974792e-05
2.208067043429981778e-05
2.158359050818424766e-05
2.030315211222837680e-05
2.141387987431612341e-05
2.151946572659467128e-05
2.057665070681451576e-05
2.135176605588013380e-05
2.239007264061619614e-05
2.095603665458884964e-05
2.207965870456042985e-05
4.068052601609708428e-05
1.325408440400335048e-04
7.697401736358791525e-05
2.257749535075826274e-05
2.119040113027139961e-05
2.092608200849451755e-05
2.069808393294550458e-05
1.995071256320259608e-05
2.007490391627210179e-05
1.881690052380342905e-05
1.863973372791329514e-05
1.939746243687629867e-05
2.164558096430180620e-05
2.099511485878963573e-05
1.987870763666859370e-05
1.989186921766598697e-05
2.017248919309397117e-05
2.103648210661359595e-05
2.172603303253124762e-05
2.349928600816561327e-05
2.973636990651510817e-05
1.370682699000682605e-04
6.193776808185671610e-04
3.265511811954793678e-04
3.672150141930721463e-05
2.397683311560126177e-05
2.218962650007599337e-05
2.046260645321972625e-05
1.850916869861958630e-05
1.875315199724569346e-05
1.832061845462177110e-05
1.777124807395916782e-05
1.814630529759765656e-05
1.765006183553896320e-05
1.680336705951158838e-05
1.699867733532476602e-05
1.737528978920157226e-05
1.758222536634333622e-05
1.707496543612302685e-05
1.815305570887658227e-05
1.958442977843403353e-05
1.935601160710566664e-05
1.854586022023533103e-05
1.874978305709525339e-05
1.916779655078461602e-05
1.858757503802404388e-05
1.842642629499827679e-05
1.957113967976103301e-05
2.091991270565730948e-05
2.427634464784546577e-05
3.578189771354029950e-05
2.327008072820132287e-04
4.751721153596705975e-04
1.930809492614210564e-04
3.549031685296778977e-04
1.469497272246547410e-04
2.856119017999615424e-05
2.392871371077045448e-05
4.808864920438639357e-05
2.312483138274554835e-04
2.140366255352498686e-04
3.498040617064029407e-05
2.055612547271302098e-05
2.259166047795914002e-05
4.230151632492262992e-05
4.749774872400224065e-05
2.351664040119626155e-05
2.054905654855032645e-05
3.245777904134135598e-05
1.077486430323907208e-04
8.318682234607503766e-05
3.387107655308880036e-05
1.499238641392406539e-04
2.700350082316974542e-04
7.202808072967891871e-05
3.788243981014868925e-05
2.707694353941586901e-05
2.137520802128872993e-05
2.228596950341095388e-05
4.394071657098558878e-05
7.039538777760364003e-05
2.860789823121728616e-05
1.760114195713639049e-05
1.756815963529877986e-05
1.792923780541526640e-05
3.021374382327422472e-05
3.153046399877491314e-05
1.698571634517222399e-05
1.658743889304346565e-05
1.800858449080437986e-05
1.718959443032113904e-05
1.554230089386992401e-05
1.565766454967981771e-05
1.641061053227728866e-05
1.598356871483244573e-05
1.942658355608449378e-05
3.041792054400646345e-05
2.344583617697517124e-05
1.889194199221448588e-05
1.960852682571318710e-05
2.050007970112508092e-05
3.886999168387183080e-05
1.635529708567978638e-04
1.418704955683273636e-04
2.761830195582406895e-05
1.863066600972822559e-05
2.030400299437118717e-05
1.910920648152325803e-05
1.414150540416408358e-05
1.369834825717754809e-05
1.326843899035659248e-05
1.365106651120293619e-05
1.381700296823452456e-05
1.406893120580371537e-05
1.346237586331535318e-05
1.262410811798898940e-05
1.308270507825410068e-05
1.362605645171280911e-05
1.220148050753441225e-05
1.205762502543191312e-05
1.278771777255948736e-05
1.535149157016948369e-05
3.596163651176904295e-05
1.523950408830416559e-04
1.201271291257620952e-04
2.558127554387116162e-05
1.944954729823957832e-05
3.519601220994509092e-05
3.263722456392476019e-05
1.474470245060474832e-05
1.230590870294154044e-05
1.124297769555044336e-05
1.050778002183998887e-05
1.025811310942930605e-05
1.033744705028298324e-05
1.047102913849923256e-05
9.823620734256453086e-06
1.580265450230569741e-05
2.670080635434452407e-05
1.407227411322174512e-05
8.377185232726341580e-06
8.278091543741631468e-06
7.819350825146279907e-06
7.556206899855178338e-06
7.226696343731344931e-06
7.586794572314758440e-06
7.397814442780035401e-06
7.183799378415254315e-06
7.745348356988018888e-06
7.224864489900744467e-06
7.147557360975570500e-06
9.385538792744610860e-06
3.854960702129694956e-05
1.113216582047009211e-04
5.015966798195625276e-05
1.256327711821119905e-05
1.097834855602594456e-05
1.134448090725159913e-05
3.060138043774541426e-05
7.557883158231406379e-05
3.171737538956637044e-05
9.905062327607035128e-06
9.086117083310963109e-06
9.138729979672096786e-06
9.520745483437689972e-06
9.231335961986947896e-06
9.276221247394837534e-06
9.161976741221678606e-06
1.016175765610997662e-05
1.708765034408675075e-05
1.728111640975018589e-05
9.642398210945583818e-06
1.017234679327833907e-05
3.048050751117753265e-05
9.208804976110920404e-05
4.700129980878479913e-05
1.211477106976823391e-05
9.855974937204138527e-06
1.000211983204677683e-05
1.942208209911635216e-05
4.122253121255122762e-05
2.441891449546507430e-05
1.537514685433228457e-05
1.758593575378774492e-05
1.937199554589045738e-05
2.072530582018913817e-05
2.347121837664236735e-05
2.758424701580783827e-05
3.287657374054200925e-05
4.010423552075236323e-05
6.321260836142863376e-05
8.769533637767894577e-05
8.433313211798151995e-05
9.527113500719119356e-05
1.239281844940481685e-04
1.573078285503032130e-04
2.049188908706239668e-04
2.568056465890769633e-04
3.439877654932848878e-04
3.904249177090765924e-04
4.473903323315200887e-04
4.457340776926825131e-04
3.222197264033684993e-04
2.268568614989956741e-04
1.581210366047986458e-04
9.672741808993722055e-05
6.790305227798871786e-05
4.732814772019225738e-05
3.997692034304934798e-05
3.488184573572656190e-05
3.305726039345247913e-05
3.193124915470903387e-05
3.196229049149852132e-05
3.202439363244248170e-05
3.207217209704681218e-05
3.230203027989431803e-05
3.241550451704082285e-05
3.252622758343414014e-05
3.260659264891121442e-05
3.265441245671623131e-05
