1.038293482906287535e+00
1.207159847551006138e+00
1.224036465320546441e+00
1.127542316820330681e+00
1.018443080703629544e+00
9.272726966276751970e-01
8.301106458996193593e-01
6.825236110857714200e-01
5.302650395068689848e-01
4.938140008461171515e-01
3.228680200605435147e+00
2.880523483609783941e+00
2.228490857673265102e-01
8.732361240483270393e-02
6.474913556185531160e-02
4.912057556136343456e-02
3.814151916572484230e-02
2.868300314708987012e-02
2.162335052887678216e-02
1.724647622241824371e-02
1.396110054407900466e-02
1.142421706068575370e-02
1.043022342752228382e-02
9.035382181323856760e-03
7.452749343228541774e-03
6.515175316042852265e-03
6.169407556207971190e-03
5.797235677303285047e-03
4.904913450997745554e-03
4.374651196201340131e-03
4.146376139634896756e-03
3.850169008723538459e-03
3.606016887169214043e-03
3.344362558314229513e-03
3.093529782069917317e-03
2.796951395098034795e-03
2.611712637824953852e-03
2.541566954773241682e-03
2.391385198991251206e-03
2.321023306954209196e-03
2.176855983918611192e-03
2.031976811324479396e-03
1.966911904608974106e-03
1.846629107699432077e-03
1.659991366216524104e-03
1.633518387271950222e-03
1.465568978031192267e-03
1.312209206418270442e-03
1.228980476666610656e-03
1.209112563006723090e-03
1.126205887499530812e-03
1.139442451271437812e-03
1.019420794844383936e-03
9.623675742457670369e-04
9.443496077019385019e-04
8.757445814538625120e-04
8.385901427585675059e-04
8.329072144180617830e-04
7.937370827772745980e-04
7.607703293294391760e-04
7.192509967794139458e-04
7.263643841990980593e-04
6.602888189236262627e-04
5.939596189377646706e-04
5.945979530394662326e-04
5.699419705643858289e-04
5.257610628762590188e-04
5.151010982419034498e-04
4.893698551409296623e-04
4.595368628576022895e-04
4.406127941594157487e-04
4.400631378938464925e-04
4.278180450757130757e-04
4.107107659015400009e-04
3.783013918826726835e-04
3.705066753983150677e-04
3.646529407899620789e-04
3.393347041023655510e-04
3.100141633750561629e-04
3.212742798785012078e-04
3.264075753733850253e-04
2.942277628625326251e-04
2.909004533056716146e-04
2.833702210853362015e-04
2.864227374202548944e-04
2.835157141519446919e-04
2.515163503021246782e-04
2.357071758308286415e-04
2.249374577907940201e-04
2.261221578099082492e-04
2.816529595038972538e-04
3.248236751810356098e-04
2.242800381345550983e-04
2.168381128467514879e-04
2.125669487702199379e-04
2.021200808773433385e-04
1.989774578749615541e-04
1.942052712942462383e-04
1.866972169120169041e-04
1.748623876657601098e-04
1.755276138396760582e-04
1.625517727320890460e-04
1.618160927352089269e-04
1.675825451314262690e-04
1.649932532675384492e-04
1.740624001806386552e-04
1.596181838294602690e-04
1.491564170363090028e-04
1.460713695920958378e-04
1.532638404172381068e-04
1.537459988409342788e-04
2.393027937017923529e-04
3.053459793828706449e-04
1.464223893276809087e-04
1.316467350798428268e-04
1.307151219606272235e-04
1.295484709186826031e-04
1.192872592139557452e-04
1.188534344814637687e-04
1.192477854663535040e-04
1.116406398758391585e-04
1.061384336894621291e-04
1.119202339433184653e-04
1.067007467581442177e-04
1.003080287363795030e-04
9.993814043389895687e-05
1.016911129941998793e-04
9.907469605964754956e-05
1.138803178279939042e-04
1.077667316926807532e-04
9.842798329222815609e-05
8.864957557995937023e-05
9.344600441052020696e-05
8.985217022168554902e-05
8.376574111791493021e-05
8.589778656780929292e-05
8.251418259043146581e-05
7.938882307068465297e-05
7.959062670508133266e-05
7.925315239784490816e-05
7.886507985210604516e-05
9.491908247115046380e-05
8.883128876078529284e-05
7.729364427711397944e-05
7.725619918589342642e-05
6.972793224094762357e-05
7.004568636295823347e-05
7.277937537785084858e-05
6.946399998359902744e-05
6.437688368920795826e-05
6.373134846411313188e-05
6.396086902457763133e-05
6.740738347892995307e-05
6.618623923747112133e-05
6.343871760115528087e-05
6.157036114222179466e-05
6.070512414131596984e-05
6.394332981614907652e-05
6.132566380725615145e-05
5.966755672005889756e-05
5.715779877961798600e-05
5.682427412411287100e-05
7.494786765303633155e-05
7.268090199359806007e-05
5.666500405541921565e-05
5.483506495940227712e-05
5.179437841711838635e-05
5.138036783473812506e-05
5.194026928836972069e-05
5.117951074445731242e-05
5.106110715649815688e-05
5.026610901340065857e-05
4.734918073820406292e-05
4.796481163592507794e-05
4.815507372466051368e-05
4.782754152872092815e-05
4.828720573366142375e-05
4.918418026232493259e-05
4.693230085118832613e-05
4.633514140602274460e-05
4.532614823893438521e-05
4.566291631205654305e-05
4.462778362211728691e-05
4.411090224028664216e-05
4.396199224509380970e-05
4.471205612230802175e-05
4.300631571018115730e-05
4.240949694488544948e-05
4.267039731424345926e-05
4.000672438625328859e-05
4.215795380817374208e-05
4.963880850207548457e-05
7.709183266067037800e-05
5.315671476580495800e-05
3.968888133185897077e-05
3.972358918258206856e-05
3.942719974078498816e-05
3.934346191150074037e-05
3.858859085615641142e-05
3.721101512531424976e-05
3.785360226952289383e-05
3.911340676574669899e-05
3.819935566526684177e-05
3.841015587674871012e-05
3.540635020793802699e-05
3.643413858376629943e-05
3.691400798010386133e-05
3.644661437514363085e-05
3.414328544019744024e-05
3.503207687220127826e-05
3.434755459595654261e-05
3.563773221557204013e-05
8.333656371518670207e-05
2.048445823144054412e-04
8.087949616589485129e-05
3.487702367805810191e-05
3.154821572404678380e-05
3.208208245824938467e-05
3.281414217556466434e-05
3.151243016735332273e-05
3.429142681058073476e-05
6.376733710386771640e-05
5.710741161935071282e-05
3.486293990274539543e-05
3.195443401990408829e-05
3.115230148271304415e-05
3.036184384267044860e-05
3.070493955251660121e-05
3.016308400911438503e-05
2.905594468018277214e-05
3.014495172346920004e-05
3.032408191158644415e-05
3.033900905517539754e-05
2.930894551812910818e-05
2.990986734313480481e-05
2.744607151047373186e-05
2.866357903143278656e-05
2.924066494843572449e-05
2.993300931602753268e-05
2.915176072301977660e-05
2.920972893090802584e-05
6.630136817830711100e-05
2.334249843899911586e-04
2.564389330043690763e-04
4.951846600381644312e-05
2.816472928980864768e-05
2.612191625207720347e-05
2.605881044445975217e-05
2.742826587215295330e-05
2.547432388210791815e-05
2.562819695087857546e-05
2.635343914845432231e-05
2.529394596649904499e-05
2.372012212523693864e-05
2.391447992637216736e-05
2.420412666647435795e-05
2.593657771938207894e-05
2.556639858181526705e-05
2.441204500574518306e-05
2.331674042181061633e-05
2.337876761826654322e-05
2.611903990717972870e-05
4.033842993267550587e-05
1.980801873598028306e-04
2.466792408048334583e-04
4.577539766663882325e-05
2.503001539103608751e-05
2.421768157207390774e-05
2.537817805382882542e-05
2.364141340127109728e-05
2.137201194262449284e-05
2.174389513186355147e-05
2.393711558246622376e-05
2.492497805690170408e-05
2.193492590922725016e-05
2.140818935017754825e-05
2.189543468711439072e-05
2.179569596827145474e-05
2.245472726183823738e-05
2.237707845289560414e-05
2.148651237026325255e-05
2.114148020219874094e-05
2.197915659960754983e-05
2.295281394692119179e-05
2.133197478738301409e-05
2.070438382788876395e-05
2.193585791653320356e-05
2.182629970324665347e-05
2.065864983753354703e-05
2.071143174332096374e-05
2.002576818787009139e-05
2.125012308301146971e-05
4.022235534282772872e-05
1.315003095264989121e-04
7.787526664777362679e-05
2.310672814697045880e-05
2.077299514669076041e-05
2.049600041453711287e-05
2.014389607533171992e-05
1.926136037546986683e-05
2.018017500930808771e-05
2.057128679156802615e-05
2.030138397411305500e-05
2.012745265467946482e-05
2.106098138084630644e-05
1.973101914818612708e-05
2.004309542277251196e-05
1.952018713074121355e-05
1.988325607400940839e-05
2.002837290894495328e-05
2.021690084064119210e-05
2.203551026718157788e-05
2.835042705508369708e-05
1.304942279924050806e-04
5.788018816980142851e-04
2.986659047769653049e-04
3.544380491406880028e-05
2.469451208616125015e-05
2.191950489806491716e-05
1.951232620896386222e-05
1.765185822724277967e-05
1.840937351181693070e-05
1.876253588049394479e-05
1.806981506254765930e-05
1.787210275948955106e-05
1.833218772156183635e-05
1.708469635345558502e-05
1.700457262230387455e-05
1.736522395922459287e-05
1.740434857821021599e-05
1.615659747010031661e-05
1.711527890904325532e-05
1.777612517033928368e-05
1.860821271700189932e-05
1.834639078955562625e-05
1.863887268123683451e-05
1.876077899866064871e-05
1.781351083883736696e-05
1.880470448583750276e-05
1.896896660461916962e-05
2.025879740665602704e-05
2.305968972431522590e-05
3.338860607674270684e-05
2.181312977684665569e-04
4.420785084147929502e-04
1.488072651194971162e-04
1.986952998201984612e-04
8.772899724055864274e-05
2.429019904625611068e-05
2.218754445128045277e-05
4.553539657142707467e-05
2.205195774808507844e-04
2.067042991568296439e-04
3.567586910116825685e-05
2.177827434465797395e-05
2.133921696821198218e-05
2.591391414194010379e-05
2.713567511735028574e-05
2.059217819856621259e-05
2.010459169143335328e-05
2.997155613577951946e-05
9.908801631387930829e-05
8.032999501953567447e-05
3.148333925782496114e-05
1.416487447422651411e-04
2.546972523399109747e-04
6.737317479019867925e-05
2.990397976586356500e-05
2.470472231313932329e-05
2.126917721402698407e-05
2.141135227418317763e-05
4.130501986183667462e-05
6.990360384824706485e-05
3.078185404022354654e-05
1.804333067439303916e-05
1.769311818485469601e-05
1.938518939550745075e-05
3.162928966816200006e-05
3.420524982048176756e-05
1.805215910560187866e-05
1.580351821895976307e-05
1.594758158324929725e-05
1.644856458788723728e-05
1.624390368105490355e-05
1.538269143555431241e-05
1.495131900565679498e-05
1.551706951999256350e-05
1.830510707896548789e-05
2.481691572277617229e-05
2.088739746493125282e-05
1.851199621166406777e-05
1.819189142677798734e-05
1.879023357338462392e-05
3.577828574078227439e-05
1.453861267813874245e-04
1.282619523681358348e-04
2.607037513276237400e-05
1.761330860524304697e-05
1.985291695852195272e-05
1.854788446758206367e-05
1.410137027250279955e-05
1.369377856482410782e-05
1.326757416314828012e-05
1.345897883153073749e-05
1.360730033026759832e-05
1.399762390583507478e-05
1.353550030375151323e-05
1.191287809477441369e-05
1.234186855346358463e-05
1.296209455488555378e-05
1.184390726852365854e-05
1.175467815613648098e-05
1.277984727141101773e-05
1.472436925057116115e-05
3.203587506812669830e-05
1.368753672139282171e-04
1.091364194518211158e-04
2.370522778666135004e-05
1.758577234145792441e-05
2.951670969129489402e-05
2.801948915518209232e-05
1.427157575138714286e-05
1.276111635964083235e-05
1.131399388842878022e-05
1.052472230161810504e-05
9.939879224793728664e-06
1.001750368446472763e-05
9.761145559516080456e-06
9.197419628170551640e-06
1.373421866285281636e-05
2.351787630445095122e-05
1.353831892897139061e-05
8.489045213448835939e-06
7.982385809418118851e-06
7.717421605352333864e-06
7.472483007063301217e-06
7.412794225189718552e-06
7.216543372719621890e-06
6.931561333860177280e-06
7.129819355730859756e-06
7.366531093112552609e-06
7.110339059313349512e-06
6.802357461818052602e-06
8.608461017005671073e-06
3.465824417539638632e-05
1.023441174271378187e-04
4.722336794239168160e-05
1.240265728513855576e-05
1.028124205022609151e-05
9.887041307139466913e-06
1.619674154510731707e-05
3.236279124113595839e-05
1.695139218074782171e-05
8.596709649729369860e-06
8.387796376883332501e-06
8.352620926002481141e-06
8.795919324084902494e-06
9.075010670921761046e-06
9.727079129173543925e-06
9.022238855261144292e-06
9.633057886234777260e-06
1.749554007887048850e-05
1.816621748549236885e-05
9.225837991533929015e-06
9.872900074946149363e-06
2.847272973407191375e-05
8.128888309618553147e-05
4.076809473871899922e-05
1.195272739515881051e-05
9.587413901484156644e-06
9.848887538746138782e-06
1.957102043741123685e-05
4.188162526202158256e-05
2.439416331431165969e-05
1.437605450855640327e-05
1.645673994824409540e-05
1.782403962736594090e-05
1.915137181718742793e-05
2.276022268303028864e-05
2.686339125113993903e-05
3.069321059651333776e-05
3.873362169319089524e-05
5.856644095868168644e-05
7.984590890913963494e-05
7.836746129830714658e-05
8.737336786551814951e-05
1.159528820007967563e-04
1.516115892179115316e-04
1.990700465702428096e-04
2.497415692049718863e-04
3.347884568590994139e-04
3.878617844346682960e-04
4.231235311752844425e-04
4.090693804677323752e-04
3.047252556504049192e-04
2.202836578477023019e-04
1.501119192252870882e-04
9.168716906154056941e-05
6.296543327848311039e-05
4.388048721868737173e-05
3.440673576315197871e-05
3.114626211611742213e-05
2.777381863347553540e-05
2.776065827220266223e-05
2.716197245280365952e-05
2.727229397352858733e-05
2.739444886885694880e-05
2.749866912275554856e-05
2.760336259506422692e-05
2.769071545933965187e-05
2.775160539745426670e-05
2.778865404246132247e-05
