8.000561777029146664e-07
1.130662564305390797e-05
2.737494711161203966e-04
2.878538665569086753e-03
1.436009909047164176e-02
3.751049113345568398e-02
5.219393025475474457e-02
4.073510521456736450e-02
2.783781205814018361e-02
1.941465509931646072e-02
1.359522055386432060e-02
1.046040567154124697e-02
8.124192277269976642e-03
6.843433324725806469e-03
5.626316191225059354e-03
4.347007524904092368e-03
3.674264797786296229e-03
3.077403796210496662e-03
2.779612595042594940e-03
2.535491622937381759e-03
2.387545440876459070e-03
2.217120760607016981e-03
2.031168771653078537e-03
1.865682032182323230e-03
1.765676274678011333e-03
1.772315329984154803e-03
1.745275190973265104e-03
1.612137408191876382e-03
1.566818067823699118e-03
1.592521092354201064e-03
1.585776689125172187e-03
1.502730550343608007e-03
1.592879701178857117e-03
1.500609346569310547e-03
1.432944485426683890e-03
1.514027725850193573e-03
1.576876706698851840e-03
1.507030619792128342e-03
1.518119795777729802e-03
1.515062894113641812e-03
1.499469858655256725e-03
1.643627247877459596e-03
1.652569573753058952e-03
1.668931276603378457e-03
1.520353879206443222e-03
1.450611190910035047e-03
1.508413194480893744e-03
1.456724632643310305e-03
1.437774121190113453e-03
1.414425913979354627e-03
1.356978184653434474e-03
1.573877171862958111e-03
2.059593404262142179e-03
2.283203650313921779e-03
1.909773945099705987e-03
1.701530279552733969e-03
1.777825922273546400e-03
1.725614002081338888e-03
1.538293992870025167e-03
1.559370100833055691e-03
1.415060118920941339e-03
1.475270665424752940e-03
1.405849345309905917e-03
1.435012818196621182e-03
1.704761934836668746e-03
2.076370846093731660e-03
2.689469674086798420e-03
3.058930362169141534e-03
3.387531013434581188e-03
4.590565063290947580e-03
4.795103111086908114e-03
5.340688204080844791e-03
9.943766194749121060e-03
1.932591260064868421e-02
2.413624453203951428e-02
2.261432932824628678e-02
1.949191794082093948e-02
1.897545344397140454e-02
2.098511237758137263e-02
2.412300921057258102e-02
1.716541655401585681e-02
1.077931303795562692e-02
9.395082887043727446e-03
1.199161160082613115e-02
1.265787807366591279e-02
1.011903427234694085e-02
1.137539080851188329e-02
1.060828934159670917e-02
8.288890640803630791e-03
7.574396258968691710e-03
1.220501516459952980e-02
2.110452583840895582e-02
2.910692499211462239e-02
2.484830443120175647e-02
8.565327852242742013e-02
2.137590215341195754e-01
3.263007374567758467e-01
3.675022848801521858e-01
3.243244419740023421e-01
3.486887460904831704e-01
4.320472641044117990e-01
5.515593959066684704e-01
6.752479257940596780e-01
7.585653422115234967e-01
7.168218318926334875e-01
5.640537154983702450e-01
4.444088409269311146e-01
4.168774212793073808e-01
4.742048818782314545e-01
4.825059653775390367e-01
4.571487989587052492e-01
3.728803730141870831e-01
2.480911827213880816e-01
2.437091316691405996e-01
4.178812232117697922e-01
7.655542592722691664e-01
1.566551352042342415e+00
2.577886105121910187e+00
3.317723477834118473e+00
3.467497635105065257e+00
3.155097406838960783e+00
2.775444299818676797e+00
2.494866832179553295e+00
2.409476639449136481e+00
2.370639772439879778e+00
1.930678593484750127e+00
1.388115670228524889e+00
2.200339080918372492e+00
4.027928246731475426e+00
5.428234106903786937e+00
5.453703339477134371e+00
5.432216483414959107e+00
5.863936030623658979e+00
6.598893538453610930e+00
7.161910693980285458e+00
6.781586409099066515e+00
6.149366503692347052e+00
5.794357764341481420e+00
5.981500690095712613e+00
6.542519328594328165e+00
7.288917977025730188e+00
9.397411973631799142e+00
1.015717200529406128e+01
1.026509841007446333e+01
1.058265722170952117e+01
1.089635581125629571e+01
1.107339652036459121e+01
1.051044809096930166e+01
1.013568424190453499e+01
1.013728024096990588e+01
1.001346443179340717e+01
9.944003207044190162e+00
1.039527715209272252e+01
1.186711887157153278e+01
1.262963943181750359e+01
1.239065164395769614e+01
1.197507047383396639e+01
1.068496100850728503e+01
9.952641349387732816e+00
9.306073154499634015e+00
7.118459529993391044e+00
5.279754768336569093e+00
4.465516652060307123e+00
4.416178679730771606e+00
3.503507107235275253e+00
2.663246601697862648e+00
2.020818232020607397e+00
1.879092447476403471e+00
1.735982298721573169e+00
1.874109031000900094e+00
1.927313245844862077e+00
1.859397312063787888e+00
1.560164533962830280e+00
1.107646526567694911e+00
6.847639935455532845e-01
3.444359004951223491e-01
2.900715748406486605e-01
6.378173997458755906e-01
1.351138096174351322e+00
2.789570457292894989e+00
3.052432685541661694e+00
1.573040627355341448e+00
8.197519128793059329e-01
2.047330813877931810e+00
2.555350207242607752e+00
1.792434859252464596e+00
1.388898226318264317e+00
1.271044423811986235e+00
1.403197805356403594e+00
1.481187832754705669e+00
1.734703864851123711e+00
2.175408125168159401e+00
2.501872774875192551e+00
3.570888018360497185e+00
6.205959137737890430e+00
8.505222197029620901e+00
6.918364432079139981e+00
3.757639034456092375e+00
2.726557026091936287e+00
2.607641761452657914e+00
3.000322216844832912e+00
4.120883721845727266e+00
4.287047646512402999e+00
2.839404415326850284e+00
1.607597939109957741e+00
2.231868667242669080e+00
3.621127183345108858e+00
4.592065936144162031e+00
4.287505147519238058e+00
4.390557759395524506e+00
5.191418151983284268e+00
4.629822478066465408e+00
3.950368258490406514e+00
3.128813272049578043e+00
2.828048834725452654e+00
2.620791007112827309e+00
1.668248983976460709e+00
1.174482875850618724e+00
2.289655527165991966e+00
5.218361921616504695e+00
7.082970603684508148e+00
7.121868364278328478e+00
9.013636449774402593e+00
1.280056549882169215e+01
1.447861925917342063e+01
1.048805642479573130e+01
4.991929140132466358e+00
3.205459230043648855e+00
4.781677738370171404e+00
6.475620981300317602e+00
6.723813662691144444e+00
4.987886647476480029e+00
2.813194158718103743e+00
2.107575708454123564e+00
3.196132087655941145e+00
4.402343925975058525e+00
4.263857831229178608e+00
5.087680636422580172e+00
6.038377099181558627e+00
5.198103728601332740e+00
3.595318736855756203e+00
1.817000263443180774e+00
1.244557910004081558e+00
1.293775871597264038e+00
7.496985295173964614e-01
5.552862610641196017e-01
8.877570308449398429e-01
1.578126789956327825e+00
1.737876265828331546e+00
1.062893158043272113e+00
8.274644860803097579e-01
9.389107086001785563e-01
1.929895060116429528e+00
3.380365302958167728e+00
4.929115416949991335e+00
6.541005774906134107e+00
6.532567988533069858e+00
5.183468338403181441e+00
4.428378206056409638e+00
3.428193174711571700e+00
2.983336357280232054e+00
3.400440861960433381e+00
2.843313575320763675e+00
2.314428227213622069e+00
1.723403710221544038e+00
2.045264548926664094e+00
3.013752978553450035e+00
3.738038798481901015e+00
4.274509514575531632e+00
3.677591164027886883e+00
2.571468018376840359e+00
1.847320259199727754e+00
1.143285343661686326e+00
1.010637314717865554e+00
9.581429639800428388e-01
9.454241754806892439e-01
8.830345016217281406e-01
1.129839748562750712e+00
8.365074733695743170e-01
8.408724899828454724e-01
1.006839707150132046e+00
1.460390353894587268e+00
1.673371231742107668e+00
2.024882583803220282e+00
3.240021650014738963e+00
4.145110049239247196e+00
6.148210661797076426e+00
7.344842778227965496e+00
6.585858784357919937e+00
4.885440535721760291e+00
3.769815362380133816e+00
4.480853125564761008e+00
4.009947075931456162e+00
3.104717234705624662e+00
1.885901675666846078e+00
1.491207031585982890e+00
1.515216278792629545e+00
1.616747158483637925e+00
1.669487586029214876e+00
1.804775246982811332e+00
1.779419272752244208e+00
1.334686091795003415e+00
1.118590829507043027e+00
7.964026327145933282e-01
7.619442996602198148e-01
7.381234228613483550e-01
8.372346209885569435e-01
1.033880025519858581e+00
1.551754254410351308e+00
2.077292381109620223e+00
2.025710322787783735e+00
1.201507273957056254e+00
4.212378372499648860e-01
1.872725476331242034e-01
3.510249358374972761e-01
4.691183610281859928e-01
4.495826805820171690e-01
4.343604595122682599e-01
4.778240703739692896e-01
5.149803834886582665e-01
6.326932503382773909e-01
5.992649001603824743e-01
5.598004657980876209e-01
5.717079224490849709e-01
6.691159249138940446e-01
6.696642717412557566e-01
5.153996356313359506e-01
4.313249116446742915e-01
3.561666378025878377e-01
2.722488405624787222e-01
2.358136257950369796e-01
2.299828272186364431e-01
2.425657792253872180e-01
1.592700114132803990e-01
1.224618298920538279e-01
1.397633451586029474e-01
1.511871802102996154e-01
2.171620092609634900e-01
2.269220380373199453e-01
2.098073296233639584e-01
2.317351343330896207e-01
2.470642696171801711e-01
2.496126225514719299e-01
2.357923606118489390e-01
2.122084617902407211e-01
1.362146207032953749e-01
9.243409463846180563e-02
1.245697356521923288e-01
1.446240863478422678e-01
9.829934620805180767e-02
5.340815730812446122e-02
2.393781249422286331e-02
1.919525984372517230e-02
4.612593258309959088e-02
9.536301712797569385e-02
1.211611042897614149e-01
1.027086781047132219e-01
7.530901743891180167e-02
4.978761607624070107e-02
2.735442011542528473e-02
1.547060455142195388e-02
9.365586418601584348e-03
6.442467346476367027e-03
4.941890805134963038e-03
4.597637105279356318e-03
5.136645434713258893e-03
6.093141942464462210e-03
7.273275095007387427e-03
7.538381852079832288e-03
8.040386091536576990e-03
8.442130570004605095e-03
1.045073072420102563e-02
1.658373884676838522e-02
2.588846824381485501e-02
4.550475668236957094e-02
7.294104723458226525e-02
1.007261437757111383e-01
1.123515193465464135e-01
1.146821827278212830e-01
1.165591431068229294e-01
9.445706150312166427e-02
9.189069672030078517e-02
1.053014633350219803e-01
1.263921585072252940e-01
1.271932092970552153e-01
9.488197469644672755e-02
7.479810822645141521e-02
5.695897176331438105e-02
4.873505102141761913e-02
4.614159157875501183e-02
3.799403863329975373e-02
6.102393319898737067e-02
8.790136330068124004e-02
1.044622831490865933e-01
1.301990188695877904e-01
1.199453956533167442e-01
1.380709200508414836e-01
1.755848725072980954e-01
1.979566177161586893e-01
2.156157147372798344e-01
2.094111602902712643e-01
1.496782842863882967e-01
1.367525634770525578e-01
1.379370752035338488e-01
1.371781630072621549e-01
1.102235282858613358e-01
7.993378351069793664e-02
7.080824288014378465e-02
6.261622535380567678e-02
5.617868511397654252e-02
4.051333097947956707e-02
2.734322724470697463e-02
2.945900895273972919e-02
3.663519974037313109e-02
4.553238590901850097e-02
6.306299053401633048e-02
6.203983630014297396e-02
5.075957646150955349e-02
4.871999484115201867e-02
3.879520786257766030e-02
2.187686911136836956e-02
1.411409888946781911e-02
1.116898277814380377e-02
7.893924102780834270e-03
4.707115104844241359e-03
4.443750332686084194e-03
4.846917829250313448e-03
5.198034696263151115e-03
5.586267303147046323e-03
5.211811478949463644e-03
5.867161512641686991e-03
5.571975369118223678e-03
6.205899325497006049e-03
6.795382537279510797e-03
8.082461296731272352e-03
8.530494035130634090e-03
7.184902062717272303e-03
5.969080580739546601e-03
5.260733971346482490e-03
3.874652135240987377e-03
1.872211048129906238e-03
1.054566316179750621e-03
6.846822311098256552e-04
4.485348460456381144e-04
3.375837288816738993e-04
2.365518553781977354e-04
1.667626180021788778e-04
1.383932473934132109e-04
9.943619360584958814e-05
6.322811179771646855e-05
4.961298836297961301e-05
3.578693436793779780e-05
2.717404375785753743e-05
2.220516270324907887e-05
2.085569936203273536e-05
1.859653448068357792e-05
1.480226439241464395e-05
1.251278225233126132e-05
1.157239490999513031e-05
9.617671628603375705e-06
7.307164574826106709e-06
4.953364018305811508e-06
3.408434148764053835e-06
2.471427925417847003e-06
1.830036259266040955e-06
1.437449093817238447e-06
1.137272573718978965e-06
9.010812957264335132e-07
7.198448678059873109e-07
5.691383564785537016e-07
4.483082248184939574e-07
3.511587159529683138e-07
2.727605863841615462e-07
2.108752454184410549e-07
1.618003301782551578e-07
1.234744134860941564e-07
9.410323042415692931e-08
7.116940821324760321e-08
5.311399824261147912e-08
3.932170983178150647e-08
2.886084319533709931e-08
2.096924808962606526e-08
1.506182517988403954e-08
1.071253955940801414e-08
7.528738998461667699e-09
5.223335597861275847e-09
3.575323854613565127e-09
2.411478233284278234e-09
1.603651361779327741e-09
1.046796179110469497e-09
6.717238742997231905e-10
4.213364401977727605e-10
2.593343887268768442e-10
1.553166475373949937e-10
9.116228553919577513e-11
5.167483559103177954e-11
2.842641565206702688e-11
1.520421962862701432e-11
7.806422874380012596e-12
4.035797367117602404e-12
2.042105203136657296e-12
1.091014153256945897e-12
6.457017506557094296e-13
4.717083388796749263e-13
4.039184391077334278e-13
3.709506911296015746e-13
3.575202953350671715e-13
3.505066071605406149e-13
3.465390665914948837e-13
3.433285111418236692e-13
3.409776653821389265e-13
3.396020532243749268e-13
