8.007599561285157870e-07
1.217813712838224345e-05
2.844538133774782130e-04
2.867181241026972149e-03
1.488445771669641426e-02
3.764271551395328985e-02
4.692508158847151500e-02
4.033728838853959525e-02
2.892748245710562854e-02
2.118988846576882329e-02
1.419640837220081074e-02
1.054978716166510462e-02
8.254265729415502170e-03
6.400888511707376535e-03
4.911717631591901514e-03
4.053384132737917166e-03
3.451944777277983923e-03
2.908924853630680263e-03
2.607205649761582672e-03
2.303339977860346249e-03
2.005428477209676794e-03
1.964000912545933383e-03
1.819679394319062907e-03
1.643753689262673380e-03
1.565889678681132774e-03
1.560919306712772823e-03
1.499589353633283637e-03
1.419669478080938475e-03
1.340853659163029855e-03
1.316679486750657428e-03
1.336290413623082794e-03
1.324168609680672183e-03
1.273888301630569844e-03
1.231882151737504622e-03
1.255586124538650167e-03
1.280963954471208647e-03
1.270780346261180969e-03
1.236415293080575907e-03
1.258482168440473161e-03
1.282000706128932823e-03
1.208483570086317776e-03
1.209618445906113443e-03
1.207647035429104372e-03
1.271054841699547277e-03
1.209861596016956935e-03
1.315005861331137223e-03
1.387625799774662048e-03
1.273799091136404134e-03
1.123684601817507948e-03
1.097556977868800439e-03
1.150950513133234881e-03
1.277249406491314833e-03
1.388101781311836067e-03
1.827762876707732589e-03
1.971386167798619502e-03
2.054040978595066992e-03
1.970138747571607233e-03
1.905494089466440097e-03
2.460343240617174874e-03
3.513240334776187180e-03
4.608378957143656647e-03
5.094281507058191424e-03
5.460901492813770471e-03
5.819278800707649267e-03
7.135019300141405910e-03
1.013749474497147203e-02
1.321568755377789534e-02
1.335874656335086542e-02
1.544278383298939780e-02
1.729172762927312645e-02
2.061139995870291119e-02
2.189247491251850031e-02
2.472926852881539989e-02
3.325987893823151992e-02
4.093221165469522471e-02
4.231784743723453202e-02
4.045280100218479752e-02
3.765072458076232365e-02
3.853798052349346331e-02
4.431600697236769137e-02
3.918975265556386839e-02
2.710001948119829251e-02
1.929598212711191099e-02
2.013395056644804934e-02
2.502830020690272050e-02
2.658527115455739526e-02
2.464701729428870475e-02
3.505386547792426616e-02
4.591755069968403435e-02
4.818485502950536209e-02
4.215226822109371246e-02
2.970366278454667636e-02
2.477255084308446764e-02
1.798179113952645680e-02
1.544012426748607794e-02
1.459259617199036747e-02
1.150790130792394075e-02
1.310851899560387494e-02
1.221086830873380040e-02
6.595455347470192443e-03
1.051249856122472327e-02
1.702518580248517724e-02
3.002440711406154095e-02
4.232879700729657441e-02
3.809426732773428526e-02
4.348548148523159046e-02
5.907836350523884561e-02
4.748974402767312114e-02
5.636846784551906298e-02
7.427339251469904091e-02
8.145051903955263795e-02
6.713937331528806174e-02
8.884332917725745737e-02
7.715163194423041437e-02
3.526615321665178132e-02
4.373481148839356708e-02
1.094136601548143378e-01
2.269085098349707674e-01
3.682102068656706861e-01
3.852587197411898035e-01
3.971223876626749916e-01
3.307148275772366364e-01
2.916549234250517819e-01
2.486781186578904124e-01
2.339272406781315872e-01
2.194695815947918793e-01
1.555556999928771333e-01
1.387228957028489029e-01
1.059008878455893199e-01
7.170755375301424150e-02
5.922863632475846435e-02
5.908435350915951234e-02
4.452680211212853983e-02
1.997452908127110571e-02
1.475826235331611364e-02
1.948299156067205551e-02
2.195335773983577918e-02
3.175903962625922783e-02
3.510624440769111870e-02
6.070842640453227856e-02
4.736190334085044196e-02
2.896271695406895524e-02
4.198460426892840214e-02
9.002204845754183116e-02
1.069309161801531294e-01
1.833803603260194537e-01
1.270076640725720518e-01
8.815638843092508947e-02
7.375138953852480861e-02
5.337205669358412174e-02
5.568644895929174277e-02
9.780175610336425129e-02
1.048697575841738006e-01
4.073567082018386687e-02
1.808326800171443025e-02
2.265095560897783383e-02
1.848142633241784197e-02
1.532624161369108839e-02
5.015552990895628949e-02
1.267629096901070340e-01
1.824695253000640227e-01
1.551912032755742021e-01
1.194346039854968511e-01
6.794746475455931689e-02
7.402679276876658609e-02
1.158923645133885932e-01
9.775437409949139234e-02
6.591927259816139639e-02
2.108600803901327855e-02
2.042771254060048169e-02
1.707868531356621089e-02
1.797788897797874749e-02
2.766433845483288329e-02
2.520685862279789871e-02
2.422733612464482433e-02
3.152808066307101476e-02
3.241206765005550522e-02
3.959758396096162147e-02
3.609145287083995873e-02
4.496849074534143426e-02
7.912526137710665375e-02
1.058958977243639188e-01
9.581884339140148144e-02
6.634043848456236403e-02
7.616490376110025828e-02
8.315216288278742818e-02
6.953618172581867152e-02
3.706772769225256253e-02
1.230024189548626842e-02
1.064585863492709811e-02
1.416121430055329068e-02
1.376058157144595569e-02
1.094930441986787829e-02
1.156164092425935458e-02
2.200268057591659235e-02
2.135705778491869128e-02
1.286482792887986941e-02
2.174781616236260220e-02
2.706814583923079776e-02
1.870089190628679635e-02
1.784412581664446273e-02
1.485011546617552233e-02
1.178657177531393548e-02
1.619088487791816092e-02
6.342218112174433098e-03
4.496762056724164930e-03
5.190626307227618613e-03
5.241888164635338451e-03
4.728638613822236381e-03
5.301528497489227561e-03
6.412368588325795954e-03
7.779166531281965155e-03
1.064291555642554558e-02
1.081900760525211259e-02
8.531354212105646956e-03
1.105092803187102818e-02
9.825946204679678053e-03
1.229962875324967439e-02
1.631359861177839390e-02
2.196513754933228021e-02
2.094141662795961575e-02
2.262073378145553273e-02
1.358551846978909433e-02
6.524372402300976891e-03
6.658768169262036483e-03
5.195197196898744194e-03
2.242186849679141027e-03
1.764209869611282379e-03
1.755302524278428431e-03
2.368768392782806109e-03
3.068827186365363346e-03
3.385782461205717221e-03
4.094212056781120455e-03
3.153194314452878455e-03
2.535595404010624297e-03
1.945143926094645721e-03
1.259145679198799776e-03
1.297165300923793776e-03
1.847246773455440191e-03
2.478763175677457103e-03
1.538009024252988410e-03
9.222512019475381361e-04
7.828327387152560820e-04
6.278578365518300893e-04
5.880723599215858383e-04
5.474622342129298368e-04
5.146654266690062034e-04
5.202559854347256398e-04
5.318251814179865205e-04
5.329096746239213181e-04
5.216141488202748937e-04
6.128987306231771515e-04
6.660701462408219128e-04
7.173023361349456809e-04
7.192993380995683743e-04
7.824383361901664094e-04
1.056172060258534244e-03
1.204024246643508721e-03
9.810752119041911152e-04
1.662403491031663912e-03
3.510288623755463376e-03
4.201138085433305490e-03
3.878358017478023955e-03
3.507902111134174588e-03
2.872199759416421434e-03
2.291259704867537085e-03
2.407484675887980232e-03
1.788510714886820414e-03
2.060954204020816558e-03
2.360559185108007402e-03
3.547710631500400943e-03
2.829146333176353958e-03
2.048117800159543565e-03
4.086137863723215448e-03
8.039099447688333525e-03
8.477328090865583407e-03
5.646522692750280056e-03
4.833976630190050562e-03
8.245654124395276896e-03
7.036608103818738080e-03
4.856645038918908606e-03
4.454705709955241941e-03
2.858728044549297027e-03
2.923052768690602692e-03
4.858639640532100117e-03
4.579652732023393319e-03
1.976262152542785158e-03
1.406017876157088578e-03
1.827073261600558295e-03
2.562396271464401510e-03
2.311392087861437530e-03
3.294038691261516778e-03
3.204999178581185906e-03
1.642265994864361206e-03
1.601984432219691334e-03
1.899767401756863794e-03
1.752155753435222013e-03
1.200767478257541579e-03
1.051586668617363702e-03
1.123035590979320477e-03
1.540352985116689435e-03
1.601103216654739926e-03
2.223949353657837195e-03
2.994312283659658538e-03
2.055372310454113127e-03
1.399035070729791027e-03
1.243714915071305769e-03
1.285928015420599894e-03
1.425557951100292530e-03
1.708686735263242060e-03
1.820619478677632354e-03
1.078631330697200127e-03
8.249717344796536102e-04
7.167697875643937134e-04
6.451616349305228700e-04
6.637405895284943921e-04
6.199631198770151749e-04
5.891905502021719783e-04
5.988771098034146711e-04
5.683366176739538828e-04
5.661621080955181505e-04
5.373712793413296107e-04
5.439948761643445367e-04
5.519522399413760976e-04
5.519286458650614433e-04
5.664206810975771968e-04
5.815002514979283714e-04
5.920554098493528835e-04
6.242808214912278593e-04
5.855640923271594874e-04
6.191534565506298746e-04
7.048493131618382718e-04
1.017107434646916716e-03
1.061806134503509016e-03
1.076737567696306550e-03
8.393218802619013168e-04
7.610960798463123475e-04
9.132675913308130333e-04
9.847935832430034560e-04
1.087795254945752785e-03
1.506038438504087333e-03
1.488710952491155036e-03
1.379830949962912445e-03
2.369723400404215655e-03
2.469062166741937698e-03
2.607149122851636861e-03
1.936608027827098951e-03
1.544229715407073036e-03
1.430118142056374447e-03
1.730539575395399635e-03
1.943130402492244556e-03
1.398159677021755228e-03
1.290095764701747454e-03
1.261590775617945455e-03
1.166080239376368231e-03
1.359040370180833414e-03
1.928006267211339981e-03
1.644553433095385713e-03
1.265709888238761250e-03
1.071700050277508368e-03
1.103399259052591360e-03
1.356394902228508399e-03
1.288526041548260833e-03
1.318531922199906239e-03
1.252567539815224208e-03
1.427896203501711906e-03
2.269488207647449209e-03
2.202648636737429902e-03
2.035813251906215971e-03
1.799970539117584905e-03
1.837179491526231157e-03
1.808813467821074241e-03
1.697680977334828324e-03
1.457507848566307312e-03
1.308387898387018905e-03
1.204239230624198301e-03
1.056335736627048681e-03
8.944051266058021489e-04
7.503872812916731515e-04
6.173947543093493079e-04
6.156525787774249194e-04
6.557017551081114172e-04
5.803798459294433635e-04
5.393241409692428861e-04
5.477324892722589857e-04
5.202955702749640157e-04
5.429046593322664959e-04
5.746852527633098664e-04
5.337717370295871509e-04
4.990737286636217880e-04
4.959248561945029006e-04
5.271948130006121796e-04
5.349026672548131116e-04
5.257697727843236614e-04
5.371683946380911715e-04
5.813277617542171854e-04
5.923317977710867988e-04
5.306717047783948531e-04
5.526531384338040885e-04
5.585134743414677536e-04
5.882717638948866019e-04
6.253438172733916415e-04
5.694248065167673402e-04
6.023640804062341692e-04
6.422757320986051399e-04
6.326320929041140319e-04
6.738973203497091238e-04
8.174387914166024753e-04
6.422704330991084584e-04
6.382794219834676515e-04
6.680299113151396675e-04
5.698155078033838609e-04
5.216907560101566050e-04
4.885689637173104777e-04
4.404762601238362374e-04
4.218495330275223135e-04
4.149820319249366445e-04
3.889252112894276661e-04
3.623281237833188588e-04
3.390504468132165541e-04
3.118744057644490210e-04
3.064830795609665114e-04
2.612688643887848259e-04
2.109961936879554555e-04
2.092077636030820968e-04
2.136083807059034937e-04
1.804668161688342343e-04
1.399673040539855856e-04
1.367998145152819929e-04
1.358572844673661909e-04
1.289191229175384694e-04
1.209219555789545095e-04
9.559951452495877590e-05
6.307490907800585207e-05
5.330327846777970651e-05
4.236837707392493213e-05
3.472504605930448621e-05
3.001849293670735513e-05
2.527796967702781325e-05
2.142770335038548504e-05
1.825897226982136880e-05
1.556743077361789269e-05
1.238197307094623335e-05
9.177343885363065478e-06
6.664741224392390072e-06
4.860003029334358558e-06
3.771130366034054984e-06
3.106893275538586447e-06
2.461074434051101330e-06
1.730211946837160670e-06
1.348743848349915162e-06
1.009232716844837117e-06
8.016519121456092343e-07
6.132431126782677902e-07
4.480598700686407524e-07
3.294702969622127123e-07
2.578422092077062470e-07
1.933905282293047852e-07
1.266600144576329177e-07
9.414633516774463042e-08
7.059509332217455110e-08
4.878718006545334258e-08
3.492575807087478056e-08
2.440691776932484248e-08
1.717954138667909504e-08
1.186185606398815542e-08
8.442015461843905746e-09
5.909984185349169301e-09
4.114159160739028563e-09
2.757052399715849446e-09
1.890046034101650753e-09
1.383145331977310740e-09
9.467809686011954921e-10
6.627835600270516991e-10
4.842861517651102687e-10
3.348897576491784808e-10
2.183982959076980321e-10
1.465845844413810765e-10
1.040769584127389752e-10
7.134457520127630149e-11
5.180968350256174102e-11
3.601086256920438950e-11
2.441642465138863323e-11
1.623117301437707144e-11
1.107357072207151654e-11
7.593624756462771845e-12
5.141726094240172479e-12
3.402252180344722526e-12
2.252040034303510556e-12
1.468851699239536187e-12
9.217022037694316160e-13
5.815622141985883901e-13
3.500826784358503643e-13
2.122831251132608791e-13
1.254291929327027072e-13
7.074934153038314511e-14
4.021134377820662340e-14
2.250160629386453954e-14
1.303892224233148044e-14
7.280240656626369310e-15
4.733985135997966163e-15
3.317356447775531936e-15
2.690710116952560777e-15
2.395898804391143309e-15
2.237141220212970039e-15
2.133693430282024420e-15
2.072233168474809198e-15
2.032769765271748125e-15
1.995665457336105443e-15
1.969632638437395858e-15
1.950957768775165315e-15
1.939899432448260517e-15
