9.370341455520997492e-07
1.105511925612133388e-05
2.799110955074573409e-04
3.087565511720093830e-03
1.566419191087672219e-02
4.044389755332498254e-02
5.154591948793605521e-02
4.094168158295060506e-02
3.011204728998638849e-02
2.145476962774527097e-02
1.796926982746281654e-02
1.408742237577012557e-02
1.062322587015177532e-02
8.680192542330263800e-03
7.678441508567545107e-03
6.879460272790982080e-03
6.234719585086045263e-03
5.589831571801254749e-03
5.139569043818084659e-03
5.167554170275165913e-03
4.877564466246006245e-03
4.576671465222391030e-03
4.493334945910953601e-03
4.346293992544192873e-03
4.120508514656799105e-03
4.027287632794583280e-03
4.063873776471017656e-03
4.200697406384245464e-03
4.084264771754862917e-03
4.077403128574307728e-03
4.078508529796491186e-03
3.994425398296013591e-03
4.015202124906044542e-03
3.918178866689246004e-03
3.898480921927602576e-03
3.882776049932332250e-03
3.918428606950885226e-03
3.931794044999919330e-03
3.930504019653014922e-03
3.883035067646728022e-03
3.858260420855571388e-03
3.902975973417444240e-03
3.875302735300497747e-03
3.951116519039623090e-03
3.829986736273631540e-03
3.879767666987140110e-03
3.909068624060122940e-03
3.880959233007563996e-03
4.044196649972383109e-03
4.010895910472848588e-03
3.715757100356356125e-03
3.643940069507514787e-03
3.716112847686713072e-03
3.759592951498222195e-03
3.709228065108492126e-03
3.633380914807531666e-03
3.600161211595970939e-03
3.554701177534475356e-03
3.409319935695386255e-03
3.520991266807231481e-03
3.719657148938871997e-03
3.642856416408026855e-03
3.488422955740607886e-03
3.640607629089602591e-03
3.816676263281611539e-03
3.976330805144939577e-03
4.132648610854475560e-03
4.083858261761354018e-03
4.013061248374119074e-03
4.266450164259152043e-03
4.271051031978357997e-03
4.202586904207495679e-03
4.866045621605323904e-03
6.352672229870020768e-03
7.136553732574921205e-03
6.837930610099398829e-03
6.224353459384096912e-03
5.795628555572506120e-03
6.214121274825862122e-03
6.946773223635153635e-03
6.040638897845417021e-03
4.873442104259191957e-03
4.285062655152570288e-03
4.740368383672952796e-03
5.173137629849123773e-03
4.738028990319348259e-03
4.640412617773409694e-03
4.583576393251517084e-03
4.200820587472340814e-03
4.139611484912927158e-03
4.723556071322375371e-03
5.903709913729754226e-03
7.147172987313750968e-03
6.704959586304553437e-03
1.835405583760623544e-02
4.083053860765165077e-02
5.928899714827373657e-02
6.498547739585316951e-02
5.653917964056108525e-02
6.252165583312963015e-02
7.768379345904175004e-02
9.753675405509447394e-02
1.181075553263601363e-01
1.318629848889142087e-01
1.260603938986606110e-01
1.007121632727872446e-01
8.045301398368435997e-02
7.494042995096822368e-02
8.488241885504779760e-02
8.543210832708034164e-02
7.886282125587916469e-02
6.261221816529681516e-02
4.153108444628816204e-02
4.184613318010214911e-02
7.045348243695324919e-02
1.249903862185356429e-01
2.539613845729493113e-01
4.167140829723108286e-01
5.380747739772272498e-01
5.658632099518537961e-01
5.166306398004495426e-01
4.533921833143703672e-01
4.017105315396201082e-01
3.834961061814774474e-01
3.781677576489719250e-01
3.010826203979456994e-01
2.094010871533935059e-01
3.519573688703816483e-01
6.728494489560195024e-01
9.153635360864036397e-01
9.174624130372531772e-01
9.234220148132422645e-01
1.021515795230481416e+00
1.164227202344517487e+00
1.269421945975945709e+00
1.200139786409703202e+00
1.079693568289690875e+00
1.013305916909452931e+00
1.048256826496353655e+00
1.148275489667257343e+00
1.258093531970318590e+00
1.650406697614694052e+00
1.780120944631394364e+00
1.781948542041893901e+00
1.835293535822358990e+00
1.900362533279879917e+00
1.957155001599580446e+00
1.870683196331761389e+00
1.823252863256869416e+00
1.835024765312104789e+00
1.816665749158910437e+00
1.830373124031335896e+00
1.949450460491397141e+00
2.273370594051399518e+00
2.431979822731840546e+00
2.382317294123373674e+00
2.298284845518932418e+00
2.028839622244504870e+00
1.886342061918207635e+00
1.780431935960232526e+00
1.361496628019768451e+00
1.018291369185396755e+00
8.774743654311498720e-01
8.912330606323594084e-01
7.033829988983650860e-01
5.322745493515982362e-01
4.099111576434841808e-01
3.910334212650680707e-01
3.639448952425235473e-01
4.066249312303341079e-01
4.281263785788145260e-01
4.125352280479679945e-01
3.440491559319167614e-01
2.462200122017720871e-01
1.592597213696028413e-01
8.933662864466855591e-02
8.275474828034348751e-02
1.797728033690740301e-01
3.607846178210420418e-01
7.291242267741389060e-01
8.044909846282177757e-01
4.020534853058324032e-01
2.077558049392710382e-01
5.483710928400885587e-01
6.966306629637962766e-01
4.750385115403631953e-01
3.674944399131346850e-01
3.348019053441513293e-01
3.820306473989001916e-01
4.102054019244190108e-01
4.985116141956787428e-01
6.528849381248309491e-01
7.526926059611962483e-01
1.097727438802976963e+00
1.973777849706175092e+00
2.766870708841108417e+00
2.252710403927669081e+00
1.190384521678814922e+00
8.692279146270371903e-01
8.632516700628211082e-01
1.043500032310285652e+00
1.508588340055732280e+00
1.616983566364961655e+00
1.071264201352261303e+00
5.828800493794461524e-01
8.433559578503646570e-01
1.401800705612425535e+00
1.796487741822338835e+00
1.701462784792643568e+00
1.792010527705194534e+00
2.207549598013054393e+00
1.998232523554217765e+00
1.715415773241101727e+00
1.376116499926638870e+00
1.267973366187442386e+00
1.185262467780394680e+00
7.497913032359270202e-01
5.287136354299861729e-01
1.074683546974873893e+00
2.465255315042814033e+00
3.343902788885122934e+00
3.413519282248916653e+00
4.663099428189581452e+00
6.905430755755856964e+00
7.890593193437930530e+00
5.587784066498854507e+00
2.451967900809118195e+00
1.621862662362617113e+00
2.801326529777500518e+00
3.928994088363832571e+00
4.030172569389822712e+00
2.896080504395568411e+00
1.618694417628313120e+00
1.334396027148589070e+00
2.192730765630919176e+00
3.081147512325843163e+00
2.966684184525404167e+00
3.637727023182157904e+00
4.535551141106415329e+00
4.001457415263992345e+00
2.775444132252252505e+00
1.370685581913571705e+00
9.719225790509515850e-01
1.105689064279753886e+00
6.336796767783956508e-01
4.693276809901305024e-01
7.801333163754148314e-01
1.418636166279467536e+00
1.554105996846714577e+00
9.365752561806361953e-01
7.573248198757582816e-01
9.386382324086672835e-01
2.114200764340338434e+00
3.907215679899114225e+00
6.045982204376242564e+00
8.201705956260356700e+00
8.300508686709129336e+00
6.783062785499169856e+00
5.940236481825602155e+00
4.808513735078820517e+00
4.379141352194207748e+00
4.992113636328713966e+00
4.272663164054111284e+00
3.578258070440085703e+00
2.732702318777707973e+00
3.301656482156450245e+00
4.990712388063505145e+00
6.348427090417970042e+00
7.250207443178070754e+00
6.235356974645666739e+00
4.257135136848000379e+00
2.933737581465345023e+00
1.834575591854054721e+00
1.683635792071683790e+00
1.762902982198474966e+00
1.854258470912687029e+00
1.792033897448272795e+00
2.574893121668251350e+00
1.940707727147620298e+00
2.049117932745539328e+00
2.782780316043108826e+00
4.054278368428622770e+00
4.918780003746856977e+00
6.422710577820056166e+00
1.074578812389062321e+01
1.413469950102999384e+01
2.117505191974681722e+01
2.591808802181412474e+01
2.321104499761510453e+01
1.687837311697474618e+01
1.320085681918477327e+01
1.704641826395786453e+01
1.587959136791313774e+01
1.235501553478255410e+01
7.467073118988049707e+00
6.416254195392768978e+00
7.140423985484140701e+00
8.000610903055262568e+00
8.833288762010523598e+00
1.013040802026270093e+01
1.048353237970212604e+01
8.349695880660993552e+00
7.567691918809189566e+00
5.785258393591048431e+00
5.660947036891771589e+00
5.497682946310122887e+00
6.461986706208239006e+00
8.638900029295077942e+00
1.401254986870686992e+01
1.967017983356716826e+01
1.969846495168473766e+01
1.168531691688530039e+01
4.013091411351814131e+00
1.987057789105765249e+00
4.146111845673012830e+00
5.889926909020333667e+00
5.860419157423458536e+00
5.839571372173075758e+00
6.816090070582849769e+00
7.886927691846679522e+00
1.048306205517899592e+01
1.040302592437261353e+01
1.038478277267165062e+01
1.132936034112108814e+01
1.415930109418654048e+01
1.531638498159984074e+01
1.272541241876835194e+01
1.139288959435245374e+01
1.017972679586332063e+01
8.207163156251858993e+00
7.922321126193121898e+00
8.707623884941835257e+00
1.050830738818038412e+01
7.572204600054871726e+00
6.395858130196436342e+00
7.466786478862250220e+00
8.526571031053903127e+00
1.368858381300868743e+01
1.517375505762420218e+01
1.505750526532183287e+01
1.833312283913907947e+01
2.165657369293344203e+01
2.478459648266784399e+01
2.721028410862604474e+01
2.750723216185070186e+01
1.911908804538308004e+01
1.455272301662336254e+01
2.447992318830810987e+01
3.336393216686737162e+01
2.734250789151322181e+01
1.790019759554976275e+01
1.006190222340468665e+01
9.553392205104870527e+00
2.789429870427496283e+01
6.981624174232217683e+01
1.057131083529681916e+02
1.091837945396377449e+02
1.023750835461492983e+02
8.827674920666805747e+01
6.388008015459698896e+01
4.892267194457232193e+01
3.978129013831100025e+01
3.410787748513821072e+01
2.137680978398396547e+01
1.803100918298119026e+01
2.281664986569980158e+01
2.027565017657924784e+01
1.431646915049640256e+01
7.465359338185701077e+00
5.755225123040166757e+00
5.394417838530674025e+00
6.518035236259483334e+00
1.298258809094385491e+01
2.116346532274185677e+01
3.696432545451564522e+01
5.656598587413208890e+01
6.958254092399288027e+01
6.893594515164467396e+01
6.162361771168500724e+01
5.672466732031649173e+01
4.063394887789625187e+01
3.610573378297906544e+01
3.884086575776620265e+01
4.331698586812529328e+01
4.079507755513018452e+01
2.793894700241899542e+01
2.007180877258363338e+01
1.408264905744165674e+01
1.080913795391175469e+01
9.332409553421879167e+00
6.980893304480024320e+00
1.137233558775351128e+01
1.685469412829208835e+01
1.924851474032721654e+01
2.440209193611414307e+01
2.187884418538888198e+01
2.378788089953669171e+01
3.006600756572008493e+01
3.343317767566863097e+01
3.603480752005336996e+01
3.449179164106579520e+01
2.395962849471072786e+01
2.166039832820954913e+01
2.178692470552658378e+01
2.124910071666380063e+01
1.657644416105873120e+01
1.172717971503639767e+01
1.057307699131028222e+01
9.203610815869868844e+00
8.094762681881766397e+00
5.897902379969736764e+00
3.950963481101441133e+00
4.498510187142345629e+00
5.756175216504131775e+00
7.023039321700980331e+00
9.192862758270518242e+00
8.819868228029461577e+00
7.043258976702526653e+00
6.630674759993556933e+00
5.195079410782754259e+00
2.785112382934566977e+00
1.744672879323205139e+00
1.498274768475226670e+00
1.086648506682623472e+00
5.668282444257105590e-01
5.580537910079650388e-01
6.468437120473985447e-01
6.580573012650599019e-01
7.274107862153259552e-01
6.639830947177468579e-01
8.025502379424976906e-01
7.846653742265339293e-01
9.479797768274254022e-01
1.111971013362674565e+00
1.445217994628224867e+00
1.610229508443359769e+00
1.399848015550705371e+00
1.216278787460882027e+00
1.120445432808098385e+00
8.338687548412957451e-01
4.009584971844379342e-01
2.254075491654592145e-01
1.504229286292986245e-01
1.010511954218374087e-01
7.900296320528506222e-02
5.617013205900065614e-02
3.867219782536836237e-02
2.993129651991943349e-02
1.878163037721042664e-02
9.662128341075652826e-03
7.359166782448985263e-03
4.656727095331573626e-03
2.960389668140842468e-03
2.518673331267134302e-03
2.994734500814057090e-03
2.957450265043257663e-03
2.260224081941890253e-03
2.107727280093714059e-03
2.443351782168693819e-03
2.227365687401918620e-03
1.825626337744893799e-03
1.179536173857174443e-03
7.042791498938856445e-04
4.138876725830129282e-04
2.267852089469355370e-04
1.333665233034550632e-04
7.197279709639410605e-05
3.876049195692863968e-05
2.679498062998864757e-05
1.903279446866854612e-05
1.200516975054447153e-05
8.136104081446553861e-06
6.027308938479534895e-06
4.910666196121301931e-06
4.129362170202236319e-06
3.526574870914746392e-06
2.907632387921712216e-06
2.205431042707396433e-06
1.344087725715839634e-06
8.161518233082878664e-07
5.436933234808991480e-07
3.805068225482474452e-07
2.520342613170572031e-07
1.602298259947723280e-07
1.086322695617587880e-07
7.359315425211695337e-08
4.888734898458339985e-08
3.286104525274413291e-08
2.172421734053929923e-08
1.415626900552656495e-08
8.931418358991191092e-09
5.644100837591953986e-09
3.482752194945536102e-09
2.150266953446050272e-09
1.265457516527716446e-09
7.421854628353884437e-10
4.361046599809261975e-10
2.578420266788545964e-10
1.604576991645226605e-10
1.036202904540609184e-10
7.704304983427515528e-11
6.249563909111390599e-11
5.538175882189658335e-11
5.106946149394574275e-11
4.867825448889727554e-11
4.718502292582989731e-11
4.590170657018077300e-11
4.497112164415138764e-11
4.420162183645066917e-11
4.363103072895113336e-11
4.321895917593256029e-11
4.297419745051377542e-11
