9.565124885111884657e-07
1.165135771719269384e-05
2.676068308055615393e-04
2.970023958036928889e-03
1.584621366288811034e-02
3.562002196350361194e-02
4.676562840481281180e-02
3.743083648252411993e-02
2.716722073690344338e-02
2.021053273258669944e-02
1.344711838910487775e-02
1.070099231724325715e-02
8.132044658849887572e-03
5.941914265294505511e-03
4.729608547150369879e-03
4.153533270518075873e-03
3.398386198652319189e-03
2.884181456010031803e-03
2.714971096406737245e-03
2.279160455073136853e-03
2.066187549159180081e-03
1.932574535889893062e-03
1.741833322867320476e-03
1.722628749998503326e-03
1.658695169847507114e-03
1.547987432764434549e-03
1.498271200382214532e-03
1.508968299569894570e-03
1.544670244598691719e-03
1.518821911059013230e-03
1.549783306244063201e-03
1.605362368517834672e-03
1.506252985645228221e-03
1.379637127345400031e-03
1.313925109243131760e-03
1.440355312983796583e-03
1.519827672091265524e-03
1.508791935059375410e-03
1.675783886643802349e-03
1.651718428426575836e-03
1.533749833268225520e-03
1.476435895005520117e-03
1.625781453875275225e-03
1.786887936627867303e-03
2.559999275054368473e-03
4.298727405030522593e-03
5.381806557641337016e-03
5.280634969369374897e-03
4.832516685113974475e-03
5.122099601360608628e-03
6.922748978031567461e-03
1.025787730686078016e-02
1.913031008110182424e-02
3.138092624364138827e-02
4.595806324197655723e-02
5.545802654356370848e-02
5.138943418005745972e-02
3.946601335203926003e-02
5.781652586402320076e-02
9.558301269910762787e-02
1.254310439396565946e-01
1.463276695079939460e-01
1.318330459771776264e-01
9.177108091338548324e-02
6.022307656142197874e-02
7.012168168070569141e-02
1.161526288963941195e-01
1.624741226592279764e-01
1.779311945858092214e-01
1.245632703215964893e-01
6.412642762227037385e-02
3.616441410885035818e-02
3.645065078394614522e-02
2.580409542699563588e-02
2.009247301474002476e-02
4.029354281213651245e-02
8.556207467205739770e-02
1.375792586095521131e-01
1.688233026555802097e-01
1.899019882685134553e-01
2.174655775632393651e-01
2.468275566269975407e-01
2.861646885195795464e-01
3.301399375652627199e-01
3.472736607592006308e-01
3.515703631145892238e-01
3.840234642365136786e-01
3.849775051591333708e-01
3.739924626361740279e-01
3.595915065248652120e-01
3.782305836922321696e-01
4.270282970726311800e-01
4.647194485987193313e-01
4.516348635365921016e-01
3.997847447010773325e-01
3.874880225221136731e-01
4.078260083420246485e-01
3.984060358519236900e-01
3.331182850978828269e-01
2.706548527298782147e-01
2.548710997517587562e-01
2.637726051731840715e-01
2.658203745721995359e-01
2.517505428147809865e-01
2.209311811585177865e-01
1.770215519366994950e-01
1.432264657084958703e-01
1.310484314385959026e-01
1.232008657696546522e-01
7.880649270403065898e-02
5.038688936972426230e-02
3.310027572575234556e-02
1.717554542680508819e-02
8.792471695656760983e-03
1.015604128431295966e-02
1.431693149120072221e-02
1.410808561894568228e-02
1.063111572480824121e-02
6.785150364258771792e-03
3.625469210169706379e-03
1.698070329511508665e-03
8.370615808899522971e-04
5.802887036717930191e-04
5.390404239912369383e-04
5.617093989524743263e-04
6.072830721559896450e-04
6.700643105627028875e-04
8.404889079972902239e-04
1.122907515082152089e-03
1.256494216907337938e-03
1.332480032111003562e-03
1.679332139930306885e-03
2.306538582582475655e-03
3.054970908399390166e-03
3.378231538930806001e-03
3.005799401004253212e-03
2.697002370269565436e-03
2.367385304783806762e-03
2.026954622331069572e-03
1.599411548193552853e-03
1.241981954439132837e-03
1.168358753464543128e-03
1.007580640559880203e-03
1.000570719498760589e-03
1.038788265576441171e-03
9.582825613824925461e-04
8.391395740873593872e-04
8.849757388027617829e-04
8.246734424052302309e-04
7.344557842847691418e-04
6.323646280209749108e-04
5.683665611387183356e-04
5.142264880413506111e-04
4.916543531828054901e-04
4.854674818894513084e-04
4.872746258557117079e-04
5.028036437603667546e-04
5.118550250062904117e-04
5.028424914123774594e-04
4.918701523814536384e-04
4.700097740396675587e-04
5.039509356908217783e-04
5.354095737380205628e-04
5.269038288991268609e-04
5.546628964537713867e-04
5.544474512369006137e-04
5.507335773284868568e-04
5.403076647955951627e-04
5.553968419709219041e-04
5.639821470314519908e-04
5.447158922946470022e-04
5.634973372517849185e-04
5.611848292068374704e-04
5.499234855677066075e-04
5.397074799277480975e-04
5.606227388011673658e-04
5.594222795482285985e-04
5.802730745001215317e-04
5.866010492044550348e-04
6.483387131229580765e-04
7.541665554992981607e-04
7.324217708380284172e-04
7.689377607575814157e-04
7.275205608448636610e-04
5.998362102946614262e-04
5.357573092077923867e-04
5.348009394360862031e-04
5.408355785013285819e-04
5.294699497936581874e-04
5.263920642099848609e-04
5.223348760344227954e-04
5.216556896596327795e-04
5.665615284279758952e-04
5.443285836318314044e-04
5.293848901273954426e-04
5.399535037842149998e-04
5.850320215216589992e-04
5.656927195126935839e-04
5.350020948660965574e-04
5.294933169175826924e-04
5.550700341545803784e-04
5.829463305573271553e-04
6.189616014612683891e-04
6.273536508556714231e-04
6.725764101978863249e-04
7.035891996787617137e-04
7.298031532164153635e-04
6.871353489431984056e-04
6.272067501763415633e-04
5.949675413259786824e-04
6.072305694408516212e-04
5.928319217980804016e-04
5.293753419931496260e-04
5.356021844514250937e-04
5.613643629026449609e-04
5.834100162758010461e-04
5.863226527579617391e-04
6.360846626402014755e-04
6.366018018848426923e-04
6.735177744064230979e-04
7.591057317090610075e-04
1.204245266729419422e-03
1.189746267677187046e-03
6.126461536221265236e-04
5.317242160946246366e-04
4.748517248684243288e-04
4.765278713745471975e-04
4.966164562307680795e-04
4.909989183020421321e-04
4.839244642086094829e-04
5.133887442844626593e-04
4.884787669635685904e-04
4.843408774192788221e-04
4.966919965840768236e-04
4.917680480756007498e-04
4.830951099047527879e-04
4.931166272949319678e-04
5.011842965994191832e-04
4.943816314496741332e-04
4.978197824526907865e-04
5.256842734359044563e-04
5.978712628089647308e-04
6.681060848255851578e-04
5.910985801966963217e-04
5.356713369476721713e-04
5.000168662173282716e-04
4.778600845508133811e-04
4.940817088785381733e-04
5.175577029027172375e-04
5.193919945453060426e-04
5.300409867146103687e-04
4.953599708066183747e-04
4.902897298652466717e-04
5.089296374371904668e-04
4.860859734305798276e-04
4.735454835924794497e-04
5.253345887644099692e-04
5.111166391241879709e-04
4.851714160046295145e-04
4.688024833543062210e-04
4.682776507237564165e-04
4.610243694532471662e-04
4.852658547064327144e-04
4.697582532502091309e-04
4.710592567698813080e-04
5.129634825334675706e-04
5.043384451472158634e-04
4.983671518241711762e-04
5.282795839509344706e-04
5.128855211072505917e-04
4.963584667051932839e-04
4.910125474816010504e-04
5.157002595967119778e-04
5.115586543101125578e-04
5.305986537077484865e-04
5.231676251167819607e-04
5.471151330847019321e-04
5.747274614191451086e-04
5.438565244921533814e-04
5.434410191293750350e-04
5.519201212757200584e-04
5.219419603826984388e-04
5.332521703278793063e-04
5.299137981498341140e-04
5.368366589453476764e-04
5.767460570690726091e-04
5.473435552759820357e-04
5.205933094150470451e-04
4.836106756824810893e-04
5.171458949387047364e-04
5.213803899614458375e-04
5.053389379063394317e-04
5.222149092217597422e-04
5.237466265681628690e-04
5.178994188727316893e-04
5.030368918360741742e-04
5.011913465117632995e-04
4.761580312676925541e-04
4.682122701046918909e-04
4.971514169130726796e-04
5.018302376437498236e-04
4.941776219778984880e-04
5.145981514596545056e-04
5.376389552633477039e-04
5.645225047313273984e-04
5.354012223035869078e-04
5.232823002337971558e-04
5.330097310307792919e-04
5.163814491759725683e-04
5.139212139189453573e-04
4.955319732893488649e-04
4.926254372604199367e-04
4.984769046111831373e-04
5.272246397885497950e-04
5.392000368135121870e-04
5.410887937234193541e-04
5.501072225400702306e-04
5.892001061000498715e-04
5.827970853682174022e-04
5.203082980779426790e-04
5.140754515616927827e-04
5.457580043151388782e-04
5.418669177186054330e-04
5.204175350234721553e-04
5.474774907118898403e-04
5.624467273708792141e-04
5.532258661025663644e-04
5.243582643854621415e-04
5.075054005983483307e-04
5.166324322122963853e-04
5.098970755886304482e-04
5.133707511611855252e-04
5.157220392337927891e-04
5.192183597891853169e-04
5.152806168006137440e-04
4.920198311597873781e-04
5.090959608062652682e-04
5.327612763467588211e-04
5.238701694651495518e-04
5.041674328978798959e-04
5.520014327403167682e-04
5.601647563456627890e-04
5.485322806918896659e-04
5.525296265149039297e-04
5.622287103395546583e-04
5.432032094234829191e-04
5.143669902180143978e-04
5.324510410932418482e-04
5.393399159316179933e-04
5.098947242916864082e-04
5.526506428764148791e-04
7.934710300586305179e-04
7.896664075140764774e-04
5.903740973503533197e-04
5.629889588192658976e-04
5.684935058720936652e-04
5.635429961459026285e-04
5.761516404590984143e-04
5.464898597153471354e-04
5.552876524771496866e-04
5.641790078364923534e-04
5.497830635015758284e-04
5.973100971141525337e-04
5.831857299267843332e-04
5.343515577261385681e-04
5.468420524204421936e-04
5.406379208290198676e-04
5.644798225199943896e-04
5.792817724954963483e-04
5.607373264596867118e-04
5.565957076520413552e-04
5.383434459919449189e-04
5.705935129882000858e-04
5.866235424728683673e-04
5.639835169398763190e-04
5.448263995484757842e-04
5.532955813488073986e-04
5.817015288569701587e-04
5.897078704790043860e-04
5.739276604173691298e-04
5.623273927958320458e-04
5.646287198450958191e-04
5.398054795317508685e-04
5.449762283700644713e-04
5.492030266846455481e-04
5.427732221739844801e-04
5.490281730990757792e-04
5.495738685980782606e-04
5.444871491067946939e-04
5.391882836544813207e-04
5.254125088966721474e-04
5.124753731483471571e-04
5.358394700305933083e-04
5.298965778280272576e-04
5.212349531944870766e-04
5.198510633346993494e-04
5.280720432072857125e-04
5.460152930954354639e-04
5.253585618599813586e-04
5.206631966805445573e-04
5.003931529108075153e-04
4.762344855724963497e-04
4.961293445805145053e-04
4.762333378338544842e-04
4.914169392055562626e-04
4.933066612388701871e-04
4.656589723931317602e-04
4.577043529316614017e-04
4.120434936143477049e-04
3.922251469236450231e-04
4.037513034222740046e-04
4.005855805997689061e-04
4.030813063911129596e-04
3.849992835901680228e-04
3.353186521224504717e-04
3.187293808651847854e-04
3.140955717258519034e-04
3.005575407537818293e-04
2.766869073294220987e-04
2.715070936310676219e-04
2.467945076775993367e-04
2.295143753014508581e-04
2.067558642714809427e-04
1.908925362749819830e-04
1.760100465389944908e-04
1.531551974126664885e-04
1.411404237206525256e-04
1.224473883050776826e-04
1.070894529108123061e-04
9.586312695907185004e-05
7.740555817137006751e-05
6.694657829983905188e-05
5.763697770445684571e-05
5.117399968534289459e-05
4.254625676855233182e-05
3.551230384065435922e-05
2.938691361597745036e-05
2.416782229516123713e-05
2.061844063993941413e-05
1.701500917545162661e-05
1.390988903825113071e-05
1.138374480907527431e-05
9.463951339192265598e-06
7.859003758241638095e-06
6.173586528359061402e-06
4.771036780961202557e-06
3.752950521158283654e-06
2.793981292711698004e-06
2.195705095333933376e-06
1.701193629965410233e-06
1.272422776831519240e-06
9.239653112756278219e-07
7.012818120138797455e-07
5.624712735481116243e-07
4.314084863756827068e-07
3.252750420183888995e-07
2.371974146959826431e-07
1.767079370831349930e-07
1.308440655670158997e-07
9.313852521067862239e-08
6.092261620128045812e-08
4.205367687948376201e-08
3.212436064835457925e-08
2.158247293160629112e-08
1.457052504720169122e-08
1.038727546233145961e-08
7.401816925684982307e-09
5.055934657884864029e-09
3.184680755837790818e-09
2.222267934229682701e-09
1.498062431154662207e-09
9.807837178161373299e-10
6.422272454039910766e-10
4.309655978692175924e-10
2.922859423213038103e-10
1.765886532242019790e-10
1.165439123210640821e-10
7.818608492022045794e-11
5.093666021625900889e-11
3.195343168165681479e-11
2.113049965238543205e-11
1.403814232108489956e-11
8.777068257197175806e-12
5.729561615332466948e-12
3.835528279693044879e-12
2.547774753808451897e-12
1.659229083147748280e-12
1.070649760968609948e-12
6.958272160912104668e-13
4.336650192878468406e-13
2.712410828972507046e-13
1.666365803759512605e-13
1.028007001034302305e-13
6.202599768150263777e-14
3.663906614568211135e-14
2.172424956246871458e-14
1.230774017183234231e-14
7.795415500881854184e-15
4.770305679354324441e-15
3.369029031681830956e-15
2.425567347664559316e-15
2.093576718968084532e-15
1.859370867471477866e-15
1.710620838233229866e-15
1.649073885534870258e-15
1.594363554268136157e-15
1.548871682520009215e-15
1.514209597833397744e-15
1.487102943258685702e-15
1.466402670809324782e-15
1.451650869420293802e-15
1.442865040717609036e-15
