8.843339225756864367e-07
1.177206277597765187e-05
2.762997499650719562e-04
2.975576551969692351e-03
1.546418642952255944e-02
3.898263627162112943e-02
4.963975957675020173e-02
4.091964311003178090e-02
2.879223843625007204e-02
2.044289151856058112e-02
1.415310781202915383e-02
1.073849669321806644e-02
8.125303931964901472e-03
6.730823066729142538e-03
5.320105595944454695e-03
4.306478446921735599e-03
3.677161642831357127e-03
3.213982622007512113e-03
2.822052255031255036e-03
2.532492346889050807e-03
2.389659700056038887e-03
2.141104100337322663e-03
1.955135277724233140e-03
1.827822991096532531e-03
1.709054732113331546e-03
1.700754200341280092e-03
1.713111003196577569e-03
1.740662928616150580e-03
1.723420934833587524e-03
1.631084528549537780e-03
1.552139868249176454e-03
1.533848079872975620e-03
1.542307778955633859e-03
1.501378470999564481e-03
1.549653417896279224e-03
1.531133412087708201e-03
1.496820898798869367e-03
1.569087033074662409e-03
1.425300365652572678e-03
1.446820932798320277e-03
1.464613801964685441e-03
1.422973326450181026e-03
1.472766829552500396e-03
1.513799803969878652e-03
1.331565677317244874e-03
1.351064272293147576e-03
1.380256471075865226e-03
1.293795382332767587e-03
1.288596549808890398e-03
1.270909646904141120e-03
1.257511630427896737e-03
1.219748886520268102e-03
1.224966448087413820e-03
1.163175145322386953e-03
1.175010570234085415e-03
1.191878085154799176e-03
1.219180488532408584e-03
1.233525131640501957e-03
1.276680139137634663e-03
1.257677732327215376e-03
1.282254647866130567e-03
1.286236671727499859e-03
1.309088459074800011e-03
1.243949828136019665e-03
1.234239639191943771e-03
1.249570338826191474e-03
1.328725533037197716e-03
1.366326489890975831e-03
1.502175881719206019e-03
1.557983536488074649e-03
1.610630136187411656e-03
1.639668061253151147e-03
1.730025276464738091e-03
1.899048862269362217e-03
2.062907724686828016e-03
2.121023971051113309e-03
2.136437043673229674e-03
2.187999829959096608e-03
2.307053088910774891e-03
2.728446985699007916e-03
2.702523116465239440e-03
2.328367455804181314e-03
1.733035809975434337e-03
1.580013258305080354e-03
1.602059617274750923e-03
1.597757653178729200e-03
1.494073559378331258e-03
1.641188159112526778e-03
1.937308485639716157e-03
2.056717197120127953e-03
1.939261307987414935e-03
1.668196601192856610e-03
1.570451590979938649e-03
1.440754431296609791e-03
1.284071802858816449e-03
1.208326090195834326e-03
1.113334398709599736e-03
1.166852814564829340e-03
1.200041754331512616e-03
9.905174370630136053e-04
1.046150684166440980e-03
1.209943643970016851e-03
1.407909956665174753e-03
1.646395366649499540e-03
1.671601022619330660e-03
1.744682955432365389e-03
2.360380012765561208e-03
2.199516201379796403e-03
2.223124514826007713e-03
2.673463206696610403e-03
2.714435767056424739e-03
2.269604047418727084e-03
3.464544727925453812e-03
3.705105044697790811e-03
2.068165047519600949e-03
2.153439686291478989e-03
4.510444927377353468e-03
9.356921588489061983e-03
1.494472156278876460e-02
1.641943513487682804e-02
1.676550085866545386e-02
1.390260609713943329e-02
1.218928346912827310e-02
1.096917321886873090e-02
1.102933959581440040e-02
1.146329940898216555e-02
8.418260796463876081e-03
7.513741625542563057e-03
5.868527179922944717e-03
4.273363924246349234e-03
3.862154029102627881e-03
3.984812443648208351e-03
3.727618762959999249e-03
2.417449665114032326e-03
1.790785499322673086e-03
1.653337527576204677e-03
1.898750088491312632e-03
3.203420729969875137e-03
3.203694948968345297e-03
3.991901435925379951e-03
4.719771115144340452e-03
4.659358371797999235e-03
6.166967652741094444e-03
9.478051761975685163e-03
1.177312277697604298e-02
1.813676365714390545e-02
1.353732488089942620e-02
9.294061845981771777e-03
6.926249446194148243e-03
5.710146832343411354e-03
5.657489919066783536e-03
8.156929659174054145e-03
8.203927971470615504e-03
4.227481859717788226e-03
2.926455064863754674e-03
2.464067581243564037e-03
2.683004570711590951e-03
3.087435751934010202e-03
5.046774091770488309e-03
1.221220350470663026e-02
1.967461080170945786e-02
2.073913369739409721e-02
1.822013778583301755e-02
1.099309152511908881e-02
1.112685081657467309e-02
1.630097430565586453e-02
1.317307020126382358e-02
9.360182641382885915e-03
3.861381681454826263e-03
4.124081049601873751e-03
3.967126546393326923e-03
4.577846320187222220e-03
7.215388611560791254e-03
7.252533653087003124e-03
7.208026662492194973e-03
1.055562667208092588e-02
1.062914161214209910e-02
1.352662462720959601e-02
1.318481814432772778e-02
1.865945895078794867e-02
3.170351170886883535e-02
4.218403813802147628e-02
3.882465890970421968e-02
3.008291323769944278e-02
3.868671898779915685e-02
4.314928410186020385e-02
3.461728719763550871e-02
1.770296194973446091e-02
7.191471894230201667e-03
8.504966315340065780e-03
9.301317439633929873e-03
9.895021094184025534e-03
8.244674634422180168e-03
9.263398670983828340e-03
2.184054036881870331e-02
2.167647044412957316e-02
1.358288830637034358e-02
2.658074900909313670e-02
3.245694401308890642e-02
1.913617334239036891e-02
2.323239708863884811e-02
2.611260206709655612e-02
2.284980626404516449e-02
3.346227581002435975e-02
1.375122409644000641e-02
7.431295329666507722e-03
7.669101390418908357e-03
9.028337883296246036e-03
1.125732205620784930e-02
1.157777588071498380e-02
1.509251703246517265e-02
2.482163740564075072e-02
3.499281337895215893e-02
3.621380014663373725e-02
3.438374764982021770e-02
5.180217379598694993e-02
4.567948444623620013e-02
4.506280614598451306e-02
7.222598073862755708e-02
1.174489202281625982e-01
1.384249338544631114e-01
1.472046837429443478e-01
9.184114737741820578e-02
5.495061169088708009e-02
5.897620480888187550e-02
5.912069848045067161e-02
2.419294051254527317e-02
1.524173545033787915e-02
3.188733491553928656e-02
6.401898901573528644e-02
5.899268731503674174e-02
6.114737091811770636e-02
9.498576893440906221e-02
8.451054450829015297e-02
9.197833145635225804e-02
8.137442618708894126e-02
6.245659896829578589e-02
7.883648422884421969e-02
1.680284149671484595e-01
2.763705567341644964e-01
1.614841747957256601e-01
1.245020825348848170e-01
2.284181852034949389e-01
1.875732464987089620e-01
1.727082586262481123e-01
2.002908289721670732e-01
1.680660648272070401e-01
1.819263113175851321e-01
2.445077128572297476e-01
1.985681501184259901e-01
9.729564447327711252e-02
1.168813325018762395e-01
1.115693304789057427e-01
1.171728266129435925e-01
1.912007794807797367e-01
2.508990715613533262e-01
2.198601357740576079e-01
2.024678687382724107e-01
1.155732835867026437e-01
1.796631936994181333e-01
4.132216565159970711e-01
5.538026987096196230e-01
5.755768157332387114e-01
4.115453353976534223e-01
2.572334323389717792e-01
1.954980158833119486e-01
2.355359165362784224e-01
2.325237664333658916e-01
2.608697668070348863e-01
1.964684622252749757e-01
2.815076746690973186e-01
2.292997529685287528e-01
1.849661263556930946e-01
4.816470359900612563e-01
7.924254708773030842e-01
7.189385213674858166e-01
4.757457654442143191e-01
5.657075166382692366e-01
1.059307269124339257e+00
9.224051116002146555e-01
4.542930507063595580e-01
4.566060067690273505e-01
3.708805871297798928e-01
5.079683264456701375e-01
8.960659529789437583e-01
6.452512959214741217e-01
1.910796329908081292e-01
2.062484399886696795e-01
3.276610490822681188e-01
3.644870042327735260e-01
3.964741152796411594e-01
4.910505204521696254e-01
3.922452078257956387e-01
2.055397902088363649e-01
3.909307611633961455e-01
4.665395361869806856e-01
3.971135355127320965e-01
2.375667175819509147e-01
1.645269582275608877e-01
2.606916756911841215e-01
5.407410239751019310e-01
7.772935687538471417e-01
1.238443163954479953e+00
1.712734802536479473e+00
1.520033939845441440e+00
7.993680633108495304e-01
7.627250170894641634e-01
1.067990131810024002e+00
1.754083263687271410e+00
3.275001447939838606e+00
4.005121299669293755e+00
1.574288953319699091e+00
1.224128490390965052e+00
1.272710182096678411e+00
1.500842634351460925e+00
1.758266719484455454e+00
8.453884426563773591e-01
6.011776837135974771e-01
1.205825325160509554e+00
1.557995019073769694e+00
1.293617568226570924e+00
1.116948098333186312e+00
6.601642348245573277e-01
7.123575795440512115e-01
9.657395430570583361e-01
1.526862985378172555e+00
1.999062219242476290e+00
2.087630821195576303e+00
1.851585877759068799e+00
1.466301192891152239e+00
1.113783188189636286e+00
1.228796830237808058e+00
2.544013212148430014e+00
2.822729460263604828e+00
2.439103558705309371e+00
9.366372148050896573e-01
6.196613179878959210e-01
1.312685656115213817e+00
1.676152731726347378e+00
2.465095343923532578e+00
3.148711389992830956e+00
2.879152304683189723e+00
2.416042101473010906e+00
5.096926479201761673e+00
6.427372360920005079e+00
6.977354268731221332e+00
3.886923068015487370e+00
2.135627546944941280e+00
1.584845396973552534e+00
2.184176011150514629e+00
2.673146640967836607e+00
1.786019308696052743e+00
1.716343783886261631e+00
2.050246461391377117e+00
1.819913354557481044e+00
2.384110295524703105e+00
3.417216352214268671e+00
2.635397896470747181e+00
2.768969910017089031e+00
3.629149997564449670e+00
3.349300024014385091e+00
3.520168696902532535e+00
2.734616595059685018e+00
2.521138863810741260e+00
2.649077201225122913e+00
4.723687537341690224e+00
8.067790908376554881e+00
8.154190313672396329e+00
8.270425058435677101e+00
8.069831037268381024e+00
8.997397952374440067e+00
1.009642525592196094e+01
9.154048382023225017e+00
6.926192059593509143e+00
7.481993940937493370e+00
7.853695994551006976e+00
7.053407740658839131e+00
6.590728451193638371e+00
5.439657684838209661e+00
3.121246434113756685e+00
2.680142615565669129e+00
2.554545312396223178e+00
2.674182985681846869e+00
2.155005282768415409e+00
1.704292286439019533e+00
2.481842879361913834e+00
2.705169550734221495e+00
2.830844989363631381e+00
3.695826250625900755e+00
2.984564975892888938e+00
4.878920011642874144e+00
6.485498124011945364e+00
4.317770433529423357e+00
3.088788547930255035e+00
2.816196134981549637e+00
2.692098559139110669e+00
2.065045449025563418e+00
1.659800963775892368e+00
1.693852980548368858e+00
1.686413071932675090e+00
2.913261171215531409e+00
4.693460913195086626e+00
3.310084915056123567e+00
2.905525172593726779e+00
2.401267453060683454e+00
1.923012555158134740e+00
3.005989067948119597e+00
4.724100566971275228e+00
3.181073349031253272e+00
3.525956863336043856e+00
3.922251886969926105e+00
2.557783895842377309e+00
2.208675008591487909e+00
1.301405434256388327e+00
1.387949119705500944e+00
1.767089643916923913e+00
1.169097238318618226e+00
6.162648618014707758e-01
4.658439022184133194e-01
6.081099818044205518e-01
6.995912465518016043e-01
7.409886354048993429e-01
7.641676425460099953e-01
4.272171544841164570e-01
4.966985433499297997e-01
5.315341723003877972e-01
5.120168256654921146e-01
4.138448992172762964e-01
4.869306714044300266e-01
6.771658979775851961e-01
5.562728558964346037e-01
4.459868773911798701e-01
3.772243606991537712e-01
2.384780092437435717e-01
2.183073301370674069e-01
1.334711796745443324e-01
1.049842579718654606e-01
1.154274747125340478e-01
1.297937674416860254e-01
1.643932404230196986e-01
1.674789590350016233e-01
1.089034431342770365e-01
5.545710497990778004e-02
3.051308343066490986e-02
1.440374820428936761e-02
7.311224377473547927e-03
6.692900071240277457e-03
7.096937793490383853e-03
4.878590449553412214e-03
4.662825037333459890e-03
4.136108103884704110e-03
2.316388308375735058e-03
1.839461497829541613e-03
1.738041877029358490e-03
2.223062628845394201e-03
2.230221896246803882e-03
1.883510498779026677e-03
1.748145372827107288e-03
1.223905058927285969e-03
1.009490051425733070e-03
6.376494573935316936e-04
4.475392082437756294e-04
2.693217460217234467e-04
1.468883294760751598e-04
7.835250695145849829e-05
4.189919187811113731e-05
1.475933667747581932e-05
1.357817729203280820e-05
1.490124560348737353e-05
1.263325384004536378e-05
8.104487402481045164e-06
4.994580881740508390e-06
3.583940536529362751e-06
3.123657336514227857e-06
2.600434928183953304e-06
1.228420953847692204e-06
4.887443409012460086e-07
2.897887781308600958e-07
2.149112453150270907e-07
1.370069515892305402e-07
9.447954894118437618e-08
6.380772369874238532e-08
4.604682025544450786e-08
2.664970961236193349e-08
1.601067434297894538e-08
1.023295074791121152e-08
7.101570689639978206e-09
4.520863488795856717e-09
2.857844240581211421e-09
1.829584503792155949e-09
1.163962544877305381e-09
7.264589265635934147e-10
4.402488340993654756e-10
2.544472158840573825e-10
1.500380995080973982e-10
8.728310699423443314e-11
5.406548306744144785e-11
3.381893092097848868e-11
2.031267908888717514e-11
1.516741309890967625e-11
1.093669526109894156e-11
9.194206738057896158e-12
8.525124978209988642e-12
7.991057141700640895e-12
7.436465759195286321e-12
7.176838074254629531e-12
6.986611739822003464e-12
6.813946159640047131e-12
6.675295009672866292e-12
6.568720733631953939e-12
6.494487579369549214e-12
6.449951950715923115e-12
