1.035775344942671206e+00
1.282887821845098975e+00
1.204492334540369525e+00
1.151539234927249966e+00
1.091346406117944756e+00
9.702582643888663094e-01
8.445491404132217106e-01
6.637007370735948930e-01
4.927534106872356601e-01
3.673265122652992765e-01
2.735233034534593211e-01
1.900919107242310113e-01
1.320224646394897450e-01
9.195566203755553558e-02
6.788426625727307651e-02
4.671956179910465023e-02
3.592628021642725600e-02
2.780356282257336747e-02
2.168066612197402931e-02
1.702293894566370494e-02
1.405178887513977397e-02
1.142614568527920878e-02
1.044432351458087459e-02
9.232144323979540532e-03
7.990208568754439758e-03
7.532761258337755499e-03
6.921107336363094623e-03
6.334818413668385877e-03
5.429199134852585699e-03
5.040360442273230865e-03
4.643231336203473315e-03
4.516721503435561919e-03
4.553286260117694884e-03
4.252792786000074952e-03
4.187970454104519673e-03
4.089251283560018692e-03
3.954519030586320892e-03
4.036498283083628930e-03
4.540001459888655909e-03
4.541758834596977372e-03
4.213018703489657818e-03
4.081968579030307263e-03
3.743807384505216766e-03
5.644541509016994668e-03
6.932181209306712520e-03
5.392867328823047757e-03
4.006403593521296741e-03
6.187505244803228298e-03
8.973594390681455604e-03
9.533039987265637394e-03
8.123543369270168693e-03
1.400515241464063768e-02
3.228505186534984250e-02
4.275256114396699947e-02
2.707064288712224959e-02
1.360219549089078210e-02
1.456024009557762601e-02
1.476051128515467985e-02
9.715325135843748058e-03
8.468144278475300477e-03
6.346243156033685648e-03
5.795283580022852696e-03
5.797607621936517672e-03
6.297410722791071599e-03
9.966624659573914899e-03
1.611637722351220645e-02
2.222206159090013566e-02
2.730283486148622416e-02
3.468428918479345147e-02
4.879169818164050265e-02
4.471106338434056165e-02
4.068491422144972225e-02
7.252908989212060453e-02
1.442139010794101783e-01
1.742979944762211575e-01
1.547543660060933246e-01
1.201399753772073864e-01
9.957413155212616052e-02
9.827011228105581031e-02
1.091847362926916670e-01
7.113795862710818596e-02
3.564608600601650717e-02
2.621879068580687533e-02
3.116748206178723141e-02
2.929597787777449974e-02
1.996924313264716172e-02
2.072960896833099878e-02
1.712455598464757145e-02
1.000053508668994652e-02
7.649749452575883846e-03
1.253867496640913466e-02
1.877630526402389657e-02
2.186409715597123493e-02
1.611210686023191105e-02
5.469588464737355771e-02
1.196573217316655169e-01
1.509102686699495821e-01
1.415416550001673268e-01
1.038505787897166383e-01
8.986351597826044979e-02
9.839096849092709984e-02
1.076256814691101404e-01
1.094730716323158298e-01
1.043432615155704679e-01
8.170956184557831570e-02
5.397314664748565499e-02
3.604155932764124826e-02
2.678458088041116639e-02
2.376437293276365686e-02
1.851992408015291566e-02
1.337593538943764558e-02
8.070528839089360917e-03
3.905776910122189111e-03
2.215386175084564646e-03
2.723322282492128890e-03
3.416024664028986021e-03
4.479451468581621167e-03
4.514244100899551457e-03
3.314889591119230938e-03
1.646115846462574807e-03
5.689405563186315535e-04
1.968866733488033221e-04
2.134153065422354182e-04
4.567939891131816478e-04
7.903122078395985505e-04
9.209210021835043548e-04
9.751705182514889539e-04
2.016460376561648050e-03
4.372045768553104589e-03
6.752740123887944305e-03
7.273244401184669576e-03
7.634656013261404209e-03
8.692992751408319327e-03
1.015319737158051211e-02
1.085966624115957194e-02
1.035686466977311579e-02
8.755986824966595361e-03
7.953438260262082893e-03
8.094081530001582050e-03
8.251533224557613955e-03
8.203130028653178238e-03
9.845063755214282855e-03
9.522334228485784466e-03
8.393953301839089318e-03
7.713677754155116341e-03
6.514016235849178806e-03
5.577436637772308775e-03
4.586703216770585123e-03
3.608744186141763129e-03
2.949257789377109952e-03
2.431340532736250663e-03
1.925424056196543528e-03
1.612227853776819356e-03
1.375156464067489506e-03
1.110907063548663681e-03
7.941115060181217324e-04
5.457990857532851389e-04
3.574427179164509755e-04
2.285319474232251570e-04
1.491814921546559709e-04
1.003607493603155747e-04
7.319302004543655840e-05
6.016548384670806473e-05
6.590648399073293728e-05
7.306544946723874312e-05
7.006803745374841634e-05
6.674630228766759523e-05
7.136926493892291952e-05
7.251730181076162813e-05
7.976151521654772664e-05
8.264583277141108065e-05
8.267148447101740276e-05
7.601010790087928408e-05
6.686256664514684503e-05
6.107313887290761545e-05
5.682283470456962933e-05
5.663067555809483489e-05
5.537656448470929405e-05
5.625583588857052827e-05
6.473911830688333765e-05
6.885720372132941934e-05
5.491023227064430179e-05
4.596099936274295725e-05
4.922969108325218771e-05
4.972477162020027787e-05
4.786422882842086005e-05
4.406794040938213117e-05
4.471835776241028093e-05
4.747054573424452217e-05
4.820461150394820762e-05
5.247347181075142156e-05
5.534175631521252240e-05
5.960967093819159946e-05
7.459078744596345852e-05
1.099769458891113321e-04
1.562202328376936431e-04
1.470241119462920736e-04
1.084164402346475780e-04
9.646565393501627724e-05
9.284094902153129441e-05
1.047904214069299452e-04
1.382385335875549730e-04
1.510529349753721791e-04
1.211358454953820384e-04
8.269713553142664202e-05
1.026348628880118912e-04
1.457326965984405312e-04
1.743007539572014215e-04
1.555738116783005227e-04
1.586007825623452264e-04
1.829971042745602420e-04
1.630588815728720446e-04
1.404346767165517366e-04
1.122801186923762289e-04
9.935635975325969572e-05
8.652492099611181354e-05
6.403073762441407221e-05
5.157653353197236133e-05
6.962503759485933928e-05
1.113578675230362478e-04
1.302915242097275634e-04
1.530782674686234082e-04
1.483024200630211821e-04
1.507980096019062132e-04
1.448704815560489842e-04
1.047307171040214090e-04
5.932177578402269831e-05
4.582652608507967233e-05
4.971922755618612315e-05
5.250249418698564472e-05
4.681985369975423994e-05
3.883853654194286325e-05
3.424563237136921931e-05
3.225276718161389987e-05
3.427118550470502589e-05
3.383233778794605577e-05
3.228993871499552146e-05
3.163413592122221003e-05
3.226365657431522010e-05
3.099867913058644038e-05
2.927014318248072981e-05
2.689698440359942531e-05
2.755704606755645416e-05
2.965418396966182534e-05
2.800777038139127647e-05
2.763858765918366319e-05
2.797547798207665058e-05
2.659621474483785588e-05
2.503695654000689279e-05
2.465089873098780983e-05
2.554912242056682291e-05
2.495445061410569987e-05
2.509224783491396439e-05
2.726928893027748569e-05
2.753949511956154569e-05
3.042109436547363858e-05
3.360939516041188909e-05
3.217590190199312128e-05
3.086171386499515356e-05
2.872533086076506874e-05
2.862449159669150809e-05
3.033908684246922925e-05
3.088681584997481956e-05
2.896186007914243387e-05
2.814644890773082008e-05
3.001470381487746984e-05
3.340597818927665914e-05
3.854329733306909533e-05
4.736978740308126114e-05
4.141210324896464455e-05
3.559013609519167185e-05
3.257437944343937321e-05
2.899132606705313305e-05
2.929082198090923365e-05
2.782753649779050504e-05
2.703627382461296444e-05
2.688556073462977726e-05
3.070809095290366066e-05
2.785004487058783206e-05
2.807631489888775115e-05
2.994282913030851763e-05
3.165450153652674478e-05
3.350953503869411574e-05
3.494502014864070909e-05
4.215716887252505700e-05
4.874559781600068374e-05
5.942476612750297607e-05
6.520790757695435957e-05
5.919937172579796354e-05
4.816906838072722714e-05
3.734219112502133633e-05
3.859000391038940882e-05
3.864988744416422494e-05
3.239506579676078475e-05
2.548350337085347991e-05
2.449638566828344930e-05
2.297839555229307768e-05
2.159829913396120164e-05
2.069402901417099816e-05
2.148157473916889861e-05
2.030277082682612190e-05
1.966258152960519723e-05
2.004141223660435293e-05
1.919829872851099476e-05
1.925281313092313008e-05
1.890031126517844592e-05
1.907394073504234370e-05
1.812508540432385490e-05
1.740799122990524219e-05
1.827200219883812413e-05
1.795217188170628635e-05
1.779363262021310538e-05
1.806599537543970260e-05
1.802246604414578103e-05
1.740907504879634228e-05
1.726340998758287183e-05
1.786595973638529006e-05
1.859538956305089590e-05
1.860328766569926962e-05
1.752112196476425697e-05
1.744533926439110623e-05
1.780041701029839229e-05
1.849845525243678005e-05
1.774562389571070548e-05
1.699254221762623229e-05
1.678032717872159012e-05
1.668651689312604147e-05
1.676763398517114483e-05
1.733694913576694092e-05
1.780765346203442315e-05
1.690940132559808984e-05
1.678028856907605638e-05
1.640198195136508656e-05
1.665005128728083044e-05
1.579244047927182872e-05
1.541859977432534227e-05
1.623206000015482803e-05
1.689588651562963324e-05
1.708867475183120779e-05
1.678415985275762503e-05
1.746347088832736301e-05
1.798137604489007433e-05
1.704894791171266154e-05
1.801844174268236651e-05
1.871104013172027116e-05
1.752673629125134843e-05
1.690494296484905325e-05
1.807497331707497791e-05
1.959113961101451406e-05
1.913332194353608792e-05
1.842537834302749778e-05
1.980265469613764299e-05
1.875589595697129566e-05
1.765662322395904430e-05
1.939852869513671141e-05
2.261653822196233430e-05
2.229891111566332913e-05
2.166464794242691701e-05
2.062772956538139551e-05
1.896039646126941445e-05
1.869556657504631891e-05
2.493547800213170260e-05
3.732853859857590084e-05
2.260818178231140319e-05
1.725609133732479062e-05
1.751574177517361750e-05
1.711135202373297097e-05
1.666124054211391210e-05
1.631936849471561773e-05
1.666559816526280908e-05
1.583729414803874871e-05
1.575297399085542416e-05
1.748764572399186883e-05
2.041979150844753138e-05
2.510868591266109522e-05
3.225288152506191957e-05
3.866727794643693111e-05
3.945346055431061372e-05
3.976400436679653698e-05
3.785543263760202256e-05
3.335872026543471909e-05
3.284929379284660798e-05
3.384634204196837145e-05
3.637259760202329011e-05
3.662321967398203982e-05
2.912180215213799498e-05
2.543673753137170749e-05
2.266250632428989611e-05
1.896399846791012555e-05
1.896329622914921667e-05
1.741130686968385532e-05
2.097296199516219165e-05
2.441728489016040604e-05
2.578119632437359359e-05
2.865368462519475004e-05
2.778809511857363045e-05
2.937095478338609675e-05
3.424104191821613090e-05
3.619398766481695350e-05
3.698346391683408777e-05
3.493123156843786138e-05
2.740678367273333314e-05
2.505339459436755576e-05
2.580797908302380809e-05
2.493153395190130498e-05
2.146428424152809069e-05
1.954858560018341289e-05
1.861275688320170342e-05
1.785466713956235262e-05
1.702784042365913694e-05
1.492800320478702175e-05
1.398762072856594966e-05
1.433870881961663104e-05
1.487546234055822552e-05
1.669244937242753607e-05
1.839686942624045216e-05
1.731633657695827487e-05
1.680346147696114834e-05
1.672767188613538618e-05
1.421086874070954369e-05
1.118488167847986373e-05
1.029761415345911333e-05
9.623796243603560216e-06
9.292073143365843724e-06
8.455942814394417812e-06
8.047924615919826630e-06
8.708927330013866347e-06
8.028414422510624584e-06
8.129467387025290088e-06
7.955976351277665884e-06
8.738689065199634136e-06
9.585527413416656544e-06
1.147303610319143059e-05
1.434490573947969110e-05
1.771676314192054816e-05
2.048952773291507965e-05
2.223388901810170116e-05
2.412955516851464385e-05
2.505902094826235267e-05
2.287895338051711076e-05
1.626631636586568756e-05
1.394443709477272692e-05
1.204517765976458769e-05
1.032288840383310291e-05
1.021238327786090401e-05
9.270076841155970674e-06
9.105837456773036625e-06
9.507340630784547129e-06
8.771942266092296560e-06
7.289070141394792121e-06
7.087023900855338060e-06
7.006922710981167599e-06
6.668104096487159335e-06
6.739340297729524874e-06
8.035325995929939181e-06
9.743105477094138615e-06
9.921578793669251376e-06
1.108423173293759858e-05
1.555200534694381413e-05
1.842688940726650021e-05
2.067718011463763673e-05
1.971602510293401941e-05
1.797168917509093538e-05
1.620966718302979106e-05
1.332183869555061922e-05
1.242052179498072777e-05
1.131760050088602651e-05
1.015544896332057153e-05
1.067404161687538650e-05
1.089089162826353048e-05
1.079339942622488820e-05
1.067457560784131332e-05
1.144987713463087153e-05
1.453006681632495564e-05
1.826271005071166046e-05
2.353130825012363333e-05
3.109755656150958399e-05
3.587622915489782968e-05
3.612918160982122229e-05
3.942132692227653663e-05
4.587114775131455541e-05
5.539929640669959571e-05
6.768932702433994887e-05
8.282692382204555088e-05
1.039463952816483121e-04
1.298525245328082365e-04
1.775835547834231235e-04
2.385710857483477974e-04
3.178664516920273503e-04
3.968489243438707518e-04
5.277165486355993133e-04
6.123547828341162824e-04
6.806190903430330051e-04
6.196441744537037940e-04
4.814302110951630275e-04
3.359262015996221503e-04
2.151960788870996158e-04
1.312761872442644946e-04
7.753812133608113135e-05
5.034318226264634336e-05
3.302675183768986851e-05
2.523952161015766138e-05
2.152745494557187564e-05
2.000460370741566265e-05
1.922574303374916606e-05
1.927039194319715991e-05
1.922491898321226252e-05
1.934950345417071104e-05
1.943857284992321063e-05
1.950178301603107468e-05
1.955277288328463294e-05
1.958337329515816031e-05
