1.077548296739896827e+00
1.270008633387416319e+00
1.218862311888256444e+00
1.119003273462394477e+00
1.082982406526612262e+00
9.175212537103155652e-01
8.025049224095186506e-01
6.644096257176452802e-01
5.253113931684256777e-01
3.922216916679423515e-01
2.787068518748858081e-01
1.882756731922016757e-01
1.374447537659912177e-01
8.932377806929231445e-02
6.750390565833754020e-02
5.123207764304259226e-02
3.779248075791439426e-02
2.848625588942791179e-02
2.302485324317530072e-02
1.812621521594743809e-02
1.517848031623020809e-02
1.236484125918692854e-02
1.093326128193967614e-02
9.647138901082921367e-03
8.588585234536089477e-03
7.370696981364719021e-03
6.782546789449487093e-03
6.347270079202616162e-03
5.662176222892743860e-03
5.101248380842099243e-03
5.126187099885716816e-03
4.621943780002776662e-03
4.402545106260718870e-03
3.992629517183692717e-03
3.832013941804315090e-03
3.698424468302414711e-03
3.325806719329785135e-03
3.232711187068577734e-03
2.983245238744735607e-03
2.713615822909593283e-03
2.730506758775403785e-03
2.592301217758984869e-03
2.538278052424998085e-03
2.425433932762924034e-03
2.166854322768719046e-03
2.100769966747653879e-03
2.041802356486298927e-03
2.013957735534378443e-03
1.809697073183162740e-03
1.788917619348386273e-03
1.734495238425309838e-03
1.641084790090575332e-03
1.562567315176349161e-03
1.514428602190002896e-03
1.591149665007609779e-03
1.555372414982566934e-03
1.673542964151715799e-03
1.664870469415240771e-03
1.732020644449449448e-03
1.651462331867420722e-03
1.639526278819248379e-03
1.580691805544666081e-03
1.437256755841186768e-03
1.381211830598217836e-03
1.316336803585329987e-03
1.257782902122676948e-03
1.246062685962400635e-03
1.334620030784754857e-03
1.334759047096811943e-03
1.407947770742605477e-03
1.424619743342325860e-03
1.427655600222962158e-03
1.349105014785712117e-03
1.373694401708817642e-03
1.444707555719565353e-03
1.645726024436878869e-03
1.765506087787747794e-03
1.796699119277710664e-03
1.810465001967343857e-03
1.762107957216335662e-03
2.124007726689403335e-03
3.506811178637666161e-03
7.206551218712686259e-03
1.755635049073563103e-02
3.990778329860679430e-02
8.462691694698816491e-02
1.315492881139286863e-01
1.644236913761738805e-01
1.867188807396993333e-01
2.788028851193631308e-01
4.917273660401721425e-01
8.653609304300839966e-01
1.508488381646850396e+00
2.552292652597247358e+00
3.612192320480418939e+00
3.820278808272136395e+00
3.164087820504816850e+00
2.883112252868632819e+00
3.889814781632888963e+00
4.999143788493465301e+00
5.386488948803875410e+00
5.093107446285204176e+00
5.140837632612199393e+00
5.756815180623365613e+00
6.445149516695618530e+00
7.000674166646803975e+00
7.415358947843365911e+00
6.443137132158816449e+00
7.401474898429013294e+00
8.924489963733655884e+00
1.091270690661348830e+01
1.291453675031725012e+01
1.297320685610070967e+01
9.377833453331213320e+00
6.761584040481463553e+00
4.398791752936300981e+00
4.024129076675998284e+00
3.718801102650761248e+00
2.718278817588516194e+00
1.774343771187844476e+00
1.301311944850547908e+00
1.043585150744034351e+00
8.187601231357569675e-01
6.174826780349037536e-01
3.696154447558717693e-01
1.978021307535651474e-01
9.771629465667515391e-02
4.920978474149217269e-02
2.642626590867500069e-02
1.023830396590243164e-02
3.333576042848787873e-03
2.045034955437099056e-03
2.509826517026131267e-03
2.994420638753825682e-03
2.810462898967455280e-03
2.351205515813034955e-03
1.648491573530791194e-03
1.203009002906279493e-03
9.533228366002996067e-04
7.691062581723175952e-04
6.726647718250961406e-04
6.606791869223989540e-04
5.931779014294215205e-04
5.545716897336018438e-04
5.486889870828839380e-04
4.957166398333009202e-04
4.617261617283726412e-04
4.426347385741215301e-04
4.251921835809029928e-04
4.319862148378097945e-04
4.735197013446023934e-04
4.501701668674103055e-04
4.784872764016783885e-04
4.426100857082181030e-04
4.280614473431604327e-04
3.636978402004840678e-04
3.025626780219035222e-04
2.614349289901898464e-04
2.509843579052415709e-04
2.614970547808222602e-04
2.948173632768297941e-04
3.308403646228405982e-04
3.741866943713856785e-04
4.230677408319611591e-04
4.531181793830528666e-04
4.330712931660828146e-04
3.701053005445059706e-04
3.203991670479448329e-04
2.645170850725705449e-04
2.115381374966601551e-04
1.815735925211830017e-04
1.670077783559652067e-04
1.646475326417816171e-04
1.720535885608245083e-04
1.903097961401641535e-04
2.072705164501394484e-04
2.214047718659332802e-04
2.586623976455941845e-04
3.062914956617776661e-04
3.314364428123012067e-04
2.758298895787266044e-04
2.236587067394661362e-04
1.635364298908277569e-04
1.299480260563817260e-04
1.223863843882165320e-04
1.269681455498932452e-04
1.452253554936861575e-04
1.843892903099849539e-04
2.165041435850164481e-04
2.641489231027294203e-04
2.879771376065137735e-04
2.754439137142945999e-04
2.459970282537475095e-04
2.175729759442475864e-04
1.483603629639691790e-04
1.228217230482820635e-04
8.979192729328653070e-05
7.890973341930435970e-05
9.886771188316104933e-05
1.424815009913017684e-04
2.157053633324659023e-04
3.013753058714201995e-04
3.791228137474560492e-04
3.720020646086864770e-04
3.529220608293236541e-04
3.011065168714674336e-04
3.048357549068696454e-04
2.475455070685320764e-04
1.881104968191542705e-04
1.174426886222769493e-04
9.380602178712959833e-05
1.081943350521940797e-04
1.674896038697339974e-04
2.912065464247730676e-04
3.795200636361363978e-04
4.674708716345264865e-04
4.461193428290143384e-04
4.273963639627882650e-04
3.132861608269667838e-04
2.146319288445600623e-04
1.552025423003864637e-04
1.350822490187394314e-04
7.928613086324490895e-05
6.137041606662077596e-05
7.667519420658620377e-05
1.230980590792927066e-04
2.130540110133453567e-04
2.688960806969309847e-04
3.654311242393609781e-04
3.392797279402384172e-04
4.123507753617464003e-04
3.482163911829025730e-04
3.184029907136043803e-04
2.358043727781317350e-04
1.730539112235674110e-04
9.344081181467455224e-05
6.499246250437536458e-05
7.453043028163656698e-05
1.189098478533139877e-04
2.424929374319499589e-04
3.211984089276732684e-04
4.910235062982644264e-04
6.027832827042210002e-04
6.385841041406811964e-04
3.823761256045203551e-04
2.561078082426348134e-04
1.564699246379940283e-04
9.462477971453221856e-05
5.555982366033280373e-05
4.710457692274245016e-05
5.713351524731095276e-05
9.184761691542342595e-05
1.588491825815383722e-04
1.759651674990340520e-04
2.193739288949492965e-04
2.119542568046757340e-04
2.919740738335665055e-04
2.436263665009031547e-04
2.012628301854938210e-04
1.350357136217278831e-04
1.002251237903834988e-04
6.069433194364787394e-05
4.054495443639630729e-05
5.024940717932950540e-05
1.020267396471931858e-04
1.996915225796854940e-04
2.225201462511252281e-04
2.267840457118849363e-04
2.852871167274850534e-04
2.358513222958267749e-04
2.147911961076909965e-04
2.489963563253094541e-04
2.516292320352574489e-04
2.051887513594684862e-04
1.140292926511204345e-04
5.731790866850373581e-05
7.897091768451781066e-05
1.719918250514795833e-04
3.119033458080461372e-04
3.921358908204354283e-04
4.083845510403024976e-04
3.494057470369934691e-04
3.798616722382507430e-04
4.709073072538224919e-04
4.805486567065708173e-04
4.064860729234027331e-04
2.521062510385204173e-04
1.243070816664562997e-04
5.710883182924788719e-05
5.495397980698518063e-05
1.061769513138684137e-04
2.121104484838376599e-04
3.410616496539058454e-04
4.580197602570079489e-04
4.059029442074115076e-04
4.604972346336989506e-04
4.880378562802737677e-04
5.249162172712156134e-04
3.716827466168143496e-04
3.008123074742282267e-04
1.723846029082319738e-04
1.131549358033535441e-04
5.995002900386120948e-05
6.897493638821300204e-05
1.477392513503781224e-04
2.121268897026375535e-04
2.687526550785549091e-04
2.256285586863310732e-04
1.851598387345946423e-04
2.125272544637643840e-04
2.203455255873558016e-04
1.167418933149041988e-04
6.255435192160467550e-05
3.918694611830954544e-05
4.519243450531665188e-05
1.032099709194495962e-04
2.380046258148610535e-04
4.834119398807208289e-04
6.594072564009361651e-04
7.375746596391822077e-04
5.857120318040310398e-04
4.745710782348101981e-04
3.347931871573787380e-04
3.049619643956604669e-04
2.552919255109420741e-04
2.204514414996705161e-04
1.658813766254128971e-04
1.030805403249744964e-04
5.760065170481303720e-05
6.391822885976780025e-05
1.342240304958639257e-04
2.776228719856061638e-04
5.014688902908820628e-04
7.677793305043712760e-04
8.819958233375522171e-04
7.959104928593891933e-04
7.276241753040686364e-04
6.183881129162367880e-04
4.424049177554753771e-04
2.330942052275864591e-04
1.084574876906848148e-04
4.898945049687811816e-05
8.325478948417799625e-05
1.414553865729321056e-04
2.056541241570123281e-04
2.754336734548111271e-04
3.604215811851713158e-04
4.602290794481455867e-04
4.623071344748790577e-04
4.354687364272138593e-04
3.819879249588373606e-04
3.124345342191655922e-04
1.959267012914705272e-04
6.838610392447651970e-05
4.072005542071574247e-05
7.977745164671294078e-05
1.989041362383540859e-04
3.854495033835394981e-04
6.377784837559049951e-04
7.079056460635928076e-04
7.911931896005195688e-04
7.244141804514388867e-04
7.144373541781433605e-04
7.243686744945134924e-04
5.946198507791737890e-04
3.947506151020260898e-04
1.996753337500500999e-04
8.184110458983792082e-05
8.913879918423112125e-05
1.877488609600889806e-04
3.082773206738526821e-04
4.086820602962742141e-04
4.368580765280486930e-04
3.638095497853322631e-04
2.877219530138663416e-04
2.367296468722385845e-04
2.253619645950440164e-04
1.992492467607038869e-04
1.255280698703109478e-04
5.811516845790099141e-05
3.766483029833368545e-05
6.034334457762083938e-05
1.447255354579030410e-04
2.623965162832025228e-04
4.343325974348733300e-04
5.236348465840147317e-04
6.008574144722081791e-04
5.967843194657281199e-04
5.937038248624140540e-04
5.276340966626253022e-04
3.941187146484302194e-04
2.263181195952086928e-04
1.156612993561402346e-04
4.972102781849213924e-05
5.392598880239370671e-05
1.009877973468069616e-04
1.926095633174272083e-04
3.384545668515489582e-04
4.690037690742597976e-04
5.404822768552193122e-04
5.257677283491190906e-04
4.729042380747637987e-04
3.443162614565032590e-04
2.699649728979298404e-04
1.850039298193803354e-04
1.064609608975046522e-04
5.039212110803731667e-05
5.063126552916796564e-05
1.081033300900721293e-04
1.605529548445392145e-04
2.266579713405931455e-04
2.287149233565503783e-04
1.931830621005988977e-04
1.332796572517565823e-04
1.202535276650592183e-04
8.196435234954426591e-05
7.405907796028865964e-05
9.234607983626616501e-05
6.188129480356736704e-05
3.632294354994084553e-05
4.044773765195846453e-05
9.062726262521134395e-05
1.689028973078348500e-04
2.517450692532064100e-04
2.800178281035458315e-04
2.724915398223946611e-04
2.074238606963810108e-04
1.777478362902230164e-04
1.674206483669794560e-04
1.598369821866901666e-04
1.099956787281553911e-04
7.016751355909387248e-05
3.150417670252767975e-05
2.452202941338820863e-05
4.293827219040895291e-05
6.307851335856070663e-05
8.480626316738038527e-05
1.147617290534306032e-04
1.964641643552213354e-04
2.752185555424397755e-04
3.441497235928810627e-04
3.096265048297662265e-04
2.407460854612718097e-04
1.176150916465498779e-04
5.694402548670710068e-05
2.601605263384597781e-05
2.320796648346744534e-05
4.222605472101477312e-05
8.160580994328716438e-05
1.530855309127630685e-04
2.096031622987534488e-04
2.937026734096086352e-04
3.363692085564327482e-04
3.302897279197597284e-04
2.338541964247463150e-04
1.894271283433980710e-04
1.726345380881958412e-04
1.226206704085137662e-04
6.771222827962212543e-05
3.440120378547230714e-05
4.080987792804349084e-05
6.591945842570004640e-05
9.497081413222086097e-05
1.326169495414681102e-04
1.937778278684117747e-04
2.468024582141850869e-04
2.904592707005596432e-04
2.871612091776870775e-04
2.461036247079457042e-04
1.987813410282726037e-04
1.800435431822122463e-04
1.808683602220692588e-04
2.032970177657769022e-04
2.611917383007313423e-04
3.422797908197113860e-04
4.541890312126063093e-04
5.894526147680014460e-04
7.468584384344433566e-04
9.447771842652888429e-04
1.167733579246292000e-03
1.469211692970380512e-03
1.801331129073969811e-03
2.113516589595293774e-03
2.621406577901097806e-03
3.411351711663522784e-03
4.479087565908927010e-03
6.244934721647651087e-03
8.547820554151366532e-03
1.176356844254486389e-02
1.511191301665852985e-02
2.048147597062529440e-02
2.383349092800188251e-02
2.642211603815184523e-02
2.414172613090946606e-02
1.850167096216096679e-02
1.292435455452332037e-02
8.079388644770582259e-03
4.780881309483515050e-03
2.695033494440382624e-03
1.474216559631548983e-03
8.343802578719599142e-04
5.026338015694581038e-04
3.344549818140307718e-04
2.565283022207592769e-04
2.325462536630847922e-04
2.235200087550560889e-04
2.203485970508588514e-04
2.203340723836742581e-04
2.212542350865238352e-04
2.219527230892611076e-04
2.224746002917161406e-04
2.228027903759849826e-04
