2.991242909251000486e-07
1.498632799140435742e-06
6.503533157033235422e-06
2.419621045929615960e-05
6.415569030454973973e-05
1.209045389649320983e-04
1.625150021643111413e-04
1.599745019655658576e-04
1.317568449656817233e-04
1.089728743447383069e-04
9.329508333186235954e-05
8.379166190573903838e-05
7.846340437075874450e-05
7.378427276804257911e-05
7.385112561988975638e-05
7.252141382368832161e-05
6.848179392774912883e-05
6.709851229077455322e-05
6.582337116464183737e-05
6.512272959893472535e-05
6.346925582206291321e-05
6.187172810189254342e-05
6.206567945916320497e-05
5.546565300045136487e-05
4.946454961391978455e-05
4.997674331821328652e-05
4.154094653130612549e-05
3.316950294768454451e-05
3.600956004792529240e-05
3.847992101205229774e-05
3.373159522068850557e-05
2.262581791026007324e-05
1.447598499969706945e-05
9.483395430652674735e-06
2.181600783538906483e-06
-6.265108519918849950e-06
-5.165413354459067796e-06
7.974109929467614849e-07
-9.614977562501833119e-06
-1.670101879352542951e-05
-1.622096034176667432e-05
-2.746961438970482963e-05
-3.490823097892867689e-05
-3.202599593073225822e-05
-2.951267861414533399e-05
-3.826669578070502644e-05
-4.774879552096398784e-05
-4.922836514801042412e-05
-6.245212111270596889e-05
-7.096331556168332898e-05
-7.046306361788361812e-05
-8.548505096146378048e-05
-8.799880387286678472e-05
-7.174640356884467052e-05
-7.559429286515910711e-05
-8.986747512767761094e-05
-8.498666870330167788e-05
-8.219772440725603608e-05
-9.856034212682484100e-05
-1.071695355792015022e-04
-1.008748262127661413e-04
-1.046787365633113499e-04
-1.169347593175252133e-04
-1.169060700110546473e-04
-1.160197354382880969e-04
-1.187725852032726480e-04
-1.138729736152367417e-04
-1.084030043599125491e-04
-1.083947683251817762e-04
-1.027894045624014638e-04
-9.222658940094697461e-05
-9.286045162056550458e-05
-9.326951438843369404e-05
-9.722238572062761003e-05
-1.091863728539758786e-04
-1.108852114537936089e-04
-1.089667189539550858e-04
-9.396369869071863855e-05
-7.214445540528882986e-05
-7.873860782272816127e-05
-9.780736295418030856e-05
-9.088320239256535745e-05
-7.251907867135687889e-05
-8.437449019180315291e-05
-1.013189843144599175e-04
-9.039974861727632330e-05
-7.106601597056293933e-05
-5.400866152081493492e-05
-5.447867511008171876e-05
-6.921388604916692852e-05
-7.806111436723674711e-05
-6.781836074569028486e-05
-4.495138019242930739e-05
-5.459851765234231824e-05
-6.958538876116397264e-05
-6.002211975630667346e-05
-4.942822065892212566e-05
-3.215218190345473507e-05
-3.639157509391411797e-05
-4.667556118043211658e-05
-2.938330760612810295e-05
-3.357863283320705025e-05
-3.594493298930170178e-05
-2.525203449602072986e-05
-4.186244466628197904e-05
-3.608075765749585163e-05
-2.909025285200783297e-05
-4.194183365516788477e-05
-2.671096012188703430e-05
-2.567168077503141182e-05
-3.723861114543711181e-05
-2.825495354981016801e-05
-4.611334365962660824e-06
1.749000937811730493e-05
1.545720637262879833e-07
-2.074768194520343491e-05
-2.499548729753394733e-06
1.617403499986778533e-05
1.093763291968136155e-05
6.679371799872674152e-06
2.769486918233941369e-05
5.428075260876827037e-05
3.770641293686449947e-05
1.838471683359318808e-05
4.605574862574863724e-05
7.305388650897991980e-05
8.656071912303596537e-05
8.687842773097398906e-05
7.359573998649019061e-05
5.081316839269561699e-05
3.434166256087562531e-05
6.079504464225414355e-05
6.812712599056432888e-05
5.197885457031801580e-05
6.675446753214580198e-05
6.855439250408897186e-05
6.692944698522885517e-05
9.022014899984369981e-05
7.994105209735979120e-05
5.518914512736251631e-05
7.663807490490143475e-05
7.678976684600062575e-05
5.831006820820225199e-05
7.613158250040073143e-05
6.227751409547093299e-05
4.355105216117653868e-05
8.517874463176427916e-05
9.636437875939776146e-05
7.468573227450720636e-05
1.014805810174676016e-04
8.959206102315589427e-05
4.750808991033147880e-05
5.952839823592944547e-05
5.131208702632289459e-05
4.720474443417830695e-05
6.047020043641484994e-05
6.196694667236205185e-05
7.985345616828673401e-05
5.295705632521071867e-05
2.779390946801732438e-05
4.204939729342505674e-05
5.315542050055738367e-05
8.578917381261659048e-05
7.852297907881681833e-05
4.033497274200980914e-05
5.655764417943561786e-05
9.529399613754415267e-05
9.495995285095480557e-05
7.170528619887584258e-05
7.142059444900536415e-05
4.638201274481762947e-05
2.192007800210255962e-05
6.394566601428525166e-05
8.432751418638412505e-05
7.200447125778756453e-05
7.481617325392900860e-05
5.067353398284274620e-05
1.206374516103022556e-05
2.248109191231945772e-05
6.702862208325584834e-05
7.426124376906665856e-05
4.490958982542066208e-05
4.216575572539890655e-05
6.435155356394852615e-05
5.513255582539685083e-05
4.059261154043735601e-05
6.363787905850917207e-05
8.413023933286154898e-05
6.286710181421887320e-05
3.294554853682710968e-05
4.107982200863014033e-05
3.028486586244821804e-05
1.060488106801191631e-05
5.271734573352279113e-06
-1.085841931245937630e-05
2.623339874356071002e-05
3.749833496196574277e-05
2.516587193666358822e-05
5.092314927996068031e-05
2.876741990857081959e-05
3.048800572420364976e-05
3.662583881738413935e-05
1.023733481051947945e-06
-5.400195613017637400e-06
-4.673818823391509035e-06
1.705218736956370742e-05
4.758268597087278431e-06
-3.712110572963644376e-05
-1.082222436461667576e-05
2.052201907990058708e-05
1.680377418053974198e-05
1.683648658334759840e-05
1.868019770321858037e-05
-8.619878126943355737e-06
-2.978569697719948267e-05
-1.225200157652201367e-06
4.618303112182008834e-05
4.238042279647304768e-05
5.546471319158730376e-07
-9.274085135345267397e-06
-1.216674371115478063e-05
-1.153204798692340237e-05
-3.524308665495974575e-05
-5.706405822296848051e-05
-2.484010277489469686e-05
-7.651776733840766107e-06
-2.957011247228982624e-05
-6.499962808687904806e-05
-6.268743326812210880e-05
-2.531071896544724595e-05
2.105836350767409309e-05
1.636696597073044920e-05
-4.066634695428651529e-05
-4.355614488372906571e-05
-3.428966867042612763e-05
-5.334797888739588117e-05
-5.060142878202592275e-05
-2.444155527837866914e-05
-1.838010767911210736e-05
-4.125635419999393284e-05
-4.711896231730051059e-05
-2.364046174201358597e-05
-2.195667390496536809e-05
-5.437959462133269771e-05
-7.566281754355811491e-05
-5.568539767073243691e-05
-2.526290164612888647e-05
-2.052461353992524040e-05
-9.624424823283640488e-06
-1.308145784046905591e-05
-3.981647464376877334e-05
-8.591677660038707484e-05
-7.798208824284712476e-05
8.950708286282830554e-06
-1.645097598678942755e-06
-1.812407731513610275e-05
-1.090487309419229003e-06
-8.360625539083735606e-05
-1.051978245265700426e-04
-2.279147093473525175e-05
6.701365499482369392e-06
-2.491103473052616289e-05
-3.091981295163461917e-05
2.522164303934744530e-05
5.536255796431259366e-05
-2.937133392833795063e-05
-4.850319445915126184e-05
3.376252837476740730e-05
-3.818862952276644952e-05
-9.048078813280934168e-05
2.480332189830885680e-05
5.649521623052969094e-05
-1.072530815448188189e-06
-3.330564434454426695e-05
-1.803005408686341463e-05
-1.520017074487366613e-06
-2.912859196105019183e-05
-4.850030160099190219e-05
-5.041388987954083695e-05
-1.415859644679643149e-05
-6.211013458771758637e-06
-5.152651523037897181e-05
-1.758044372822556791e-05
-7.040761491919738615e-06
-2.351421100744263730e-05
2.391321641316496914e-05
-3.471614124616229519e-06
-2.268044677499157847e-05
3.476324477753696088e-06
-2.625251185571732184e-05
-3.963123488455615510e-05
-4.407445414406903583e-05
-7.234071055933576468e-05
-1.126204706500747154e-04
-9.861057166138289653e-05
-4.094107545762905016e-05
-5.841858665677802253e-05
-6.960449297098641271e-05
-3.323607435531573956e-06
3.557613729435488029e-05
3.483743136380581624e-06
-1.244677937769979579e-05
4.134900050667140061e-06
-4.825111938271849800e-06
1.821324008909694632e-06
1.113293844373457108e-05
-8.327500547214959037e-06
-4.025542789263217454e-05
-4.927757432567113019e-05
-1.053095539424401942e-05
-1.510640076452373204e-05
1.795861083485721302e-06
1.494823475806801120e-05
-4.545830335700016856e-05
1.434360811982126673e-05
6.429521886487890472e-05
7.941225097493598466e-06
-1.479826634531457072e-05
-4.852942528936016143e-05
-3.633961221451493569e-05
3.736543936171678691e-05
5.058279519303186225e-05
2.222494224280905468e-06
1.062660204188777452e-06
3.994724499518762542e-05
7.915155322530581831e-06
1.725704201324664239e-05
6.798068542257957063e-05
2.110188096127517157e-05
1.079043964156193539e-05
5.696319235246575944e-05
6.935696884585460854e-05
1.462262191912471456e-05
-8.027445370522235584e-05
-4.916831338809421687e-05
-1.838576061454690277e-05
-4.908657018057020912e-05
7.128784127384532585e-06
3.130144129061913569e-05
2.068834129927611218e-05
3.436762898941609165e-05
3.326893211353319622e-05
3.694922227859312968e-05
5.889069442511656160e-06
-4.174348391847502424e-05
-4.756547817480801558e-06
7.251438852532640373e-05
8.055682645986855144e-05
6.121125387918192624e-05
1.046090797236658547e-05
-6.680120032993487774e-05
-3.897901546417245763e-05
4.814963078086960385e-05
8.174301513966455307e-05
4.578876312807051753e-05
-2.200514153754326897e-05
-3.599678814149107487e-05
-6.236276987750917966e-06
-4.285772059810192690e-05
-8.298550444122082884e-05
-1.820478127140652764e-05
1.642205612819932375e-05
8.030012785538582817e-06
-8.653210658536736533e-07
-2.805885432255211904e-05
2.038478131422986677e-05
2.098076389590884511e-05
-2.082072176092959127e-05
-1.606800301899052359e-05
-6.908541449831649554e-05
-3.141287903198216290e-05
5.050133667822766540e-05
2.947237524283175656e-05
6.078852327463775855e-06
-1.914422271373235923e-05
2.301461028509770249e-05
4.407922881548744095e-05
3.618846774011233807e-06
6.282387766527958248e-05
6.041579756905918062e-05
2.816401537002043181e-05
1.905685051483271754e-05
-6.298178805870357892e-05
-1.268806111689726168e-05
7.099725180954809169e-05
1.808697049135985136e-05
-2.878763244376067915e-05
-3.110544294525187603e-05
-1.950920694139449289e-06
-1.143715834798124971e-05
-7.364772159146078646e-05
-5.807219609958757975e-05
1.542452757609493922e-05
1.829412650366143617e-05
-9.663094549467456617e-06
-1.185783915637531304e-05
-3.551130539787850104e-05
-9.229698490187233394e-06
-1.490413783382769187e-06
-4.401972121025006296e-05
7.527860165644600312e-06
-2.099887959024199953e-05
-7.260130977131488679e-05
-1.650153023478391257e-05
-4.754800964318494521e-05
-4.956706559506289132e-05
-1.763326784371911968e-05
-6.329835012272596695e-05
-8.290487835687920532e-05
-1.649035874985409352e-04
-1.932706048916951074e-04
-1.365927128278235109e-04
-2.517149010332796677e-04
-3.089937276468548532e-04
-3.194185726186312465e-04
-4.221499624920847034e-04
-3.328100110472191901e-04
-3.213348291991230442e-04
-5.244628770128529184e-04
-5.190634006835020573e-04
-4.540331825946708911e-04
-5.703345294353368575e-04
-6.480990838686041897e-04
-6.611987343032604434e-04
-7.215325122194286454e-04
-7.401761337116868466e-04
-7.528165509973007473e-04
-8.275239236384415937e-04
-8.487997255676867862e-04
-8.439140964483757322e-04
-8.607027541540463681e-04
-8.729470341600950025e-04
-9.114739571032893020e-04
-9.049303631693932917e-04
-8.693334034558080617e-04
-8.528928957734227285e-04
-8.042677981547057420e-04
-7.566969113366186443e-04
-6.960313104558799209e-04
-6.231816119252878887e-04
-5.756277675524411981e-04
-5.169373637439173387e-04
-4.250864834424131385e-04
-3.124448067507630826e-04
-2.188190913545700743e-04
-1.206271226345629005e-04
-1.237746255696443615e-06
9.726004431798050611e-05
1.918088313763581011e-04
2.969286871900420803e-04
4.073635872038593175e-04
5.204081408040471144e-04
6.235005794703471710e-04
7.245405205061560515e-04
8.271628066090434394e-04
9.191764749651320674e-04
1.006105208996371184e-03
1.091885932628947932e-03
1.168912746637378692e-03
1.241909138058283580e-03
1.311072172747386423e-03
1.370768227863096086e-03
1.423448668601491347e-03
1.471353662516147525e-03
1.512353833559938873e-03
1.546964215529940097e-03
1.575611022047356327e-03
1.597104629509564716e-03
1.613269396787869346e-03
1.623149950409862085e-03
1.626882905329045089e-03
1.624918895514084263e-03
1.617013256727067600e-03
1.604516851796329276e-03
1.586651677105219236e-03
1.564163857984967937e-03
1.537400783391565124e-03
1.506135765973546118e-03
1.471176359576890219e-03
1.432290640390891483e-03
1.390031275155300793e-03
1.344662324901705524e-03
1.296276829493457064e-03
1.245344496665903942e-03
1.191904623122446577e-03
1.136340280806616464e-03
1.078841703883626170e-03
1.019605143303343401e-03
9.589263071122959082e-04
8.969358843881250877e-04
8.339052095475090300e-04
7.699945085096502684e-04
7.054036420526581730e-04
6.403306238911150297e-04
5.749210003971946944e-04
5.093729050535656354e-04
4.438216849563531973e-04
3.784315436341533011e-04
3.133468042513197754e-04
2.486962905553525291e-04
1.846222758809375967e-04
1.212361954909962235e-04
5.866190540312401505e-05
-2.994395872937686152e-06
-6.363118353953655683e-05
-1.231483966703437148e-04
-1.814607769564811001e-04
-2.384804051230617050e-04
-2.941318722730898515e-04
-3.483423334451871719e-04
-4.010445209953250926e-04
-4.521790027443478078e-04
