9.772345065540526399e-01
1.280607908782928961e+00
1.156579434485093261e+00
1.199305995782657064e+00
1.138983007059678032e+00
9.942103829756523403e-01
9.063449922315771623e-01
7.763297106364116518e-01
5.865194434639539045e-01
4.284439490794409444e-01
3.335635369750687973e-01
2.553474378662241029e-01
1.815290992714883866e-01
1.372630747343657753e-01
1.035393909831856807e-01
7.756300026935480929e-02
6.270303776995614364e-02
4.943779722839203306e-02
4.135721617686825835e-02
3.646951387207996581e-02
3.273913289942705085e-02
2.777121843578353108e-02
2.441087484812713704e-02
2.164459697807653502e-02
1.953134045866865634e-02
1.779267122686863101e-02
1.677701682291203589e-02
1.589385659387332686e-02
1.369858455574938204e-02
1.252136903535582511e-02
1.239829376077131520e-02
1.129695691237813000e-02
1.039629688386685229e-02
9.666475899161043259e-03
9.336227763885023706e-03
8.403473648624357195e-03
7.947332827084431853e-03
7.554721498081466181e-03
7.123910768523143353e-03
6.749099455596625254e-03
6.241455980476698015e-03
6.201625710094966007e-03
6.153219756168981300e-03
5.682176462234383302e-03
5.121035542614818005e-03
4.895843574040304423e-03
4.603818054695862395e-03
4.459233311181491979e-03
4.157193214706568496e-03
4.043526071513310442e-03
4.072860120789411655e-03
4.067482371707175325e-03
3.778058728320746532e-03
3.574799223009593463e-03
3.720603967622729182e-03
3.528722100053140447e-03
3.340700367504129825e-03
3.164417290916934303e-03
3.360547129322323003e-03
3.407122304167512199e-03
3.468963857460449253e-03
3.450446048527915002e-03
3.266932381620128029e-03
2.955581090924178436e-03
2.791759903160448766e-03
2.684488185016987039e-03
2.674143249248674137e-03
2.825371044570290299e-03
2.902095275266575094e-03
2.523407224450610522e-03
2.273420094781738836e-03
2.177300032734591582e-03
2.123726354391341619e-03
2.053074792847264622e-03
2.016158677173053408e-03
2.058992825159344873e-03
2.177430728446865926e-03
2.232808162100763123e-03
2.246558109991165543e-03
2.432911449520879128e-03
2.556710543463668397e-03
2.688904057473232544e-03
3.013239265730272443e-03
3.503517308875894742e-03
3.712896319550942816e-03
3.806384392024484819e-03
4.185189727229532419e-03
4.816229791074476754e-03
5.227326734737077624e-03
5.714773261158661785e-03
6.227919016612994997e-03
6.764996395507020914e-03
7.542017579864995248e-03
7.848109361466924783e-03
7.554982345014872591e-03
8.222319569759235086e-03
9.486658704591749772e-03
1.031196787065783924e-02
1.004621720010554983e-02
9.238021569372721620e-03
9.882657049840596480e-03
1.132619504130139530e-02
1.289627798504017382e-02
1.490272079273245384e-02
1.583256101663011589e-02
1.537490624355731909e-02
1.540373037720203266e-02
1.692395736229486414e-02
1.811198891786414480e-02
1.377272244932668463e-02
1.086227183457537729e-02
8.448627411524668729e-03
5.590041053402962194e-03
3.911403580375422996e-03
6.244591332552775972e-03
1.071036508411387853e-02
1.373323822232210174e-02
1.435853044015883949e-02
1.373074122452212602e-02
1.159445151134519576e-02
8.256530587706844768e-03
5.142117382875893185e-03
2.606341231029245947e-03
1.482132328967493591e-03
1.446230761376584347e-03
1.694448511041724221e-03
2.310892868690147314e-03
2.697652423988977644e-03
3.114991685766407316e-03
3.996132800618970755e-03
4.756082598565899988e-03
5.856636139848916435e-03
7.754955442479837500e-03
9.842613311664001954e-03
1.059897958582341031e-02
1.003235137273154366e-02
8.765906449961145125e-03
8.370459950921758235e-03
8.247221880781634151e-03
7.040489057468459280e-03
5.374353936395616545e-03
5.445455843627353826e-03
4.928252675063211213e-03
4.463829060307939953e-03
4.599087909773307004e-03
4.507104222967892905e-03
4.043694138354818508e-03
4.438354708039810199e-03
4.923349131152957893e-03
5.112771470197383095e-03
4.614816332787322756e-03
3.690222048143799657e-03
3.255457925561075928e-03
3.029996214542913027e-03
2.351252992765296042e-03
2.032419379027974957e-03
2.490924548245966250e-03
2.652646444832452814e-03
2.966644925731461158e-03
4.952451756597597149e-03
7.610840209068501887e-03
8.388930188426750936e-03
7.677558669058618529e-03
7.081693483406074734e-03
6.456657128525410995e-03
5.126295148851970143e-03
4.329377163591656419e-03
4.010419224462953743e-03
3.796223190373246292e-03
3.734068810528351576e-03
3.791529310552760237e-03
3.352507728148971904e-03
2.971704090867034742e-03
2.398183387580645441e-03
2.401666733618017247e-03
2.921033254773682149e-03
3.710158542197132103e-03
5.419787308695593955e-03
5.606621605979570343e-03
6.767926039730157162e-03
1.082234464645809822e-02
1.234475506323699963e-02
1.841592620309324968e-02
2.079296932463004649e-02
1.503742590259287554e-02
1.119263773646598549e-02
8.097084038716057322e-03
6.582425198308451512e-03
6.909354520574179613e-03
6.037542651801736625e-03
5.109988546781915088e-03
5.343468751506950942e-03
5.719224937820471637e-03
5.890046442665063803e-03
5.894362388931331798e-03
6.374067071508637307e-03
1.213456857612887387e-02
1.358271212513308471e-02
1.073885581613480758e-02
1.179868457077690863e-02
1.287037294688216787e-02
1.432346275579669814e-02
1.489832906223859978e-02
1.386301740693287113e-02
1.247111462082057740e-02
1.421555174887662726e-02
1.487485642401664004e-02
1.247985042182419083e-02
7.918251694170467050e-03
5.067209677922827719e-03
3.820051210475521649e-03
5.193225609904271282e-03
7.325703599798699672e-03
1.068492209327125478e-02
1.431033313604184419e-02
1.869560080703351612e-02
2.486788727327507095e-02
3.084233165072299346e-02
4.584316592729331674e-02
7.395952057975808958e-02
1.051175844871122117e-01
1.129546133657518686e-01
9.481206254256470400e-02
9.449855426777258038e-02
8.285427624007538072e-02
8.798868672314173744e-02
6.978297201845580500e-02
4.063549784560038097e-02
2.776675083374370925e-02
2.430539912252305951e-02
2.593307117656248190e-02
2.404224889273261570e-02
1.958823564312306073e-02
1.401885305423973896e-02
1.160129358891767194e-02
8.475672921578913943e-03
7.621921741398028291e-03
9.346333673646463336e-03
1.857704863715856428e-02
2.949034696249638876e-02
3.535816913365978642e-02
4.306566452991630184e-02
5.226121247545068710e-02
4.912414460717496462e-02
3.311518249082035653e-02
1.927036342673099298e-02
1.837101621638336651e-02
2.101139195160538556e-02
2.609500746461133197e-02
2.573575074154964976e-02
2.541646965521531312e-02
2.156951840506012019e-02
2.605633525172678863e-02
2.944092872391878765e-02
2.658736005074638017e-02
1.539701687160659888e-02
1.119153552568538483e-02
8.403352741900493514e-03
1.097908891418494098e-02
1.798415534069767660e-02
2.662030099265614083e-02
3.760490505251572191e-02
3.804318827910260076e-02
4.357872648950068817e-02
8.545124368534422199e-02
1.115652415313139884e-01
1.122087318771927272e-01
1.051433891575389579e-01
1.005531797353643453e-01
8.479605241425933193e-02
6.031441473467581693e-02
3.587375697149759041e-02
2.164395507496093968e-02
2.670721320341808841e-02
4.205304835862103824e-02
5.091033621263690856e-02
6.280534474226791286e-02
6.921101630901935198e-02
8.260678360602899395e-02
7.060587527228893989e-02
6.704407612685416018e-02
6.138452266142283703e-02
6.172827259343883349e-02
7.929199585132908068e-02
1.027675734776631045e-01
1.157387916455985682e-01
1.045251427264786703e-01
7.002192060253360772e-02
5.163761721825294027e-02
6.168839340231126178e-02
7.871431669200761039e-02
7.075406772454823079e-02
7.107204343985064343e-02
4.453142315066718759e-02
3.548789800097455760e-02
3.737819325307575186e-02
3.615985112655399625e-02
4.862792435685800441e-02
7.101398508997076864e-02
1.033024949286103916e-01
1.306096786072207805e-01
1.726888649496980677e-01
2.067938874621749468e-01
2.147132454978135652e-01
1.773544208364722097e-01
1.668094211415348249e-01
1.581911966026783856e-01
1.235677895836716639e-01
9.440613349907835128e-02
9.036640357161883352e-02
5.773251888008561206e-02
4.845508478361231636e-02
4.804240646904860829e-02
5.952592065448567699e-02
7.334084859057175831e-02
6.883472996010953082e-02
6.050044809996757422e-02
7.425719037225854413e-02
8.896386093822977736e-02
9.263169282885504174e-02
9.050975509817717202e-02
8.506979464097344512e-02
6.757315124714748100e-02
6.912030308525045352e-02
8.592994550739528614e-02
1.627321613607889961e-01
2.547943403496339965e-01
1.986867336054732036e-01
1.564361504539528158e-01
1.114261993742404616e-01
6.637462455085575697e-02
3.952956065848206579e-02
3.455368656032396790e-02
7.276311486560048392e-02
7.633586234502272305e-02
6.794480135745895044e-02
7.241538523933217786e-02
6.254225230056723039e-02
4.482939636801517441e-02
6.710217617287723979e-02
1.086228301306457755e-01
1.531906360166843395e-01
1.720175092449842957e-01
1.589426721047927094e-01
1.228720693227186717e-01
6.629570392264967638e-02
6.114038386807568032e-02
7.674124886760240460e-02
1.025082804310610968e-01
9.548483092453452503e-02
8.542760707659806385e-02
1.023090123551787106e-01
1.080444684396462407e-01
1.020215328087920315e-01
9.823867116771857477e-02
8.607325075253656477e-02
6.850651613683618468e-02
4.329330258928641012e-02
4.272291976579644518e-02
6.383227079442095608e-02
1.198585786632262312e-01
1.910035966909153227e-01
1.643324175513082852e-01
8.905746814852140425e-02
5.854369444242361192e-02
7.520857570534002223e-02
1.593985644055595785e-01
3.011452130620929091e-01
4.502855062896076177e-01
4.887498436944296420e-01
4.630532781651161556e-01
4.012684116135173951e-01
3.113114167381623165e-01
3.113494288312650959e-01
3.431328619580935602e-01
3.247305172025368725e-01
2.561252070680060666e-01
2.076509496408192879e-01
2.174102104752509423e-01
2.842695145213987029e-01
2.501732211774468362e-01
1.561089423080292138e-01
8.025439356059319018e-02
1.008006864363266419e-01
1.322775236837945012e-01
9.834513234506704615e-02
8.880346209015448078e-02
1.400650245084073264e-01
1.417411931823256699e-01
1.099745440655082729e-01
1.364886552291018906e-01
1.872408681860849577e-01
1.414288280878528148e-01
1.543468335113543088e-01
2.048971525203613087e-01
2.266858962278227585e-01
2.619862829644064028e-01
2.715584972515008855e-01
2.043420481062345750e-01
1.487011586632308313e-01
1.279516716655374753e-01
7.794672065551981610e-02
5.951669592435482325e-02
8.065850487541617597e-02
1.055176762550107533e-01
1.213580152223350250e-01
9.734191983494741574e-02
1.113263106981481204e-01
1.504509127972608051e-01
1.815064270331100682e-01
2.076164741839472694e-01
1.986997770225119309e-01
1.666942819171299273e-01
8.003371310772157410e-02
6.043310278484335940e-02
8.803208722658156793e-02
1.035263152846536278e-01
1.220284413779234717e-01
1.169391413334894270e-01
9.558823172219133024e-02
7.081388134687782721e-02
5.433501158748753335e-02
4.894183103872240537e-02
7.075446159192175233e-02
7.925848249587623406e-02
6.518775690061688610e-02
4.758748019281675706e-02
3.845479800445970181e-02
5.290241846718763546e-02
5.539523649810447481e-02
3.487342348528991998e-02
3.554760671652359982e-02
4.931268638630881967e-02
5.361313275422501662e-02
4.454944026103061644e-02
5.653380670856190948e-02
5.624767673412110064e-02
4.849172379584783948e-02
4.023889189648433007e-02
3.761548520749424807e-02
4.279946063278145668e-02
3.936492108779673232e-02
4.918973671062443209e-02
4.926788157277190577e-02
5.169382851426345543e-02
5.458747921827011157e-02
6.844744703139372943e-02
8.960899794889426451e-02
1.024847771824682480e-01
1.121188718481569979e-01
1.096236716054576343e-01
1.006009321462093958e-01
1.050075046940410067e-01
1.020571446317132813e-01
8.371133592369410514e-02
6.495835180505132866e-02
5.957258433457150726e-02
6.321671299863410032e-02
5.292787746913142632e-02
3.632333563065938409e-02
2.998339864268527097e-02
2.568226533067136802e-02
2.133961454908393784e-02
2.083628876775597133e-02
2.578588933000725350e-02
3.667474882562667127e-02
3.608683530735166956e-02
2.824135853230845886e-02
2.181656657422178375e-02
2.826563764524459010e-02
4.562960758147371204e-02
7.515504391181003496e-02
1.062251885628764658e-01
1.389276639056148122e-01
1.424386176571212637e-01
1.433594850477336591e-01
1.623459522861863680e-01
1.553902088033122519e-01
1.471128975627769286e-01
1.618786538864505631e-01
1.875704865251970055e-01
2.277523158160784933e-01
2.787655939527621252e-01
3.532316647750850525e-01
4.744366794403799270e-01
6.196276672533510554e-01
8.566026568742447500e-01
1.121309596976134859e+00
1.487493840496040498e+00
1.820762610508608104e+00
2.382917454270096602e+00
2.708140654228982314e+00
2.903444200171334089e+00
2.599505815865925218e+00
1.947726051878144737e+00
1.364766615826751295e+00
8.932461624992464877e-01
5.402339000019014126e-01
3.300478806762997541e-01
2.194035083066473157e-01
1.621142878893653549e-01
1.283015725051313838e-01
1.174041947156942295e-01
1.113505135027335613e-01
1.081003823070563891e-01
1.092896016087994415e-01
1.100837508997647290e-01
1.106804410452856269e-01
1.112647185635241287e-01
1.118099035128115176e-01
1.122119534249390871e-01
1.124522358224158691e-01
