8.558932107142276777e-07
1.163908664790618256e-05
2.742049937264078615e-04
3.046826584308839035e-03
1.483247697076796150e-02
3.789522846838366127e-02
4.885351092233207460e-02
3.939564616073368275e-02
2.760780923577934448e-02
2.003685722588144716e-02
1.378342027906248948e-02
1.013542003213903711e-02
8.139695648533179159e-03
6.589817082692929311e-03
4.941971320800503213e-03
4.204700242628224387e-03
3.579804231702650788e-03
2.924327525715414780e-03
2.547711408527862827e-03
2.449599168965261274e-03
2.197068628785670604e-03
2.051675941904449168e-03
1.922333679484346854e-03
1.848683007404462080e-03
1.812005319915969796e-03
1.778018712310508020e-03
1.773672803199401312e-03
1.764861578940577500e-03
1.751819737877069938e-03
1.704157614693759849e-03
1.810293548160766056e-03
2.053034162431566917e-03
2.144957854526233915e-03
2.187337692296606028e-03
2.114436126442935902e-03
2.132721083667456826e-03
1.944777878598845334e-03
2.299127893018716902e-03
3.154510887873534369e-03
4.047544277741785441e-03
5.208760340441753560e-03
6.225747200320300503e-03
6.643242716492746801e-03
4.170758298932273136e-03
3.500435570981089758e-03
3.631062925107457658e-03
7.806203809306174433e-03
2.065647061248713709e-02
3.829502115488272324e-02
6.114141036565177989e-02
1.173220604260412775e-01
1.897084476775905137e-01
2.332540592109791089e-01
1.985989156165565150e-01
1.962620074090035138e-01
1.977080032051754255e-01
1.487259730010147274e-01
1.156261082934117446e-01
9.667634550845673191e-02
9.633836793745226279e-02
1.608607385316741800e-01
1.599116468595613294e-01
8.048994622286377576e-02
3.231604148730372189e-02
2.854766525591066750e-02
5.558356882046403685e-02
1.029783464821768663e-01
1.244288084560929708e-01
6.378175800765076287e-02
6.149429422597058048e-02
1.023580004787845443e-01
2.396451601076204085e-01
4.214496719848455641e-01
9.114968332199421264e-01
1.299229668186317355e+00
1.024815690018357817e+00
5.672618650357981185e-01
3.092722465226537820e-01
4.471377813478422114e-01
9.186497204545435169e-01
1.316014026124842307e+00
1.442197517164075293e+00
1.353412592411735504e+00
1.193999454504882651e+00
9.183715699426904244e-01
6.111158374422893669e-01
6.890028375793836313e-01
7.663074074138099823e-01
5.846869824441187635e-01
4.561361487011357241e-01
3.209264141925559088e-01
2.237942502492883401e-01
1.257706136170028410e-01
6.441175003258946263e-02
2.509307622707467877e-01
6.261112099152933430e-01
8.921713120848313583e-01
9.985547508465090205e-01
7.996649041438069760e-01
4.399719195623871260e-01
4.825127705178767212e-01
8.799056704174618160e-01
1.247648392536809592e+00
1.422923108204287690e+00
1.436366658432045362e+00
1.243522700700106176e+00
1.002947748125900373e+00
6.853962849064426655e-01
4.761042170563553055e-01
3.387734245658408083e-01
2.384454808553999605e-01
1.806510318342078869e-01
1.087427079953475623e-01
4.418606564132138148e-02
2.602254790625943559e-02
2.719015374789404693e-02
3.716212888772142675e-02
4.230281340282356778e-02
3.527416864983787953e-02
2.079993910140073149e-02
8.678533663001041648e-03
2.775099935396363286e-03
4.563016990653636848e-03
1.233503339982923962e-02
2.166171820949704119e-02
3.230293668309511951e-02
4.580103707526316653e-02
8.028935641559420411e-02
1.222635170131471383e-01
1.529462989224834868e-01
1.759630192165662632e-01
1.902926954712837182e-01
2.051129019141049448e-01
2.126510973696177920e-01
2.179921123586074094e-01
1.991539309187534412e-01
1.815115664617896474e-01
1.616304839384453129e-01
1.429402003544303912e-01
1.180206794573311208e-01
1.024692140224974374e-01
9.107267909930834293e-02
7.989019557468408916e-02
6.774133581449046093e-02
5.591627743932617300e-02
4.569176268094223697e-02
3.693040924905776484e-02
3.036320952603169948e-02
2.390025694151235933e-02
1.893722875172485984e-02
1.356524048893451018e-02
9.589079994562304393e-03
6.709678304990523458e-03
4.000040561645341192e-03
2.202321820472974857e-03
1.791860719767390591e-03
1.259421731575379854e-03
8.455305020059838104e-04
6.908072748807341564e-04
6.186892123930341075e-04
5.741317527504770455e-04
5.717016242889483161e-04
5.260549100655466598e-04
4.849416375314824848e-04
5.080536226577667732e-04
5.593240821924668491e-04
5.816988215259975793e-04
5.880220563897784825e-04
6.422199500190857229e-04
6.630162897432345008e-04
6.867590110088551796e-04
7.290121644052765214e-04
7.257250112778065778e-04
6.988944460465524840e-04
7.081886560061626977e-04
6.596758754749414318e-04
6.371163139635101008e-04
6.516950102897847447e-04
6.427364018729916787e-04
6.513997630989643234e-04
7.014623266161958137e-04
6.387073019725843844e-04
6.003279829365058438e-04
5.607762710856487465e-04
5.246943103835534144e-04
5.308500899759650751e-04
5.305426567015446553e-04
5.278411704967986761e-04
5.637934926256980882e-04
6.086369896574671604e-04
6.768623143677641053e-04
7.753361644943683809e-04
9.045467107376836549e-04
1.179302913477443338e-03
1.373450665086189916e-03
1.456007488330909178e-03
1.373066852423388646e-03
1.500292909893361252e-03
2.050729714763555468e-03
2.908760303078403772e-03
4.098574256284004229e-03
5.201412240375724409e-03
5.685170679279812761e-03
5.115700385099691654e-03
4.037348545906234779e-03
2.952496087692902185e-03
2.672165649604060431e-03
2.716817245207580212e-03
1.639670465393336688e-03
1.500052891143305832e-03
2.172920419546651386e-03
2.972123623934987136e-03
3.476273147575718783e-03
3.953119553999070307e-03
3.923143703899224961e-03
3.509795930450956749e-03
2.846297574496164853e-03
1.796124025494676537e-03
1.329275048299283831e-03
1.291015411682542397e-03
1.361368015696271276e-03
1.400158318064653046e-03
1.930353471294068979e-03
1.984631977182193391e-03
1.830982351722516875e-03
1.384254648236643310e-03
9.625790335162486694e-04
8.043700979094953966e-04
8.206857899203902004e-04
8.415151158817615797e-04
8.405277657056732217e-04
7.159041075999559179e-04
6.109368115699804558e-04
5.893314385853927343e-04
6.517809665838648382e-04
7.667409673314844664e-04
7.640168585042562488e-04
7.207215324633703922e-04
6.243468901919838358e-04
5.894473473769287590e-04
5.371206760848277507e-04
5.473305037548243735e-04
5.560965561058938203e-04
5.571085067299876752e-04
5.770791798059962457e-04
6.622629423240896859e-04
6.989490037275264585e-04
6.081292962731883875e-04
5.434450695676616748e-04
5.570701457513669262e-04
5.200062272731260406e-04
5.625891544426626012e-04
7.763532872416962745e-04
1.085629450385841100e-03
1.405664757503364767e-03
1.411148723879532361e-03
1.233013812955900332e-03
9.660110025806346173e-04
7.353041675130060628e-04
7.041480222323774326e-04
6.774423395858218070e-04
9.754065824235701523e-04
1.686475717331059349e-03
2.455837779181569737e-03
2.994152284456339051e-03
4.152884272765076067e-03
5.390241454604756226e-03
5.599124642231208780e-03
4.005061058491446793e-03
2.650310719354376753e-03
2.022795997008182151e-03
1.867887003506341634e-03
1.730117245695104436e-03
1.482384717364321810e-03
1.444274687231786184e-03
1.360522726160612837e-03
1.158274773237036835e-03
1.697169163154529275e-03
2.028776349764178054e-03
2.089208429257916055e-03
2.160724819607271526e-03
1.827007021823087024e-03
1.670812983497192141e-03
1.519221974219723843e-03
1.577455378567465313e-03
2.242144441436467843e-03
3.204916474085149538e-03
3.207216306097251425e-03
2.251565299005342698e-03
2.044076367663412441e-03
1.489649816002811553e-03
1.086681779481291294e-03
1.096370240955378203e-03
1.231255407040211759e-03
1.160930590999324470e-03
1.108923119013949894e-03
1.066155571433705746e-03
8.851193944622329180e-04
7.210475420363896730e-04
6.334043255889488773e-04
6.100636574740709445e-04
6.519165731873332063e-04
7.233177498370377441e-04
8.009407706141320618e-04
8.904651652966585288e-04
9.421256313136248950e-04
7.421075885220964957e-04
6.186968516394558562e-04
6.028363118570084648e-04
6.652997182409481087e-04
7.185705918593019922e-04
7.833682802270761341e-04
8.377896753366101184e-04
7.890254198542874606e-04
6.893960579727109392e-04
6.562059088306823520e-04
6.519301599175793965e-04
6.644626087010607968e-04
7.092017965269940090e-04
7.241755243418122358e-04
6.549971022015416535e-04
6.085188668021976766e-04
6.155219832216949835e-04
6.000258719100053659e-04
6.193982552799361411e-04
6.753083859689926671e-04
6.890530284232365471e-04
7.382810213915270330e-04
8.825070391656306308e-04
1.028674681659080348e-03
1.221246184401681258e-03
1.261695073826378998e-03
1.167713153757460667e-03
9.255405379128272148e-04
8.147860629550266777e-04
8.796983348674905544e-04
9.345022927580633751e-04
1.016730825358270638e-03
1.118927588246072758e-03
1.126949010119055253e-03
1.137224187303915914e-03
1.353088152698138109e-03
1.897964953974167488e-03
3.023443155482952258e-03
4.031573218556789087e-03
4.187755998416718695e-03
4.510921184897497688e-03
4.801612794589450034e-03
4.671641005891075636e-03
4.774000558661802181e-03
5.676693789066296694e-03
9.392860854322620731e-03
9.035271050524323541e-03
5.252854894162374728e-03
4.150131147925608874e-03
3.092695919880112092e-03
2.593104424762651856e-03
2.038737098850174675e-03
1.601892522786888158e-03
1.230317820908091806e-03
1.005709507066633287e-03
1.043516586643408956e-03
1.250245026961406070e-03
1.015779706099203053e-03
9.151004108954627998e-04
8.444556761850813753e-04
8.323602446216745668e-04
8.016773189125188858e-04
8.155715711709065393e-04
9.446255601900762277e-04
1.107178654492814440e-03
1.316442823819775334e-03
1.332381252992488390e-03
1.159016081309560122e-03
1.080109942444606617e-03
9.573132701218089275e-04
8.440629736479454952e-04
7.554513981025986038e-04
6.653167520896301548e-04
6.672765331714324184e-04
5.809923461554437289e-04
5.705692499935312387e-04
5.986154292963933969e-04
5.691083441799571312e-04
5.553808716218095170e-04
5.839545083239940353e-04
6.369280944918107902e-04
6.345319530466134433e-04
6.438206580038550965e-04
7.058225902838345537e-04
7.159556324389788982e-04
6.978006426527966948e-04
6.606187458546318230e-04
6.213795558574338948e-04
5.830414428828135020e-04
5.967908483542468069e-04
6.304463246205655640e-04
5.805100625109316627e-04
5.457273429650935821e-04
5.392012904498797539e-04
5.359968155457922037e-04
5.452138627759243929e-04
5.531616302453619058e-04
5.040636443064912047e-04
4.859793205516950952e-04
4.681165441367993955e-04
4.773910706217850282e-04
4.953418040438962956e-04
4.590298009388101876e-04
4.220520415845606822e-04
4.461715525170339503e-04
4.411835796971951343e-04
4.218079388819725019e-04
3.883133114696764331e-04
3.715526237589364118e-04
3.593455390877352360e-04
3.420687246337324183e-04
3.288110019152070676e-04
3.175771368800647766e-04
2.805548698483873544e-04
2.563457884375398106e-04
2.403784157711007024e-04
2.319164775332571661e-04
2.185401493627847321e-04
2.018345351812961632e-04
1.804051362828908069e-04
1.595450033358197979e-04
1.382059418922287311e-04
1.171438239833241850e-04
1.002490692811555011e-04
8.708199662784123717e-05
8.295665917863280362e-05
6.913302827528759189e-05
6.232191127709644119e-05
5.485242843608159087e-05
4.541701599579084202e-05
3.662428753101919032e-05
2.981466275461601865e-05
2.362956983074488324e-05
1.878030203191723743e-05
1.542659527714671918e-05
1.314023492292717353e-05
1.062370176534851592e-05
8.846672668631716215e-06
6.749080147635645266e-06
5.058965932480788451e-06
3.896293287985385796e-06
3.313168836910154611e-06
3.005468431439472673e-06
2.615311619224816607e-06
2.302273839913641962e-06
1.716778407371234149e-06
1.215156778663136319e-06
7.335907229346645060e-07
4.997443071205122015e-07
3.786815050751041417e-07
3.115683855409240228e-07
2.894933754806876976e-07
2.768096574880765059e-07
2.756273265525529716e-07
2.339245643176725652e-07
1.753290891094893844e-07
1.236304636794656514e-07
7.445319221925865404e-08
4.233043139929567001e-08
2.518857538347468010e-08
1.577542641080435613e-08
1.093734503724110854e-08
7.990681378454154844e-09
5.467337245707047821e-09
4.040144337608022763e-09
2.901482980276714489e-09
1.874436763677778214e-09
1.137050755117162348e-09
6.577164217624481461e-10
4.081717162515392972e-10
2.693117191626308320e-10
1.747347946311946828e-10
1.176098226386008640e-10
8.375660338272947766e-11
6.021813863186583227e-11
4.189836700613610293e-11
2.972968186380577292e-11
2.092622327165331200e-11
1.436112094933615872e-11
9.947346079867536816e-12
6.932702449594262190e-12
4.579235328808501009e-12
2.949822597619365647e-12
1.905432678486707464e-12
1.212036058905481299e-12
7.582501745109199968e-13
4.615348018627389443e-13
2.795085786727661048e-13
1.631924846821589899e-13
9.422613821671698563e-14
5.235141561130466372e-14
2.928540801352469273e-14
1.583801518461479786e-14
9.322130633240253825e-15
5.451853764713419201e-15
3.831575957927040552e-15
2.923199775158093930e-15
2.576691481815872012e-15
2.381564685176730810e-15
2.278529633412227348e-15
2.220555677400841294e-15
2.176107210619867063e-15
2.144923015916889089e-15
2.119276631412434359e-15
2.101898594994208926e-15
2.091399598764693616e-15
