8.806480358980693889e-07
1.174049698864090764e-05
2.650610765837274532e-04
3.072753293129090995e-03
1.546859969935467961e-02
3.599422320818847915e-02
4.781216649941641417e-02
3.984119135394980499e-02
2.732379979523968591e-02
1.990638464444499656e-02
1.425281630981833220e-02
1.112218565311172067e-02
8.605224097579718470e-03
6.708949588662971308e-03
5.111483335100889744e-03
4.036008919206492823e-03
3.271860948466814769e-03
2.818640870779468358e-03
2.505350479560017503e-03
2.351053410961801132e-03
2.286296038612993606e-03
2.045094015176718728e-03
1.824350536020445451e-03
1.740071136564775049e-03
1.752917883564642995e-03
1.659822177628833334e-03
1.591497854744070538e-03
1.584306976568188897e-03
1.472369019655801140e-03
1.463368129477548955e-03
1.486702599322491710e-03
1.423226368798320316e-03
1.435893556295438035e-03
1.412504979232066067e-03
1.425906417972521833e-03
1.350516196474713408e-03
1.421017164758796780e-03
1.401567223093270901e-03
1.361181192832136479e-03
1.303812402104927159e-03
1.354774798330412623e-03
1.393187196610939059e-03
1.398857298879136162e-03
1.380793592396922700e-03
1.356202578153116673e-03
1.574033005851065798e-03
1.755084432569779329e-03
1.665141840758557800e-03
1.609318333565113671e-03
1.697840111873724633e-03
1.885105409085051408e-03
2.281821343497890571e-03
3.149769012958703301e-03
4.579148235326070161e-03
6.582354940596757062e-03
8.035131964835483254e-03
7.631231910201264658e-03
6.239745688621701862e-03
9.158225224082796462e-03
1.488704560840085206e-02
1.985251617198593652e-02
2.350814723244830373e-02
2.141610698666473328e-02
1.538713711176784710e-02
1.073434957561848757e-02
1.338196919609994928e-02
2.309392333245685949e-02
3.383888829207418875e-02
3.862596907886928221e-02
2.877483456816765442e-02
1.614796056954010545e-02
1.010657608493544836e-02
1.097399482597245617e-02
8.658043137734409631e-03
7.117496896979346767e-03
1.366710607485034645e-02
3.023159242364450300e-02
5.155231142672641459e-02
6.610261791259397501e-02
8.008871782793869354e-02
1.026686706079670136e-01
1.315938567294634431e-01
1.681744474516443932e-01
2.122082296419003922e-01
2.400733455400946015e-01
2.738997180061145120e-01
3.365350284672261605e-01
3.852864864422180236e-01
4.209457459952554714e-01
4.325866411318124438e-01
4.685772288185175993e-01
5.583074704900686802e-01
6.813873981863713958e-01
7.524084580980741066e-01
7.906025636497834297e-01
9.177639588605883691e-01
1.129458301223930539e+00
1.288901664377707146e+00
1.254994739438038520e+00
1.211324993978180276e+00
1.316617014251044715e+00
1.549747255778800126e+00
1.806078760686125273e+00
1.984322171764349108e+00
2.030118789957959802e+00
1.913826158669717170e+00
1.844551524271216492e+00
2.032004906412641532e+00
2.247381580064161000e+00
1.737161192173688251e+00
1.382192247210697111e+00
1.130527628402731022e+00
7.245439525116574853e-01
4.491899369718750368e-01
7.492891827765125745e-01
1.510452491610872139e+00
2.119946455825665765e+00
2.348009101550251110e+00
2.256842186949073792e+00
1.916305350310344879e+00
1.448308273430387150e+00
8.908986820650800498e-01
4.173106742568286065e-01
1.955140009721968997e-01
1.453912288474424330e-01
1.752716890836832353e-01
2.437281408290314366e-01
2.803778132939847567e-01
3.197314343839367523e-01
4.198492061586238666e-01
4.869200774671210707e-01
5.888693144979177951e-01
8.052505238200641235e-01
1.059753422900460595e+00
1.126915976348551451e+00
9.815615630702042571e-01
8.397056103795036419e-01
7.419307906095469196e-01
6.599372687562975459e-01
5.007199632600131123e-01
2.971991164440668243e-01
2.932409788986231614e-01
2.729994543211991531e-01
2.527576372166254193e-01
2.683300674152377940e-01
2.935757647132156145e-01
2.778711444538338737e-01
3.508230652738283384e-01
4.119836240720811116e-01
4.173057678058850750e-01
3.507581654263319249e-01
2.724507763693516660e-01
2.039754507747446044e-01
1.624543488524628765e-01
1.242981097392089479e-01
1.125810845874277155e-01
1.511584460358173509e-01
1.702318456347687858e-01
1.894114665240852757e-01
3.354124094581123483e-01
5.435962717943458866e-01
6.195639509776779130e-01
5.292607813574790043e-01
4.367534029968329068e-01
3.766068903183616423e-01
2.873532217681729617e-01
2.194417246557396894e-01
1.972976538969969940e-01
1.962359777997649268e-01
1.847996996131874292e-01
1.987998328268227033e-01
1.482023558519487694e-01
1.148412216504969136e-01
9.115229848226701070e-02
1.107256454835877785e-01
1.285269149303476244e-01
1.332506098426269325e-01
1.753602992591900833e-01
2.098962150589122333e-01
3.118742833251536006e-01
5.500471751477343796e-01
5.903316176740026622e-01
7.737198078149996050e-01
8.018038633170190277e-01
5.385303386834801032e-01
3.852056569147824239e-01
2.786112100281600279e-01
2.057979720480881125e-01
1.901742598523492034e-01
1.635107894117575067e-01
1.293358173415044554e-01
1.175856112725919694e-01
1.109154999539307823e-01
1.069138852699218628e-01
9.919482601059669002e-02
1.010607459091732441e-01
2.025908122507215359e-01
2.371466766586793062e-01
1.766584061982438558e-01
1.686684835704927721e-01
1.744426030856417453e-01
1.885686614121337701e-01
1.920920015778040946e-01
1.665397105360526264e-01
1.539107684484316285e-01
1.673318230478397228e-01
1.551219018383531434e-01
1.139959886853672555e-01
6.241666580386052293e-02
3.387350856826147616e-02
2.920935930827859087e-02
4.220463634758071098e-02
4.924529561745379785e-02
6.469142362739305208e-02
7.244182986066961816e-02
8.354896790383328775e-02
9.992745630116674216e-02
1.095930924180208987e-01
1.479432368148404509e-01
2.256947468983456495e-01
2.985163360990439330e-01
2.937885970049895490e-01
2.240317664357894811e-01
1.980580232397176899e-01
1.697675954004518595e-01
1.527269361446773333e-01
1.039836650322153583e-01
4.992522886993477210e-02
3.136726424787416451e-02
2.436995725689114489e-02
2.356037881403282019e-02
1.773637977163817006e-02
1.232735839628008347e-02
7.381038878995481792e-03
5.157103972528841868e-03
2.976198744652874730e-03
2.604273481149122112e-03
2.992301815921232649e-03
3.903746983668602774e-03
4.498524616815897242e-03
4.128430810767862343e-03
3.897861151076982382e-03
3.645123811796021143e-03
2.473906592191489097e-03
1.385163505123482340e-03
8.392433456462736890e-04
6.821089303348301788e-04
6.303800183825776244e-04
6.246101424655583914e-04
6.531504713630061553e-04
7.575803412012809815e-04
8.717000350082613645e-04
9.325713856748007839e-04
1.160150022063495979e-03
1.274464260071873217e-03
1.221429400593825043e-03
1.389259384881457544e-03
1.207093877623828873e-03
1.368169661531848640e-03
2.268539634764192136e-03
3.658558406377848595e-03
4.497740143161813205e-03
4.677111265259830016e-03
5.590163793871116837e-03
1.031190047690901460e-02
1.433453247707095965e-02
1.634209485791014022e-02
1.750654639794481729e-02
1.839641250805745462e-02
1.699736425337746923e-02
1.313244809285088119e-02
7.888340914738160847e-03
4.458986036463499607e-03
5.027430040222827072e-03
7.553193741387577778e-03
8.653866108132797497e-03
9.588584089556914658e-03
1.199034595823817925e-02
1.547924448035217782e-02
1.383128103031726862e-02
1.292086500610309385e-02
1.184084046471432609e-02
1.275989161035193629e-02
1.597388523831065263e-02
1.939731089164666369e-02
2.108485962877350295e-02
1.848600981470004123e-02
1.290464004551081581e-02
9.556780812271748957e-03
8.611027781679514784e-03
9.406695891676758112e-03
8.831532076863419720e-03
8.381021442719136308e-03
5.928091818533722489e-03
4.491483545005548611e-03
4.117140704940676181e-03
3.834844889928811645e-03
4.142288618206682073e-03
5.005594830416428692e-03
5.916704265130745544e-03
7.165369834579533512e-03
8.179668290725392726e-03
8.443997737566063741e-03
7.737279872211635066e-03
5.053115750121532981e-03
3.787386570664009328e-03
3.200635358746038803e-03
2.475732104326421653e-03
1.698487095489833532e-03
1.379862750353745863e-03
1.000324825690228781e-03
9.108669643305278415e-04
8.592636576824346385e-04
8.984000866386458468e-04
8.903582283843862206e-04
8.154648681723272253e-04
7.104561183670549162e-04
6.509477955380497428e-04
6.177924907430126702e-04
6.010686431175889808e-04
5.647672436895088749e-04
5.872936030730490893e-04
6.415898194026744281e-04
6.622382996362564511e-04
7.319193994539749263e-04
8.965473446514617009e-04
1.084215818505372556e-03
1.164515797857263845e-03
1.240986040497488955e-03
1.145089939731459274e-03
9.243078642996651207e-04
7.738986247745174634e-04
9.052255300746398425e-04
1.353839188860618244e-03
1.628758224654669766e-03
1.620577534555217797e-03
1.555897329308857839e-03
1.419666278395214634e-03
1.300794865557223633e-03
1.569607113424211203e-03
2.083364887533381300e-03
2.484417974384248683e-03
2.730635342637492084e-03
2.666011646917893635e-03
2.392993559529785295e-03
1.772253998896682926e-03
1.547479508737266765e-03
1.695985746277208113e-03
2.152029533628993171e-03
2.507237341714312930e-03
2.667021941480081718e-03
3.313564415492484781e-03
3.347971798478685448e-03
2.680853507820738987e-03
2.531261811117115242e-03
2.077658620842904452e-03
1.632748868914638213e-03
1.377454364244982878e-03
1.447996492087100240e-03
1.596889514661901195e-03
1.933589975780557364e-03
2.404638835420576642e-03
2.025968122703580756e-03
1.461788027260822178e-03
1.506247764579616471e-03
1.731644328317538803e-03
2.317006729272063238e-03
3.396933549018846862e-03
4.579344328134704253e-03
4.619601902126276548e-03
4.045542702326199863e-03
3.196311179270803354e-03
2.415721120550098563e-03
2.010405193959694924e-03
1.859333982750073066e-03
1.608578830517190224e-03
1.412208760892259655e-03
1.240471492404010296e-03
1.165106570953801770e-03
1.203246806129606040e-03
9.909493231030749773e-04
8.152594811425633269e-04
7.390988312845429278e-04
7.008589543090850468e-04
6.758655237098570509e-04
6.367448711506134120e-04
6.007380167955235972e-04
6.159055741139976949e-04
6.217271870372658620e-04
5.920136106966580230e-04
5.876888806788189892e-04
5.919888688403048211e-04
5.807106439476189845e-04
6.025505960973471381e-04
6.476225842419161723e-04
6.538998146642625853e-04
6.529081871810558154e-04
6.924123877530291181e-04
6.499244105915915086e-04
6.312815738358759816e-04
6.306816494835257867e-04
6.186404531068790021e-04
6.216048459404079941e-04
6.993248787393925320e-04
7.245863797736494223e-04
7.030890117317192779e-04
6.989763825490086626e-04
8.058534880857496979e-04
8.596849090286521472e-04
7.902861088293063139e-04
8.071333769479206027e-04
8.089209213246039299e-04
7.784026800387308176e-04
6.217779643545605145e-04
6.093387806250361418e-04
6.327216879589688068e-04
6.158073859293662720e-04
6.445992169514723437e-04
6.179505130507768071e-04
4.958366111789591548e-04
4.145291392496406962e-04
3.884014378352419901e-04
3.914821875590198189e-04
4.131812365571014222e-04
3.864399114390306171e-04
3.136853594973012475e-04
2.442486378958125303e-04
2.160589349227943037e-04
1.888967386804442882e-04
1.712126940599804274e-04
1.245717301220008327e-04
9.859078337423177847e-05
8.591438813255803969e-05
7.762651201501856403e-05
6.664936050926392600e-05
6.233108405775833623e-05
5.328285859027194769e-05
4.172250539346010522e-05
3.133475638751767828e-05
2.502829384004948222e-05
2.069066777807325200e-05
1.743439612236887397e-05
1.509152679917460543e-05
1.151804775614347690e-05
8.610054439063265266e-06
6.902603633418267131e-06
5.842027704308455357e-06
4.653234655109721057e-06
3.423147623382329024e-06
2.631126122149521847e-06
2.060357155713787793e-06
1.474890889253624471e-06
1.084539362753845570e-06
8.519658336049147171e-07
5.979756710508532954e-07
4.632050140816316840e-07
3.573147575730686230e-07
2.634131024630182559e-07
2.055634850136890433e-07
1.567737256642838219e-07
1.176422580300494716e-07
8.957671728802959760e-08
6.909778680617469079e-08
5.160481290802663586e-08
3.782243537810264582e-08
3.007378171838445313e-08
2.354013034376274258e-08
1.824953543290695084e-08
1.358746269994653081e-08
9.956586385740901714e-09
7.627627582932232465e-09
6.092441258330513708e-09
4.724517346328021308e-09
3.485933263677252736e-09
2.647423147181839613e-09
2.000757757749662976e-09
1.483433763043209172e-09
1.107123514858655970e-09
8.192934293520318393e-10
6.015586314625141940e-10
4.325608452271792552e-10
3.135083458141232623e-10
2.244833844579064544e-10
1.588228010911557255e-10
1.113528645471980512e-10
7.760562928217399727e-11
5.332881464738659141e-11
3.594044746100572745e-11
2.382860233496421786e-11
1.558553569660089776e-11
9.994691077382180312e-12
6.271363022192040673e-12
3.882418049378365304e-12
2.332336148411090183e-12
1.364896221327800547e-12
7.741585367116446413e-13
4.305332123339072633e-13
2.308696824952679284e-13
1.210002276535112360e-13
6.107261379096371974e-14
3.048901034713878999e-14
1.637597024116166877e-14
9.869892260999681140e-15
6.984308417447917013e-15
5.685873778750652925e-15
5.242312717023670486e-15
5.057817079871114671e-15
4.971919944806578159e-15
4.901433069209805024e-15
4.856002849915970044e-15
4.825367693351061577e-15
4.806915130817543601e-15
