1.079550814241292400e+00
1.281280905886747146e+00
1.273185675700245101e+00
1.207217748339476149e+00
1.091719259342765147e+00
9.801898463608168521e-01
8.248839500845085437e-01
6.629523273829921459e-01
5.332617441315966600e-01
4.166090052538286015e-01
2.861265906956427796e-01
1.958869465234601426e-01
1.416143015140289008e-01
9.442368196779156453e-02
7.091529248472396019e-02
5.212427229089842962e-02
3.905227169276961202e-02
3.090475913670587618e-02
2.421989803698568894e-02
1.913466627022129829e-02
1.592743292757155607e-02
1.342340671700996586e-02
1.158777701128653297e-02
1.008785191414760668e-02
8.664998891928931898e-03
7.544444401402521441e-03
6.955107702529026575e-03
6.342656871873100961e-03
5.319020258231068297e-03
5.041785654500250888e-03
4.699992644263382285e-03
4.339369344065278911e-03
3.970989491841135817e-03
3.559825812151023484e-03
3.665357847355371363e-03
3.342656489794714608e-03
3.043328997586859565e-03
2.991931755149989606e-03
2.924830870174133495e-03
2.647482459096313964e-03
2.440942943583492356e-03
2.376804105835511084e-03
2.402136364306307805e-03
2.319574370411160540e-03
1.935632380731208560e-03
1.778887749710624357e-03
1.698595596130807704e-03
1.656691523859604200e-03
1.585984885393154978e-03
1.435815689747798165e-03
1.419173347842283541e-03
1.443558803676667050e-03
1.340156711230363999e-03
1.328268000547343708e-03
1.451536932253772241e-03
1.454927494880348463e-03
1.252661398527656587e-03
1.181011659989232576e-03
1.363164113874677091e-03
1.496155447973444245e-03
1.700439930945973075e-03
1.796145301287372514e-03
1.590192572266245063e-03
1.244319507047779872e-03
1.081811625868281043e-03
1.161390755017347679e-03
1.439588698229779876e-03
1.788194049856049088e-03
1.831755104553513865e-03
1.497551468327463359e-03
1.090494396571441713e-03
9.197840445235229857e-04
9.156129169754887061e-04
8.115894708305960124e-04
7.755979868965682048e-04
9.091064416826734199e-04
1.297461285504128339e-03
1.645516172651869660e-03
1.858875356965683208e-03
2.218152296115379323e-03
2.678382236214655893e-03
3.126199033056502059e-03
4.013202942281766938e-03
5.083315223077489349e-03
5.452044381855696877e-03
5.979950075749885033e-03
6.964758934724694928e-03
7.894316375916924505e-03
8.798051198519091232e-03
9.536838512418710501e-03
1.056165814881163123e-02
1.183404160104344766e-02
1.350753668526736423e-02
1.414599415930888060e-02
1.369141461707264890e-02
1.473735265061241854e-02
1.710305124471519014e-02
1.895958887476143634e-02
1.938630606612921914e-02
1.911783222880392152e-02
2.211182141112484623e-02
2.610280669480764815e-02
2.967030845424600480e-02
3.371015796085825161e-02
3.426819941994763141e-02
3.244610848833218847e-02
3.178099846255457578e-02
3.394384422519874933e-02
3.547031733687500132e-02
2.685829210035097989e-02
2.097413752277117391e-02
1.636581282658954029e-02
1.049863575122987960e-02
7.100174739119456506e-03
1.152970687279583802e-02
2.125301817070106986e-02
2.848542389983655873e-02
3.068490615319726875e-02
2.909186782769580468e-02
2.424851267866676152e-02
1.687289517539442701e-02
1.011376455570501924e-02
4.544959154794446683e-03
2.269155161288504384e-03
2.075898467315864457e-03
2.413100028334803741e-03
3.391508881025308807e-03
4.019363994737334793e-03
5.000571394741629670e-03
7.251080761911862620e-03
8.760083448661443173e-03
1.137177883115244280e-02
1.612572748637367687e-02
2.127807078714186867e-02
2.279952988840312431e-02
2.108209468843844775e-02
1.814212009015136323e-02
1.714006593893924180e-02
1.672222523820155599e-02
1.453112083662518386e-02
1.050056034012120977e-02
1.009976576620823414e-02
8.932978213551852689e-03
7.954529790227093944e-03
8.292473221373379555e-03
8.215039145959068118e-03
7.374838983562359042e-03
8.565919781708687328e-03
9.885935984471815041e-03
1.032228804753369637e-02
9.327258621352254100e-03
7.189928481754510360e-03
6.121852584604819091e-03
5.547157264717062983e-03
4.092632619615206926e-03
3.113910304990197709e-03
3.976643431026027561e-03
4.441679964049459646e-03
4.702965221408861654e-03
8.733193022259496535e-03
1.428490992240272379e-02
1.631838682839832633e-02
1.513480806224474021e-02
1.405225136693317479e-02
1.313248360911499317e-02
9.766009061130322133e-03
7.736583930718724314e-03
7.524520943840359855e-03
7.329923566887750624e-03
7.018535475413494387e-03
6.545789564242406045e-03
5.866701322446241790e-03
5.911128407334058713e-03
4.717818904378913263e-03
4.954244094491012246e-03
5.724901990411017209e-03
6.886606266026314670e-03
9.817919485387738288e-03
1.079615754860670240e-02
1.496665093828238556e-02
2.618912891073922264e-02
3.124872113706911314e-02
4.456542226915415766e-02
4.902082638196842562e-02
3.577363144307271758e-02
2.598160609660527670e-02
1.766485234179923994e-02
1.386647478726155298e-02
1.536695115331031952e-02
1.356981271567999671e-02
1.074123320767208373e-02
1.104885093454139287e-02
1.128028618198272451e-02
1.165324271286955968e-02
1.149214946424515632e-02
1.278696998283388592e-02
2.513711111377590901e-02
2.941718472472396040e-02
2.415786401580602774e-02
2.443234946696563187e-02
2.671060014674867672e-02
3.082668112378053951e-02
3.310691256826822637e-02
3.086230591479587754e-02
2.777696727627688988e-02
3.212857998947236254e-02
3.299271146547995415e-02
2.739844631337820524e-02
1.658088576096993991e-02
9.939685819715118886e-03
8.122248282616503431e-03
1.147542644500706803e-02
1.552158136370641178e-02
2.393231791132704317e-02
3.107960073972913448e-02
3.785982940623576487e-02
5.084854862528991049e-02
6.347661166533276333e-02
9.787521804420808158e-02
1.596908000848882292e-01
2.229212301266443874e-01
2.348328310740555036e-01
1.965505429681556337e-01
1.912645048248505508e-01
1.730509362733174683e-01
1.830464028384038433e-01
1.426773546366134904e-01
8.219769349107872158e-02
5.398973776134646796e-02
4.829447775523993541e-02
5.313934336227295330e-02
4.689293433276503498e-02
3.802912621273396576e-02
2.872590385464572627e-02
2.415642327560686350e-02
1.546529144845886113e-02
1.358948580872741153e-02
1.742434446725243599e-02
3.470564687401383325e-02
5.803041587704398790e-02
6.952977357894309096e-02
8.809186105491921548e-02
1.114268019340044769e-01
1.046060559502450110e-01
6.878111769419875676e-02
3.790320708123567223e-02
3.318554997310964316e-02
3.948251056020593563e-02
4.951638845125953814e-02
5.163215052268835953e-02
5.554620109023388624e-02
4.991949786145027934e-02
5.413418573013415586e-02
5.851620006950682823e-02
4.950145558617018854e-02
2.845525243002046401e-02
2.384772347623690877e-02
1.794069271682871211e-02
2.105022347513892458e-02
3.421554681753351257e-02
5.104255874673819388e-02
7.594625317014649934e-02
7.596546808838208764e-02
8.427554380044968707e-02
1.602195768783900021e-01
2.154909878385083410e-01
2.248530507565459080e-01
2.176625846272167153e-01
2.112618797729096387e-01
1.721275241057732830e-01
1.207523174665264820e-01
7.145254365728526125e-02
4.075868509747024304e-02
4.176806481254808495e-02
6.393488772512727347e-02
9.199746137648479039e-02
1.209732824091702547e-01
1.220002944459970123e-01
1.381639903809942782e-01
1.178606118880793363e-01
1.076861935202225451e-01
1.002841998017084679e-01
1.089914074942405775e-01
1.451594726470383789e-01
1.913676109300385397e-01
2.162848448552846803e-01
1.951706063804265479e-01
1.340889473646627306e-01
9.836135745995573665e-02
1.173643825111819611e-01
1.570058899877616598e-01
1.399926064613995214e-01
1.394119515239188034e-01
8.166476671356130701e-02
6.141750722504759480e-02
6.030148451468630988e-02
5.550007851941877318e-02
6.908784242395871189e-02
1.057510982682123568e-01
1.635677715341192218e-01
2.031540196898816431e-01
2.681202264438395377e-01
3.247092555712092765e-01
3.489657137759316075e-01
2.871176029248808104e-01
2.417997396860296910e-01
2.455546162529046172e-01
2.046758022777891983e-01
1.409789856196466407e-01
1.186019056115318326e-01
7.226004382183000285e-02
5.802791804664242381e-02
5.998598100415952067e-02
8.013710146203747997e-02
1.053860880210693435e-01
9.589220943389717422e-02
8.159528586575046094e-02
1.132000321236566603e-01
1.416830207754536108e-01
1.508998994189946208e-01
1.461661303893966313e-01
1.376527432960523711e-01
1.042388430103336344e-01
9.724211713705979698e-02
1.200247421518174096e-01
2.084676366528711577e-01
3.183734577614906192e-01
2.650574848949250328e-01
2.211565557486788736e-01
1.614260165702258443e-01
9.564145150609872081e-02
6.082186543586002442e-02
5.472154471359071820e-02
8.982555017589011204e-02
8.828158879756159427e-02
8.471532378616790371e-02
8.780478109124618957e-02
6.707868072976323759e-02
5.454122850143713896e-02
7.762099495392538184e-02
1.376141760895900068e-01
1.859664330131838850e-01
2.099457822202272506e-01
2.072168404265068709e-01
1.654420399758758098e-01
8.513602999766423096e-02
8.295982984580586861e-02
9.835639744150587171e-02
1.229183754048592953e-01
1.169439251871766811e-01
1.054555748059142067e-01
1.021758846845708113e-01
1.119282569145183676e-01
1.148666961871901981e-01
1.028599955291934209e-01
8.702845102358018614e-02
6.655623715250193195e-02
4.194178714473558583e-02
3.830835413045899362e-02
6.029945704502265996e-02
1.212891127275339265e-01
1.969299256980554524e-01
1.761950217319064593e-01
9.546476362555487982e-02
5.775921710216651989e-02
8.029795117610205590e-02
1.644546235866993500e-01
3.043451342708848317e-01
4.749481350081879438e-01
5.111722167601346900e-01
4.793508409251862612e-01
3.964244045072533029e-01
2.959045230291727502e-01
3.042419157039736866e-01
3.260269360608166189e-01
3.248719407996585318e-01
2.830512792271994704e-01
2.144538040810953783e-01
2.073143375931064403e-01
2.726324978349877193e-01
2.360293764874092093e-01
1.414221412043834281e-01
7.892458428446258445e-02
1.041252593767707652e-01
1.238057723227675849e-01
8.589259845182457831e-02
7.023927004444921463e-02
1.096869174038447303e-01
1.013437449329836065e-01
7.053334699711774625e-02
1.025981381378251317e-01
1.377030928028975809e-01
9.837691596177967901e-02
1.262903764366315740e-01
1.791978656352262445e-01
1.799044432308909425e-01
1.971599704331852554e-01
1.898281839715065811e-01
1.429525940053445743e-01
1.113366091940779651e-01
9.293901222723496836e-02
5.335036326646094840e-02
3.803305836312602384e-02
5.434700029884120126e-02
7.778033717049349927e-02
8.583247079997842477e-02
7.481722837582192864e-02
9.050412612467297058e-02
1.024515633916945750e-01
1.136393685435479750e-01
1.291984059542783392e-01
1.247069585506002942e-01
1.003349219412623117e-01
4.460944747657819009e-02
3.729231658064367100e-02
6.850953942880587400e-02
8.336788335428881036e-02
9.862291629234838652e-02
8.453581812845815946e-02
5.622455007640767694e-02
3.936540652855585742e-02
3.059137125001347435e-02
3.188293749494780505e-02
4.800159429915073356e-02
4.872362162687859932e-02
3.764143677205174926e-02
2.817603391030258989e-02
1.961287750953088008e-02
2.160560960615784398e-02
1.748599714618261775e-02
1.317077115553271123e-02
1.920394293029694180e-02
2.951020628312310198e-02
2.865339144886579550e-02
2.050031859186195876e-02
2.801969230808296421e-02
2.732599976306413631e-02
2.189735555250830676e-02
1.698261395400630855e-02
1.585967588754636989e-02
1.922156860162902228e-02
1.901339631308294684e-02
2.291042083571912663e-02
2.372580590618550075e-02
2.455590902381717122e-02
2.432844936139601927e-02
2.857892903943650212e-02
3.826220679573812122e-02
4.416421373110050730e-02
4.459243955173428781e-02
4.344789433690966068e-02
4.255623922551927951e-02
3.928900524122591609e-02
3.298377165058122978e-02
2.455410031618256161e-02
2.013175506989636418e-02
2.295457486320935658e-02
2.475828934833600517e-02
1.808118265231634450e-02
1.237593314148745238e-02
1.034421664631206272e-02
1.074189200049884690e-02
9.183169783050046386e-03
7.988966341679632627e-03
8.859885080606160271e-03
1.147851902309459521e-02
1.197197151603945388e-02
9.673065153671698418e-03
8.171708950126938681e-03
9.358812218648969797e-03
1.538676966612285112e-02
2.615632817792621148e-02
3.409387044812118434e-02
4.147942227620704525e-02
4.121094880526276344e-02
4.180824390118714068e-02
4.341900810197805299e-02
3.698560946518913289e-02
3.385390771025202639e-02
3.964926569846465021e-02
4.952005984648043257e-02
6.027426881518432866e-02
7.392338686358780608e-02
9.672772694993068965e-02
1.305347599888455057e-01
1.722545206022609021e-01
2.341843955171595826e-01
3.129918300940276454e-01
4.131450533164127137e-01
5.181735012683057473e-01
6.966999781497252853e-01
8.100990080343845046e-01
8.969461502159186139e-01
8.206325620183507752e-01
6.417694555681670021e-01
4.715923292830156988e-01
3.114725455728237224e-01
2.151773492593316295e-01
1.425727613481724831e-01
1.101700280716123304e-01
9.001296445117032419e-02
8.068728147831427666e-02
7.710228759650972208e-02
7.546978652941351007e-02
7.608541613238366252e-02
7.636845488358356970e-02
7.725596875766438387e-02
7.774327176224588021e-02
7.838525683461132487e-02
7.879996535942229707e-02
7.912972753960588468e-02
7.932747123669448008e-02
