9.366575584773261243e-01
1.228401709532066066e+00
1.190593469333325771e+00
1.134947287409946659e+00
1.022072270543047168e+00
9.582708458027384690e-01
9.152705737999375923e-01
7.175460946091323233e-01
5.295010939412180262e-01
3.870881541802869696e-01
2.624598433556564747e-01
1.878296718321627312e-01
1.352303871258444257e-01
9.988045510947665684e-02
7.328133837940924156e-02
5.074013162849402153e-02
3.903735022312905534e-02
2.908222106961979095e-02
2.370203934395648249e-02
1.923800280695135700e-02
1.668637799861907856e-02
1.357410580986772100e-02
1.160606337598763665e-02
9.965510549860794390e-03
8.497727213136635135e-03
8.004414212425267974e-03
7.451114865028958187e-03
6.393021076056578170e-03
5.527624414940748507e-03
5.180092521905522128e-03
4.908143247432863489e-03
4.423182618114173022e-03
4.470457405830124444e-03
3.919322958707488654e-03
3.656473592135962587e-03
3.597720008389598042e-03
3.404442885041328130e-03
3.088570105372777461e-03
2.982429770836501817e-03
2.787672848413555275e-03
2.640437502257228682e-03
2.802944865068631667e-03
2.665658729714038330e-03
2.488657389819013029e-03
2.162194955732493675e-03
2.015632964554526368e-03
1.966643000257196298e-03
1.874363629586624572e-03
1.788932373728663490e-03
1.686137112796765947e-03
1.577233416582509958e-03
1.808690033131194570e-03
2.180078999072383641e-03
2.283203650313921779e-03
1.893881295220907869e-03
1.613731732080378066e-03
1.605088874475573291e-03
1.514452085019874937e-03
1.358743223772473138e-03
1.302383159911382152e-03
1.150544426062922662e-03
1.177974638280194575e-03
1.101290406322259037e-03
1.087273163274723098e-03
1.257147787587532426e-03
1.492064904070462567e-03
1.836378660214590518e-03
2.048945728444006870e-03
2.176062574480836041e-03
2.824548540771433351e-03
2.847697660465105945e-03
3.079161704942992399e-03
5.589149399474813325e-03
1.080557843799863013e-02
1.324354646224788074e-02
1.223952662117013847e-02
1.013462108236049333e-02
9.284913437944271666e-03
9.876541562755806331e-03
1.144616339207360153e-02
8.052175412649010405e-03
4.774476507896517966e-03
4.089829106266454524e-03
5.250793076263076710e-03
5.449605004228257228e-03
4.195304940013520542e-03
4.444954818519818857e-03
4.051860165092618406e-03
3.105591909274762249e-03
2.871472716205831100e-03
4.527521125689023054e-03
7.421008464800417544e-03
1.004930154118481404e-02
8.578768979356147031e-03
2.915922495625266481e-02
7.094037394684374331e-02
1.035425943415253514e-01
1.138309709172105055e-01
1.011502996391629161e-01
1.041574685912803055e-01
1.282114166262965649e-01
1.609156237640505804e-01
1.910163151985231900e-01
2.165283375498719964e-01
1.995450089654764447e-01
1.549216527732618642e-01
1.212652157277180759e-01
1.115476242799569306e-01
1.243397326580058249e-01
1.258913877622577782e-01
1.190079096862929481e-01
9.352241169637449947e-02
5.967990110783219504e-02
5.753003367763472736e-02
1.012644229904018089e-01
1.813321835109709401e-01
3.603358478628591599e-01
5.803713843655553539e-01
7.465367704285011952e-01
7.672402681801540059e-01
6.589672196619489331e-01
5.773889479172716888e-01
5.225594726868670881e-01
4.955484498328538989e-01
4.669546638155722129e-01
3.653057034053845964e-01
2.580349282989318760e-01
4.020717973656997013e-01
7.406379735840797895e-01
1.016269571453324971e+00
9.859557962222095240e-01
9.608338394334425825e-01
1.027634788070380001e+00
1.144110587742752871e+00
1.203522834833274047e+00
1.147154214733647981e+00
9.906760338016531442e-01
9.254696260628947346e-01
9.631806007319247964e-01
1.029949731949539871e+00
1.123061952672596231e+00
1.452359884310358895e+00
1.534733039758279904e+00
1.525274880968632507e+00
1.609654781075031682e+00
1.583826077750664085e+00
1.558589395790375365e+00
1.485151570283974154e+00
1.384153372787107816e+00
1.358816695029418042e+00
1.377114827508773898e+00
1.336401532806017922e+00
1.412005266472944554e+00
1.569874236777420773e+00
1.670999046813359756e+00
1.600994500280300992e+00
1.505847285440436334e+00
1.343410293501971386e+00
1.263495486244905486e+00
1.174209974083912256e+00
8.842330917638685506e-01
6.308410730866450544e-01
5.217872470534805629e-01
5.239373255992884060e-01
4.147273291607371792e-01
3.024522237796456459e-01
2.226933820071001491e-01
2.088220354102610365e-01
1.889948567608137064e-01
2.056171374449585476e-01
2.144744036547802657e-01
2.016009717059085993e-01
1.631575407712364534e-01
1.145784659895038582e-01
6.985951579663099431e-02
3.487146676382860133e-02
3.005519479781793707e-02
6.601447000082613648e-02
1.349604279261634454e-01
2.693502913529082221e-01
2.952683341504144243e-01
1.529332147691690458e-01
7.717001484360060115e-02
1.916803224050328824e-01
2.373125127814678936e-01
1.651849776486707666e-01
1.228628576235238218e-01
1.115074108174743811e-01
1.249674028236239104e-01
1.291003904667639979e-01
1.519202251148198957e-01
1.885475603926362043e-01
2.167472460134910184e-01
3.131664716146479455e-01
5.242027501547248391e-01
7.096813303392582872e-01
5.694311880422607830e-01
3.020179966561538087e-01
2.192196890824932576e-01
2.063074220728128294e-01
2.349511043839172253e-01
3.224689003140301380e-01
3.358242327009179906e-01
2.229658883148658566e-01
1.219815331176604956e-01
1.689891973780926204e-01
2.759060219944994286e-01
3.509930103709599791e-01
3.142089835638074424e-01
3.193995122712148804e-01
3.728132553395525628e-01
3.265721229967501471e-01
2.810127980910291368e-01
2.214284044009653118e-01
2.021707346560049912e-01
1.754624170938988703e-01
1.116372986309866477e-01
7.755941258356030543e-02
1.536774433003932905e-01
3.468207846620199875e-01
4.627232047196595532e-01
4.703150563770039372e-01
5.920680331559712295e-01
8.439497679778656947e-01
9.115254362622801088e-01
6.676686994771714456e-01
3.175648485586753389e-01
2.060652328536692612e-01
3.018723358753324093e-01
3.910264356493250437e-01
3.996707160169254425e-01
2.983230736515184445e-01
1.713369155874369942e-01
1.248080489552005901e-01
1.920962424243509714e-01
2.603354761463428924e-01
2.507370060427597802e-01
2.904733217951420698e-01
3.471076549722053040e-01
2.988740183079618973e-01
2.029252393991938797e-01
1.014864851077669772e-01
6.906980588951221189e-02
7.346859551963959289e-02
4.184086171931925696e-02
3.046131248576211537e-02
4.805578070583260697e-02
8.353273949437066415e-02
9.245773206425869639e-02
5.522044725397215470e-02
4.479290278328004749e-02
5.055257674607512020e-02
9.995691444065693543e-02
1.711089692240565785e-01
2.507011591037336395e-01
3.241464202287928642e-01
3.323754074494997823e-01
2.707280067882528174e-01
2.241934431283012230e-01
1.672704694136158687e-01
1.452412269763284081e-01
1.665286458160597782e-01
1.365961595804937589e-01
1.056103160340447489e-01
8.075190718061478479e-02
9.815582417397765436e-02
1.371891787996131762e-01
1.721486571217932249e-01
2.030588816094716365e-01
1.686467133060644275e-01
1.125488157099382158e-01
8.088944810407011632e-02
5.115498935382560564e-02
4.467027143052283711e-02
4.181857599147702914e-02
4.102233605750204432e-02
3.856281579945113058e-02
4.946570632469644152e-02
3.601863547782718777e-02
3.513713083961255562e-02
4.336736758498888761e-02
6.082466402342667083e-02
6.993762003342031408e-02
8.361533594300672723e-02
1.311898631694182471e-01
1.667463489700440893e-01
2.482748422126875854e-01
2.925405602716079079e-01
2.616150443465389830e-01
1.946295491309694980e-01
1.499986536928072378e-01
1.775995768555590493e-01
1.628919825235834729e-01
1.259959355323497510e-01
7.466913861817656151e-02
5.834990657797303748e-02
6.005570691289596058e-02
6.246207432498985385e-02
6.244029105310306554e-02
6.721767835188453832e-02
6.686306945503539545e-02
4.930820907306711354e-02
4.157326129370703810e-02
2.902716074187386766e-02
2.785170020257179274e-02
2.650639273302088025e-02
3.059769427362625874e-02
3.802072196863708758e-02
5.565294480163948676e-02
7.502430695453865539e-02
7.146780907300202823e-02
4.191824316904474435e-02
1.498703792236014652e-02
6.553004949440124904e-03
1.189582078980413321e-02
1.590854730185307236e-02
1.533539611969793499e-02
1.502932186207533299e-02
1.654562041010983198e-02
1.738299918992419410e-02
2.067079171836137819e-02
1.985164747786650336e-02
1.859074729047530822e-02
1.855520751730138640e-02
2.177404133256114274e-02
2.181323219742892922e-02
1.619796383339659404e-02
1.373156673549786461e-02
1.123929156634965489e-02
8.586389589606786832e-03
7.169097796871254022e-03
7.042372231351510733e-03
7.718052624051221708e-03
5.048853455012267295e-03
3.828858321486999870e-03
4.383997593810192578e-03
4.666984070241410668e-03
6.571897271318833007e-03
6.818786580816569610e-03
6.259627563555543624e-03
6.856936624235494999e-03
7.253477279067106591e-03
7.297918902012418343e-03
7.038470032438608887e-03
6.313530964831094716e-03
3.902947127242853767e-03
2.611052952008735290e-03
3.465327127774775820e-03
4.072859997024505345e-03
2.831087793794768558e-03
1.554794777829332595e-03
6.720503882916276832e-04
5.241387127842674293e-04
1.247446579649127019e-03
2.630391467036584038e-03
3.386160484373882187e-03
2.824511866207678971e-03
2.068774622485183845e-03
1.403466499328097231e-03
7.516404356202507344e-04
4.207422863856686429e-04
2.499575309414869351e-04
1.721535350250991516e-04
1.337795671410474982e-04
1.214018578823166836e-04
1.352039464908902475e-04
1.605518194511195785e-04
1.908912613065718656e-04
2.018943062272066124e-04
2.140091867989356170e-04
2.177288864224336234e-04
2.672580392563843115e-04
4.206590030445991175e-04
6.744547118128916196e-04
1.150607559135860330e-03
1.832962055452057055e-03
2.541171076671040665e-03
2.775543291767772810e-03
2.813790448040880913e-03
2.851249960982641697e-03
2.299466811354745985e-03
2.305428639704206698e-03
2.622393560807558584e-03
3.047110076883483530e-03
3.040006482613751091e-03
2.307812402032279660e-03
1.829069570094887104e-03
1.377458776243885600e-03
1.166033846849944466e-03
1.124648417955009371e-03
9.329945950050294373e-04
1.460397469309484284e-03
2.068972470968024214e-03
2.481585446466542250e-03
3.052353180217788012e-03
2.880588125514831066e-03
3.235410611597808617e-03
4.118904290740283032e-03
4.686427909823821271e-03
5.014103575094671326e-03
4.876699883229168586e-03
3.548778574184591628e-03
3.192391523553910447e-03
3.238718166128951980e-03
3.229131175036209587e-03
2.553756663251398155e-03
1.887619758416257416e-03
1.649414672918284334e-03
1.526509557362800557e-03
1.392007634597353626e-03
9.880893837624648863e-04
6.921850749558693117e-04
7.699487768648992413e-04
9.724379233670509383e-04
1.288619785654579117e-03
1.777430576156489471e-03
1.727401071287320384e-03
1.541254510358549190e-03
1.564456474053697432e-03
1.242114221713184596e-03
7.414109339477808385e-04
5.171683541267719933e-04
4.316675907701217861e-04
3.289866930288900507e-04
2.101286097753643620e-04
2.102132052723235003e-04
2.552344672001651818e-04
2.989632417960530865e-04
3.547309279814521389e-04
3.621125656475474019e-04
4.560029062653839205e-04
4.998955435468387066e-04
6.390457317753664088e-04
7.972117268973528915e-04
1.098315315444636005e-03
1.336374955678489018e-03
1.324572274939612515e-03
1.278066513729002708e-03
1.332396689814599987e-03
1.169724518390653127e-03
7.172844289807021965e-04
4.935702486624783366e-04
3.830731322296150577e-04
3.066197839366975120e-04
2.902599171359966103e-04
2.471469594545050029e-04
2.175577392701365936e-04
2.373143541884235159e-04
2.233509353712598115e-04
1.864391696133389938e-04
1.832523321833937882e-04
1.746173072708959682e-04
1.749636612511495514e-04
1.861374232128310555e-04
2.327177825179134918e-04
2.847590974770572848e-04
3.072803651942207287e-04
3.563115690011211200e-04
4.680190583789394518e-04
5.151882688664324557e-04
5.516338774108421649e-04
5.382057249656949397e-04
5.350425291812286807e-04
5.665100191621418122e-04
6.065465782646799718e-04
7.034948637728627354e-04
8.286934329804581572e-04
9.793489462548532302e-04
1.156393503212434747e-03
1.338618881683877786e-03
1.626733428872170848e-03
2.045528776488279507e-03
2.492071654076295512e-03
3.171663632541464432e-03
3.954632208618343546e-03
4.974486273146535090e-03
6.205989526680776545e-03
7.628176076459168391e-03
9.666078642207309723e-03
1.254920271334811731e-02
1.631889272178237496e-02
2.119951899499314049e-02
2.736077252396849555e-02
3.633507929859564056e-02
4.943339173328607783e-02
6.611576765215980422e-02
9.182047813652012558e-02
1.243560434948893928e-01
1.690721655349605723e-01
2.158702354803872792e-01
2.930440471030246186e-01
3.402128100494559715e-01
3.764476395130754161e-01
3.421196933700008103e-01
2.635984232840119512e-01
1.825841247430807224e-01
1.125328406310501655e-01
6.573310860741655992e-02
3.640632341437763375e-02
2.005091106616060936e-02
1.074967392717063146e-02
6.067801042571218523e-03
3.772083756736678822e-03
2.884463794722445275e-03
2.574093752405565757e-03
2.452685767724393628e-03
2.441263942510866602e-03
2.460450847950546027e-03
2.488519461711913728e-03
2.509789815365452790e-03
2.524696075145427092e-03
2.533955258637130437e-03
