1.098490821881504820e+00
1.261845701736773684e+00
1.238300392435941033e+00
1.118303591979076250e+00
1.053328050280753159e+00
9.671556025945619028e-01
8.392585289176365260e-01
7.048260889983438693e-01
5.402829855819871741e-01
4.109529414984695039e-01
2.927557055464026226e-01
2.012238889902454586e-01
1.445614887698554452e-01
1.021596514857870536e-01
7.515293679524659431e-02
5.478325191392428850e-02
4.311293074599541197e-02
3.144370401224586692e-02
2.511234525031428091e-02
2.092354376472015456e-02
1.727476750541142789e-02
1.452117663863820851e-02
1.325506147391702222e-02
1.180658767819209309e-02
1.017584687490237158e-02
9.412465039403289727e-03
8.543958249049320164e-03
8.136463275359672592e-03
6.863904906304085264e-03
6.309947407059199494e-03
6.014774108909146100e-03
5.344759033587180054e-03
5.211163006125887551e-03
4.909030758642489965e-03
4.825036430534323031e-03
4.421384558006296109e-03
3.956226989898812413e-03
3.887696632601552685e-03
3.733937855035314793e-03
3.403991776247857100e-03
3.140446775115256998e-03
3.218776905507434675e-03
3.243895040849149695e-03
2.976164805941432841e-03
2.813764682458619847e-03
2.569990556164219141e-03
2.344872001410836307e-03
2.213530525843621262e-03
2.091131951960964030e-03
2.112798639675952765e-03
2.060096192722884068e-03
2.041992597705872929e-03
1.893537499943847213e-03
1.842937914124915958e-03
1.806381044211486167e-03
1.709955289055970547e-03
1.613697123812270207e-03
1.559266404643439756e-03
1.559022644359307199e-03
1.519616306414770402e-03
1.487670610333793018e-03
1.440777332884058282e-03
1.505279510773843568e-03
1.455994842660636099e-03
1.388663232475481190e-03
1.350022488388047436e-03
1.271844621146641340e-03
1.268213975150337671e-03
1.232972433547747330e-03
1.257177873461543492e-03
1.367074669801514840e-03
1.416545845060376016e-03
1.337006975694992206e-03
1.252769661858340851e-03
1.198206214211422309e-03
1.195842621620808342e-03
1.120155795017906391e-03
1.001456701897668420e-03
9.720788840310426232e-04
1.023861447706545056e-03
1.078068089259224746e-03
1.150391201367221899e-03
1.192612532308340214e-03
1.371238223989390071e-03
1.583462912578774808e-03
1.767411097167532899e-03
1.658905882215763565e-03
1.446483950188644707e-03
1.193520271330097060e-03
1.086868056768075432e-03
1.057048099068298589e-03
9.917605575734608769e-04
9.651211354435128417e-04
1.021230939269609714e-03
1.152578483227611594e-03
1.219976678791276229e-03
1.229178169652830454e-03
1.346889717087575069e-03
1.627442951692652630e-03
1.690488915057576560e-03
1.564610300382238096e-03
1.393747662764546020e-03
1.280516813733487483e-03
1.228115326503396911e-03
1.130398093510161543e-03
1.170463246802042187e-03
1.304220135446451179e-03
1.514143599752751498e-03
1.840834910685782387e-03
2.157848219241952688e-03
2.574316718702587565e-03
2.844376040235373215e-03
2.871498875685268761e-03
2.422219092461248922e-03
2.156868609877034444e-03
1.846256956269849659e-03
1.786952692876897855e-03
1.740658509575710149e-03
1.733687961597874926e-03
1.779670486283765115e-03
1.788676394709007777e-03
1.895769484360492526e-03
2.049734411971362510e-03
2.108641397853612109e-03
2.101007989131277107e-03
2.217460548156839888e-03
2.457812907778984986e-03
2.860130693942276262e-03
3.493291387361918948e-03
4.012649618250736273e-03
3.911144961146442896e-03
3.722478957717309522e-03
4.104113641491517403e-03
6.134860799647220628e-03
1.157497935553741981e-02
2.213969312591486036e-02
3.797027842040856527e-02
5.671587259150823873e-02
7.453873626911208805e-02
1.054800932788265838e-01
1.411273403973486440e-01
2.380862236491713968e-01
4.149773431660969680e-01
6.758282049704931183e-01
1.055201814156920825e+00
1.524613623129888795e+00
1.951340416509565578e+00
2.400237043682999616e+00
2.905905382333354048e+00
3.433914294280057788e+00
4.272785810833910070e+00
4.538549698639089414e+00
5.530687095979759604e+00
5.968164867023899589e+00
7.886384894382717725e+00
7.732663091262957700e+00
8.813235612712841061e+00
9.179676365398027116e+00
9.289028361894127173e+00
8.812302639799652226e+00
8.574600465031998908e+00
7.638686118906732325e+00
6.889105419877744829e+00
6.915899049210491256e+00
6.410323593617446747e+00
5.180177757164805108e+00
4.013011102440743549e+00
3.267712749049905163e+00
2.566530124332304208e+00
1.980329808521926083e+00
1.631102593214373009e+00
8.069258501720715238e-01
4.362091439735122367e-01
3.086723176245625977e-01
2.335008809258203033e-01
1.538442351894038218e-01
8.650306158768199249e-02
5.849547231439411465e-02
4.719897085358829014e-02
3.886421857768651567e-02
1.970004629377859751e-02
1.019832482948011994e-02
4.910791332180163005e-03
3.265348031773556824e-03
2.845174413687053590e-03
2.670151244958379484e-03
2.449063273327641791e-03
2.324367419837330626e-03
2.066394766891697325e-03
1.809904708847238485e-03
1.574162106729569237e-03
1.391827069967903428e-03
1.288629786011201124e-03
1.228589582404552953e-03
1.121875641520374191e-03
1.078296672597587073e-03
1.012688551072104919e-03
9.239763014530355664e-04
8.930123269952426179e-04
8.888705704432605997e-04
9.459063542338168058e-04
1.043604403192672668e-03
1.150888098286688551e-03
1.122979450120898098e-03
1.058401412269989678e-03
9.674094684482838734e-04
1.031750968729906520e-03
9.457960024653567447e-04
8.012152136501739198e-04
6.367013426172979645e-04
5.552727343484640827e-04
5.749067142232072974e-04
6.930195199508131041e-04
1.018464734094286402e-03
1.280473260078016703e-03
1.466867423846515131e-03
1.386993930838904864e-03
1.372325679586025235e-03
1.101343471014050316e-03
8.298046495956893720e-04
6.021395571524100531e-04
5.085076694572278821e-04
3.897939275536436879e-04
3.159796627762029297e-04
3.473180036293722992e-04
4.657297481366756697e-04
6.759332325202552011e-04
8.302701902250673918e-04
1.128551958625328847e-03
1.109271410876059519e-03
1.357234724078213535e-03
1.270982841890786180e-03
1.185788512496795989e-03
8.947791339159503294e-04
6.206014156516911559e-04
3.497815268303452086e-04
2.620169267278606899e-04
2.983037850340923992e-04
4.790607665808016688e-04
9.284941929957907670e-04
1.267163776355724036e-03
1.883151277371831024e-03
2.230453844052000898e-03
2.290571682031871011e-03
1.339780876038713193e-03
8.810152252362022686e-04
5.696886923338274726e-04
3.420541548229069921e-04
1.952036019315800137e-04
1.515000195361085127e-04
1.987717011889154005e-04
3.211624220910333483e-04
5.781548976823759102e-04
6.354080610280485666e-04
7.897547623837447182e-04
7.499121601159962390e-04
9.944721755262098204e-04
8.242631372104131625e-04
6.955665523928164940e-04
4.957267973719306801e-04
3.794468937218345743e-04
2.419563936842294343e-04
1.849575514364611346e-04
2.210129262831277597e-04
4.080421952973334342e-04
7.531110883505336964e-04
8.147627301601063302e-04
8.269255953843978723e-04
1.105603773788794032e-03
9.204881858656118691e-04
8.289760654485653357e-04
8.942538592497874424e-04
8.394783840741838624e-04
6.400684300425886009e-04
3.215229268452813802e-04
1.391201556681069139e-04
1.873381488319786977e-04
4.793630007801911357e-04
9.536249962762086965e-04
1.282606853867225994e-03
1.417598755000990928e-03
1.202075443803908485e-03
1.267201270937316337e-03
1.514228677941535650e-03
1.467615475594297256e-03
1.206314372077250518e-03
7.850711684043684994e-04
4.366410055647300284e-04
2.367275547727756770e-04
2.090475356777857046e-04
3.577036948851683548e-04
6.682467334650036292e-04
9.912078896406567412e-04
1.307944404619528324e-03
1.129104305047219387e-03
1.207344539876339332e-03
1.247787603212116526e-03
1.294248741773881481e-03
8.640628008050385686e-04
6.157659097514063670e-04
2.906007636780169991e-04
1.686216453870824643e-04
2.091810467857841652e-04
4.265665622569134673e-04
9.718761301075697816e-04
1.309307639780229451e-03
1.585879939732924614e-03
1.313559252486391554e-03
1.079723557153169835e-03
1.179173113772020824e-03
1.276169441562286042e-03
7.155849415258898165e-04
3.821612874559877264e-04
2.209709540266437838e-04
1.907438774648734930e-04
2.142908881659753460e-04
3.775051105487534585e-04
7.594869623406828082e-04
1.027936237832206964e-03
1.192275212853454499e-03
1.011811415060185487e-03
8.474416175324797889e-04
5.762652641179567391e-04
4.991477540079309856e-04
3.805781068240891396e-04
2.955455567801558653e-04
2.117751403280783787e-04
1.353528639288660422e-04
1.206893437154218430e-04
2.545371810462210304e-04
6.014227045145410008e-04
1.134717625901261306e-03
1.882632482450249424e-03
2.761642714974470603e-03
3.086100223989757772e-03
2.831245820593210599e-03
2.570273088978852587e-03
2.252016569162580261e-03
1.603319052567939119e-03
8.647816095147018529e-04
4.094495381736311911e-04
1.794151655096555033e-04
2.374059318555175760e-04
3.701796147034011847e-04
5.775200944174368545e-04
8.695446542041040646e-04
1.191274382349992791e-03
1.468984584351639561e-03
1.396661117146989588e-03
1.243101310049584676e-03
1.000778765735592249e-03
7.173859850721194323e-04
4.151782604626031879e-04
1.569688144622549144e-04
8.361982992686427913e-05
1.645240328364579846e-04
4.443005211711064458e-04
8.411096322834755090e-04
1.304643318581179745e-03
1.375457361757467150e-03
1.561310961017424925e-03
1.554824632466252987e-03
1.754959499102923433e-03
1.888983372488435824e-03
1.524214708326197040e-03
9.877934150295086379e-04
4.894454340500443068e-04
2.313657056079729073e-04
2.945301624702821152e-04
5.423924372256402893e-04
8.371837866476770354e-04
1.085859550671229318e-03
1.122145741157361569e-03
9.479241712594811513e-04
7.479362131413907567e-04
6.143286185669405387e-04
5.736697904041107186e-04
5.025460914958951525e-04
2.989597503928171198e-04
1.298409720295238645e-04
7.143340314237686792e-05
1.129398277214246286e-04
2.941283556863982492e-04
5.841912098193324451e-04
1.053846036369819258e-03
1.311968827194292609e-03
1.533148893102383517e-03
1.557176179150352715e-03
1.458212534489584065e-03
1.249334662419760052e-03
8.874272380819128942e-04
5.071763468700537549e-04
2.589407682388946840e-04
1.144638457023326993e-04
1.332608480842668028e-04
2.783326197902962385e-04
5.844522933010121201e-04
1.046140319050731888e-03
1.406252559607566429e-03
1.477682543219281967e-03
1.300481786799398236e-03
1.082213245729056949e-03
7.810648509337854992e-04
6.499264087569412698e-04
4.727352710072383582e-04
2.601554209313834231e-04
9.506854504655165279e-05
9.716166637661643091e-05
2.611616179877615388e-04
3.883694178045209687e-04
5.421422448309107679e-04
5.523691655717015685e-04
4.733832133418641578e-04
3.311960477735549331e-04
2.960910833223122200e-04
2.001148039373743155e-04
1.830369524423169914e-04
1.848642613985061094e-04
1.083748611496261795e-04
5.966553404397269858e-05
8.978132741111475353e-05
2.416362846528133802e-04
4.477084770328299619e-04
6.627619913639708335e-04
7.468115670921434291e-04
7.282230436265756156e-04
5.510238794338518991e-04
4.724805493929833664e-04
4.486948694961779898e-04
4.231503308535750183e-04
2.833829959101725180e-04
1.739500037587458372e-04
7.666049390686193008e-05
5.791721447595233284e-05
1.001414358777512261e-04
1.571853292343514856e-04
2.181433692583100337e-04
2.784821189433733606e-04
4.413743608592642022e-04
5.701734135471436772e-04
6.653640857898701026e-04
5.600727775060190946e-04
4.018103986180487290e-04
1.769196226478261661e-04
8.238810518473925308e-05
4.809042980607094439e-05
7.809555547278379441e-05
1.898044300302832070e-04
3.383241631784651877e-04
5.848772247555296486e-04
7.433740197547676880e-04
1.018016772243314928e-03
1.218957624794422476e-03
1.264116920854259840e-03
9.994737443189381527e-04
9.041789140394413055e-04
9.920075659373627733e-04
8.975869004697482672e-04
6.939991650650404603e-04
4.183513049425583667e-04
2.537859940504714638e-04
1.957229945423639441e-04
2.035158304605873205e-04
2.410172909119142140e-04
2.903976254523349615e-04
3.391121040289994193e-04
3.855640577758605628e-04
4.180664136750255819e-04
4.459794339048292152e-04
4.968015457133058725e-04
6.221850069125786165e-04
8.298563305010182812e-04
1.077004319044770966e-03
1.424965095118711994e-03
1.846320692942555151e-03
2.438177894257943443e-03
3.206811279380155245e-03
4.090324809580148796e-03
5.113921501553275045e-03
6.234953331069667884e-03
7.739920020158435644e-03
9.739621595454318187e-03
1.175883536569150185e-02
1.476896338271101172e-02
1.920230528694098424e-02
2.497310410179960291e-02
3.417473117057242410e-02
4.589904164034212808e-02
6.207448599711792858e-02
7.885394446539042979e-02
1.067729102921274320e-01
1.235463777936539609e-01
1.366172699163954729e-01
1.240066012709205856e-01
9.516089641383006226e-02
6.606222689267624015e-02
4.056221735464173028e-02
2.375056756473299668e-02
1.310186766789207986e-02
7.175163866643557292e-03
3.726321168743137405e-03
2.128593246427841913e-03
1.297862426230918069e-03
9.692679078759387085e-04
8.410217677495588707e-04
7.969414142327323290e-04
7.960559849354814210e-04
7.982612505506829362e-04
8.060320988436353541e-04
8.116320373383701997e-04
8.160808678708247454e-04
8.186536713848409754e-04
