1.402287389894346707e+05
1.315101636952487024e+04
5.442895718854695133e+02
5.805654508137723013e+01
1.644078400001870932e+01
1.370837409366024495e+01
1.369076067762188131e+01
1.348671356729377990e+01
1.618425679416196061e+01
1.451437651989473920e+01
1.656386899787444378e+01
1.399122228450148064e+01
1.333126402547039824e+01
1.114490801978325862e+01
1.070500029522536600e+01
9.842282220826671590e+00
8.891877608354045393e+00
7.523378186647801336e+00
7.139988800046440431e+00
6.622556496062604658e+00
5.835531271595487901e+00
5.281315297865109670e+00
4.882037436634251826e+00
4.866517855429276729e+00
4.024141943102367058e+00
4.157926318225859674e+00
3.758792798949914804e+00
3.767320217236285629e+00
3.219554819914836497e+00
3.180523664416313068e+00
2.955418206329124331e+00
2.868953716075589799e+00
2.657934385387636933e+00
2.469011627926064545e+00
2.413644813775833509e+00
2.319350793425736246e+00
2.152320514851325139e+00
1.957470174542979224e+00
2.112224309239896680e+00
1.917460109159275117e+00
1.948107535127880707e+00
1.669809493309120096e+00
1.582703910194094510e+00
1.279010352060634181e+00
1.298925098857236282e+00
1.117573002790111403e+00
1.203159631808772723e+00
1.127677878495982888e+00
1.271881912228820966e+00
1.133068666543747494e+00
1.139304051575211529e+00
1.019224282857840169e+00
9.037423485730525785e-01
7.983647808171285831e-01
1.125541617572346498e+00
1.281518195401031956e+00
1.494163115560991351e+00
1.965392407164157751e+00
2.274881582777598332e+00
2.498351887820247530e+00
2.263430338969635525e+00
1.547891118730011506e+00
1.072018239455199584e+00
1.138114456909664174e+00
1.172896182365115392e+00
1.510767411785234327e+00
1.435534118306960760e+00
1.601679820760405493e+00
1.817214780771844396e+00
2.334656652830958468e+00
2.436911814756312911e+00
2.359764665710622378e+00
1.801989672635449624e+00
2.683419824869023973e+00
3.217876150496449483e+00
4.241444271984778247e+00
4.229683191774845419e+00
3.996581489463240100e+00
3.762887597843508569e+00
3.898010036782952881e+00
3.638123326256123224e+00
3.535948297969579546e+00
3.558993174266677606e+00
4.075410199536000810e+00
3.781277900361891486e+00
3.238239072564846222e+00
2.926926122379159168e+00
2.142156451733438605e+00
1.964053745083261804e+00
2.185810694162289458e+00
2.867301156152078256e+00
3.215202610984590592e+00
3.061102984786912895e+00
2.619816074128843209e+00
2.873880763904725466e+00
2.210172228661894778e+00
2.120845339393903295e+00
1.852293387473469055e+00
1.683966007980282509e+00
1.814589615056290572e+00
1.313288381941080551e+00
1.245229471955123568e+00
1.286834246500527357e+00
1.637449810397377137e+00
2.056833898248429549e+00
1.927927505759012172e+00
1.908199516385601147e+00
1.197369220391915734e+00
1.333122581838408927e+00
1.597038419782809804e+00
1.934363285906473884e+00
3.174921588506115278e+00
4.176704090462253660e+00
4.321774153492852655e+00
5.080727355471824858e+00
4.863686933282672875e+00
5.750021945345723751e+00
5.313934923304948654e+00
4.745035978494868800e+00
3.341975713103353840e+00
2.407512049209200811e+00
1.538319761216837112e+00
1.518131069512595577e+00
2.539607110430258885e+00
2.401407299936914264e+00
2.067666159415790794e+00
2.206836968724185333e+00
3.228173155329592703e+00
4.776229401500709848e+00
6.637326072197119231e+00
6.018863216268093730e+00
6.236315463774449341e+00
4.700239032433825237e+00
5.144585488563290454e+00
3.904785267154921691e+00
3.354052073450012106e+00
2.933557366038888947e+00
2.319245886952967073e+00
2.033003578019735968e+00
1.963809832615990736e+00
1.689452333435959908e+00
1.226616219154780696e+00
9.087552363530260191e-01
7.541608604338490007e-01
8.393642648182108035e-01
9.308130479608586194e-01
1.285594519769648780e+00
1.198649070573316378e+00
1.139003478812167680e+00
1.028769009190124928e+00
1.355545937678142687e+00
1.504522783358756888e+00
1.609735319200659154e+00
1.523513143241424173e+00
2.605768105602257467e+00
1.953723500041521621e+00
2.278229153335488810e+00
1.953870262553925263e+00
1.829014958114641987e+00
1.636871267297462795e+00
1.381546203611224266e+00
1.958981856805521504e+00
1.304412839816045278e+00
1.854985066286540363e+00
1.958948480278670301e+00
1.416881562854303889e+00
1.364164555904370468e+00
1.339863232900230017e+00
1.443847183523956801e+00
1.091731511897650719e+00
1.493006709622457961e+00
1.286640832778275678e+00
8.133733311880417816e-01
9.802407516610517346e-01
8.672445062311141539e-01
8.834957743936815433e-01
9.853319741149439981e-01
1.263528081491453570e+00
1.384181909328374704e+00
1.710977769665755099e+00
1.731705112923577428e+00
1.497313586559588128e+00
1.704783277501505934e+00
2.254393118291961429e+00
2.122048198121325946e+00
2.715580200088707929e+00
3.644721148328656568e+00
2.952862316206389171e+00
3.504843935070241834e+00
4.301498753942533781e+00
3.420539807497828377e+00
3.834222832539478265e+00
3.356999386694789589e+00
3.070360810282975361e+00
2.474001900074925597e+00
2.176700131110956615e+00
3.301734520168982279e+00
1.822150575296615171e+00
1.157138895705052128e+00
9.434550726229568030e-01
1.078068472049302562e+00
2.227582638087027167e+00
3.795135290845149001e+00
3.773159337211216879e+00
3.740164282698656084e+00
6.417950656058417636e+00
5.144683592089290158e+00
9.368657645943587298e+00
8.118611085658111293e+00
6.515091573823928783e+00
7.277407918545902632e+00
6.889862076140658154e+00
1.006539724775506706e+01
1.212363785547559125e+01
1.073104141802983058e+01
1.000425619729592697e+01
1.125187842403310512e+01
8.635626313672714716e+00
9.981810031258920191e+00
9.468953227243760651e+00
6.944869281145136242e+00
7.111630199614874748e+00
7.311114127038455202e+00
1.412080915831708516e+01
1.228876832454911927e+01
1.071323771675622893e+01
9.370107069671211875e+00
7.573490396202306130e+00
8.102930062056787008e+00
6.395816346625941229e+00
5.401544861221125871e+00
5.514066806388296271e+00
6.971913792619408134e+00
6.124882572129066283e+00
9.863158367078371569e+00
9.479031637614586003e+00
1.120274269190862704e+01
1.293171352322041656e+01
1.539498111387187862e+01
2.016587277811271406e+01
1.756656101085384236e+01
2.393164883786132791e+01
2.200609998216716789e+01
2.367418749418122914e+01
1.910249631752909139e+01
1.409140045339032454e+01
1.202109054299599045e+01
6.597850800861743359e+00
8.500609596843634819e+00
9.827328380461757718e+00
1.116088648495066060e+01
1.312220068459891742e+01
1.512286114606514076e+01
1.237945450011563153e+01
1.458133520060259158e+01
1.205525108586341076e+01
1.172519992909364639e+01
1.171439194688841212e+01
9.368856635044222614e+00
7.409965973927877592e+00
8.564227558197751833e+00
9.959244661761738726e+00
1.336028332547958719e+01
1.428280914668953905e+01
1.989743392610943573e+01
1.622106049371528513e+01
1.405908043653415618e+01
2.251200165395566088e+01
3.535249618218675494e+01
3.296349587918364676e+01
2.756289756943357361e+01
2.902107392434359312e+01
2.811838535646901605e+01
3.413985617867422206e+01
4.732915979419863106e+01
4.802516917773235861e+01
5.038826002247354552e+01
5.154789504007896994e+01
4.950211610384689465e+01
4.272818460452958789e+01
3.080049607630406072e+01
2.036814540561446307e+01
1.418535583017631296e+01
1.372845510622179965e+01
1.433533438588154674e+01
1.800539297976009223e+01
2.392116932320579181e+01
3.365507498730119096e+01
5.065062898750186804e+01
5.922260960589877499e+01
6.933443899482698214e+01
6.429277009878174454e+01
8.769614552933667539e+01
5.813002446858693162e+01
5.951407242687637478e+01
6.172374157470736122e+01
6.669902116306816708e+01
7.568187727362595751e+01
7.713836397597721373e+01
7.983103848844437778e+01
9.975155856632362372e+01
8.826380468851397154e+01
1.052067871889929478e+02
7.488136950024430405e+01
6.375983407086713584e+01
4.849396594500941404e+01
4.302439035292711367e+01
3.287362167863197016e+01
2.972728228754985125e+01
3.722160195838115726e+01
3.985643085363815885e+01
4.825180750664758023e+01
4.982471157419021779e+01
5.150556566513763102e+01
5.291874288519746017e+01
5.425845622934327395e+01
4.946121997314657648e+01
4.839075601477042454e+01
4.406654351042323725e+01
3.727656439513148712e+01
2.410643043275052122e+01
2.314347566916246279e+01
1.454563461208468667e+01
1.297482524506347445e+01
1.240133690027658275e+01
1.130351348298251679e+01
1.046810231702932725e+01
1.320802672107864062e+01
1.507811795579557668e+01
2.323392837394573718e+01
2.716496116237910741e+01
2.545107036225778785e+01
2.823803157049896839e+01
2.687831409193642784e+01
2.049845909696148638e+01
2.287326605006858316e+01
2.030519945473178112e+01
2.061682460490605706e+01
2.468609901254374250e+01
2.594846727395507102e+01
3.071157729309160800e+01
2.462952666787992229e+01
2.191371253452023993e+01
1.817068047544751153e+01
1.766829741658645503e+01
2.374116047567420296e+01
2.510858213207706058e+01
2.868941587851640662e+01
2.716521424562840892e+01
2.123477423224364813e+01
1.359033152941573341e+01
9.926141406394005884e+00
7.896447771374794478e+00
8.479484172295137512e+00
9.106364648796088090e+00
1.186203470106859648e+01
1.347741191882236400e+01
1.252821630047964696e+01
1.128505915760931089e+01
8.844198057472700825e+00
7.356446776291090117e+00
6.948277275865208047e+00
5.866730662885657033e+00
6.148247776820650046e+00
7.930646133758846972e+00
6.581224240592955965e+00
1.012905009154924585e+01
7.728305338259221280e+00
8.567267338370184504e+00
7.748533313393159538e+00
8.436907312377483592e+00
7.182294461745861724e+00
7.999410314729322735e+00
4.837261015264491704e+00
5.340099629090865996e+00
4.325568810409196274e+00
3.461249758558713197e+00
3.224737696599732750e+00
3.736336845705291232e+00
3.213811319943124634e+00
3.421943983295428371e+00
3.712553813085393006e+00
3.539491109376741829e+00
3.297395990211219541e+00
2.331473639607477999e+00
2.887726698342131471e+00
2.091106306225920086e+00
2.923649946649080178e+00
2.377516625823813179e+00
2.989844161898922437e+00
3.126977189103615551e+00
4.019951619275575538e+00
3.204558853358654424e+00
3.950065910553467674e+00
2.978115670751654953e+00
3.609062229359446317e+00
1.993839152796306635e+00
2.457566749561653552e+00
1.332713686337368975e+00
1.324897406661253774e+00
9.540252636560624389e-01
7.365057829869270378e-01
7.103039553646038895e-01
9.704310892717729065e-01
1.189531344737178697e+00
1.070621425478024857e+00
1.314016864645340732e+00
9.047941368628332759e-01
8.844143949969637264e-01
6.779788146766404511e-01
4.822072478116963823e-01
4.681088891620895920e-01
6.511352508869211464e-01
9.499154043327940888e-01
1.265820673592339851e+00
1.514970379524431809e+00
1.529500831434130514e+00
1.353328406166106834e+00
1.354758789151594200e+00
1.287425134942368876e+00
1.190393297662726724e+00
1.292529700826255068e+00
1.238387454605324178e+00
9.631360459652600348e-01
6.950632554105159455e-01
5.825384750694605485e-01
6.522244208046343861e-01
7.558306761925849271e-01
6.420721224032864827e-01
8.425781574038144761e-01
7.127566429083055377e-01
6.901643757746547259e-01
5.496938144491652078e-01
5.150423311340731614e-01
4.707524727423005317e-01
5.270256056623043861e-01
4.789742993199265220e-01
5.816210101208439953e-01
5.805328849718102147e-01
6.625280463551109777e-01
6.870618946932038895e-01
7.686831392655183448e-01
6.340682028903403822e-01
8.456229172325800958e-01
8.894316994137491106e-01
1.076139100175189878e+00
1.337592713725961113e+00
1.463112955300629903e+00
1.914455903835348805e+00
2.305230116997031953e+00
2.416655011208247217e+00
3.399536492794549947e+00
3.510806085756370987e+00
4.926436611137308574e+00
5.895186904262055272e+00
7.603170050651462120e+00
1.026363196818962820e+01
1.309198190647578741e+01
1.794002281185984771e+01
2.384210145360232147e+01
3.095529052647200174e+01
4.586825764780512316e+01
6.355553729127164786e+01
9.023635582053729820e+01
1.344789222843560594e+02
1.864679283371497434e+02
2.838930136809479450e+02
4.131755256092151285e+02
6.017839149114092834e+02
8.906610134461974440e+02
1.334582832023604396e+03
2.151798449363786858e+03
3.347877508533936179e+03
5.415185096721636910e+03
8.852130032079518060e+03
1.433613670450026984e+04
2.337221560786812915e+04
3.790588500010579446e+04
6.344673629380750208e+04
1.113812042965014989e+05
1.952321105666072981e+05
3.473056963198613375e+05
6.218647103925147094e+05
1.151264972071936354e+06
2.221462297133264598e+06
4.257968902709903196e+06
8.589214620292017236e+06
1.719288550428016484e+07
3.493409612034296989e+07
6.808469550213509798e+07
1.434244106134728193e+08
2.642930659939253330e+08
4.735700812147442102e+08
7.157383095847153664e+08
9.364817875502089262e+08
1.140760427153058767e+09
1.274056821135490656e+09
1.387650327600367308e+09
1.492837668328291178e+09
1.586474690904028416e+09
1.677176223691181421e+09
1.768269659002074718e+09
1.853893643612204075e+09
1.937244387817798138e+09
2.015865230673897505e+09
2.088694078943682194e+09
2.154554797006901264e+09
2.212766326055387974e+09
2.261814501502105236e+09
2.301041105709724426e+09
2.329627137327513695e+09
2.347014183816770554e+09
