8.454252595764360182e-07
1.187489546891625892e-05
2.720065286291668458e-04
2.936000775789626357e-03
1.495771314309256132e-02
3.794083721597552722e-02
4.877583321736898153e-02
4.090717434423808002e-02
2.771953597813966302e-02
1.963650701235446563e-02
1.453164968372306666e-02
1.137349558963364482e-02
8.435388905953786209e-03
6.637445538354149084e-03
5.519707207153610670e-03
4.504492976931229187e-03
3.924899964250850963e-03
3.500181346627182898e-03
3.277177595520507514e-03
2.910841335917537659e-03
2.739705505331300941e-03
2.503265405501203539e-03
2.387900225914964345e-03
2.264910785565970534e-03
2.218955496100554186e-03
2.142432919885002042e-03
2.081228226238286422e-03
2.004719100657055032e-03
2.118831028312152375e-03
2.112287452703200466e-03
2.087581593741636397e-03
2.250852615735696172e-03
2.404381800825127705e-03
2.459076050450832458e-03
2.515773939440153935e-03
2.502895083609436855e-03
2.608513701466863566e-03
2.716525325390751686e-03
2.881293044404186973e-03
2.861473969568468275e-03
2.850630691476512598e-03
2.644143924052302398e-03
2.618495073446219356e-03
3.143025504664782865e-03
3.930053922393277402e-03
4.776930238974379760e-03
5.152232876244488939e-03
4.863037934663497382e-03
4.561682553524445093e-03
3.568920065102906304e-03
3.772457595066564060e-03
5.975907678490204912e-03
7.033617120156949315e-03
5.835738826256705453e-03
4.725770928752283211e-03
5.370925560917378001e-03
5.232095856233393190e-03
5.170799542893537645e-03
6.843575911279236278e-03
9.829690768916585220e-03
1.118768662669270171e-02
1.022494062733337802e-02
6.246012675644983976e-03
7.052725606755253819e-03
1.510444918873408461e-02
2.399453485372035275e-02
2.808652178889105289e-02
3.887670040463300780e-02
6.105780670381058539e-02
7.507154353641898314e-02
6.730625565906207808e-02
7.489115391201987826e-02
8.980639717283635248e-02
7.794238761023190853e-02
4.901347358471747767e-02
3.321138153779726321e-02
3.683259606544355552e-02
6.404649921635970078e-02
7.536167586263012308e-02
6.846717570304243494e-02
5.195575206006990132e-02
6.415959479362728923e-02
1.162727545631433018e-01
2.424181265734613455e-01
4.646000869644281162e-01
7.002051739882125814e-01
7.761912283203621366e-01
7.388645441852391693e-01
5.652814701690055399e-01
3.620457942825182629e-01
1.967538640824034457e-01
2.656961186431480160e-01
5.431095976119953983e-01
7.735639055166326772e-01
7.700796234455127287e-01
5.230821929824300831e-01
3.086252849376339702e-01
3.173303560419329372e-01
5.729272628310930759e-01
9.734490882327812011e-01
1.297537695275729375e+00
1.378499986925625587e+00
1.337889847526452458e+00
1.107260506646858822e+00
8.146036839240594629e-01
5.653936286960846713e-01
4.566456268923469453e-01
3.538691769988760449e-01
4.703443763523832977e-01
5.946370010294390607e-01
7.654330265748433559e-01
8.800678050129686625e-01
9.992696574517253572e-01
8.429241676948049378e-01
7.779144592882902831e-01
5.792821749376168006e-01
3.699674791779442584e-01
2.182507728927183810e-01
2.633386204810724274e-01
7.014266721206525723e-01
1.253414858147020139e+00
1.734712100714200123e+00
2.116029267059783781e+00
2.236445604268220588e+00
2.076259462005443535e+00
1.728722466376663602e+00
1.468025852563962674e+00
1.183169632227259127e+00
9.020145684520085583e-01
6.729959389720995278e-01
6.565219347946765760e-01
6.178926009694518662e-01
5.398100347476175731e-01
4.280645522463359387e-01
2.866832490010592371e-01
1.416263323217652748e-01
7.806870433028728629e-02
1.310425884360188475e-01
2.323178563004050790e-01
3.045421126947604473e-01
4.261305430028790586e-01
4.041567721049751927e-01
3.554195733053480688e-01
3.592472750072077670e-01
3.870395290899840690e-01
4.188630565660361738e-01
5.409169610457572608e-01
5.381337220601486449e-01
5.312033241476978862e-01
4.609796741558263022e-01
4.094758857023355070e-01
3.223117523020621045e-01
2.599757509529302402e-01
3.097110945110678748e-01
3.375732425311219198e-01
3.647093789798581676e-01
4.554525837513170305e-01
5.265366183412785173e-01
5.420764157157504926e-01
5.899502232495746901e-01
7.351500787725495645e-01
6.830751817082496569e-01
4.761408698330503730e-01
3.193195005965425159e-01
3.042620483099310880e-01
3.618770686665678804e-01
3.386128047710805777e-01
3.275552784455418864e-01
3.765705836720328881e-01
3.925478038804962599e-01
2.988467090963949913e-01
2.926440861386934156e-01
3.697949844995218616e-01
3.220051539376418970e-01
3.434051400467759141e-01
4.631137036148809671e-01
4.825477696647260117e-01
4.453904619372814899e-01
3.773608548921696393e-01
2.401305113829020066e-01
2.752211468834865893e-01
2.326248730426049849e-01
2.673058522411591587e-01
3.530912682927270785e-01
4.324237410160029493e-01
5.113668046076124130e-01
5.067590957761953785e-01
4.219056228694219590e-01
3.354417370556105893e-01
1.961316406405372581e-01
1.031096197286638927e-01
1.510967902808263985e-01
2.210082992048550132e-01
3.151121873835771581e-01
3.942878231634754371e-01
5.015460798176200052e-01
5.623939083792148796e-01
5.766446816389946273e-01
5.210055670321244170e-01
4.012147815239781035e-01
2.788705520619552680e-01
2.598597751171122239e-01
2.387307025125018078e-01
2.535685603174378522e-01
2.480377989188492505e-01
2.497987494527561803e-01
2.788922902024872919e-01
2.225932867638426849e-01
1.360795699165899264e-01
1.771835345756264946e-01
1.270648362196704073e-01
7.684120127447202631e-02
1.093236074884515047e-01
1.235153805953562584e-01
9.694197041993893316e-02
1.106111862274303664e-01
1.393856783213620054e-01
1.448823961639904290e-01
1.324045173517345853e-01
1.304241881581697515e-01
1.342159939439136751e-01
1.117786260007636034e-01
1.087371644285301947e-01
1.114462059516083126e-01
1.125111960482921558e-01
1.151510594190457426e-01
1.207770201071342309e-01
1.221971664757629666e-01
1.250256030585622791e-01
1.178702576345111719e-01
1.104863013785302023e-01
1.087875824285518267e-01
1.101947396793464679e-01
9.346989857153915893e-02
7.682546888104922755e-02
6.309084424499122878e-02
5.345878288647375187e-02
4.322519996135273240e-02
3.028425679953179392e-02
2.140887675344083779e-02
1.581668953345400155e-02
1.102754584162035124e-02
7.158271231274355474e-03
4.119525496906879976e-03
3.045337418720291036e-03
2.600265471831725642e-03
2.727312081254697814e-03
3.259903602488987712e-03
4.408972202581020253e-03
6.319193712232752669e-03
7.945338719541809522e-03
1.211150454636836585e-02
1.810252330023699729e-02
2.578435792177147939e-02
3.324412407412549730e-02
3.403453471014473986e-02
3.444915658518252211e-02
3.601526960471918004e-02
4.023545168536592220e-02
4.675975280727261846e-02
6.146764154576379174e-02
6.605809435275811214e-02
6.273170471676847715e-02
4.862212299573554636e-02
4.392943629536866929e-02
4.766283265470182273e-02
4.753640890035668726e-02
5.721896661759524189e-02
8.378101938840389062e-02
8.724329376215923804e-02
8.967288809868805000e-02
7.438575566422822583e-02
7.381608261547770167e-02
8.200401079898007872e-02
9.441973060260719364e-02
1.289768104869601639e-01
1.645122309528896098e-01
1.723936795333262384e-01
1.773276755191341703e-01
1.567751742742641841e-01
1.074272458355452209e-01
7.102577267839221831e-02
5.183061209229962440e-02
4.408874223232937817e-02
4.523948041756072763e-02
4.981851411028744014e-02
4.163063926310628382e-02
6.152015645143241868e-02
8.056357417598539183e-02
8.178484437147939823e-02
7.306057039230365313e-02
6.769399531336471598e-02
5.465830098520534780e-02
4.212109892881532591e-02
4.309167119437588150e-02
5.729976720225731651e-02
8.594183247208843357e-02
1.101350931310287468e-01
1.246307519924110957e-01
1.339892888410506022e-01
1.212704482585221510e-01
1.175104334878987744e-01
1.032977752730026011e-01
9.253649940700287013e-02
7.658189348157971865e-02
5.524134371537222504e-02
4.681454042843455343e-02
4.051184039109795298e-02
3.114641154825465580e-02
2.454253011163614120e-02
2.172619716923156197e-02
2.027769281022398506e-02
1.918652314191873764e-02
2.409534221549345517e-02
2.674301140354918074e-02
3.002974823813818819e-02
2.547078065397215263e-02
2.010221636893505526e-02
1.576965307664168758e-02
1.253010057563187091e-02
9.185655536086372377e-03
6.724291650282743747e-03
4.280638691269876214e-03
2.988300685655296152e-03
2.312284506545254480e-03
1.791468519283149954e-03
1.744235340250972809e-03
1.578786174252236330e-03
1.307646964388692584e-03
1.183843984105225223e-03
1.242433419581289019e-03
1.150993818335939271e-03
1.098398096721329509e-03
1.338469976115272929e-03
1.712479791988328042e-03
2.089142413085388807e-03
2.566149625735492708e-03
2.880315344437384475e-03
3.160688513994684527e-03
3.504909318391742721e-03
3.506531162604434055e-03
2.823505809150420737e-03
2.787285315097550939e-03
3.244068367852486444e-03
4.182638589998973963e-03
6.006226512290967386e-03
8.962350721867346284e-03
1.172591106302353810e-02
1.321753473628648444e-02
1.444715420748978255e-02
1.608733398821593497e-02
2.017038260596063642e-02
2.049335911131161536e-02
1.499264114975588924e-02
1.399706408509479409e-02
1.218618535065965625e-02
1.055347629416247476e-02
9.751936256284572668e-03
1.077729323916336301e-02
1.300422455849160712e-02
1.005450406346723377e-02
7.307998816019731399e-03
7.047624577233837714e-03
7.097211909985116744e-03
6.939856078965229644e-03
6.270335992126886866e-03
5.424463150486182571e-03
4.773481036602473214e-03
4.218621717447929714e-03
3.668816207173288598e-03
3.130391017687445855e-03
3.157212250859260400e-03
3.739187747059600098e-03
4.020162057298027301e-03
4.489218506698574272e-03
4.975814375869944822e-03
5.806135325080509849e-03
6.643379898732684231e-03
8.435971251894359979e-03
8.826694109789303896e-03
8.594804092186415778e-03
7.521176108696446018e-03
8.055406090952735992e-03
9.034455586231634680e-03
1.134588636522346379e-02
1.297131684631137177e-02
1.568949798967674350e-02
1.501689031094892955e-02
1.552741795132960533e-02
1.727457307265025874e-02
1.865587251987835954e-02
1.788846704702498625e-02
1.613002154474455288e-02
1.542855116213771513e-02
1.784880889637818421e-02
1.635804185036748154e-02
1.334264896953125772e-02
1.282643397410086067e-02
1.332253425812617714e-02
1.805906599960428738e-02
1.781281763878266380e-02
1.501498462956595351e-02
1.364837473879739610e-02
1.600925436475751293e-02
1.787043899797042742e-02
2.154035505277284226e-02
2.504928527120685658e-02
3.272595372423042770e-02
3.622010432075919995e-02
4.186010995160363568e-02
3.888212620773179307e-02
3.622011894999559861e-02
3.050401619669938433e-02
2.792998458752170982e-02
2.430465804442663580e-02
2.015424037551379402e-02
1.400574909454531392e-02
1.603311673860466011e-02
2.357268677723182645e-02
2.757338239805308400e-02
2.485349893547164971e-02
2.502210526291010623e-02
2.639828048345805797e-02
2.497702884346023056e-02
2.174418448180474514e-02
1.510836380293954784e-02
1.239574963206414686e-02
9.167319173287218070e-03
8.161874440334894801e-03
7.373502408499854263e-03
6.085537555995936161e-03
4.036899450519224400e-03
2.400702619259819856e-03
1.887656937766752198e-03
1.663246090288558699e-03
1.388065615374983351e-03
1.317210498860663581e-03
1.331452171535897578e-03
1.279392031606433906e-03
1.334281470682141145e-03
1.383214079375035205e-03
1.324950775180435553e-03
1.115030299978231852e-03
8.573742158694969140e-04
6.884475809278819882e-04
5.244724324472843646e-04
3.442082471970640692e-04
2.143310427595512488e-04
1.395727697788862480e-04
9.744776936768603250e-05
5.901865783754699847e-05
3.629186602708431650e-05
2.480843388261122259e-05
1.666306311263876850e-05
1.022527876457918567e-05
6.725012886506541305e-06
5.176184985485943380e-06
3.789749357346844012e-06
3.160058016566995588e-06
2.745659820574664599e-06
1.997984577160289585e-06
1.372145805429052884e-06
9.605456698596411594e-07
7.028352223363069586e-07
4.994485865672801942e-07
3.464280990314901955e-07
2.143744783502613565e-07
1.335847111839342884e-07
8.657836897275859780e-08
5.570518028713903331e-08
3.692572492478467627e-08
2.371188258733017032e-08
1.660889829791331022e-08
1.191015587933052385e-08
8.045588689587659856e-09
5.485320435806537297e-09
3.766713872844066341e-09
2.574399360899616576e-09
1.742599994262517652e-09
1.238171841228518102e-09
9.129277185980324114e-10
6.483711268846295435e-10
4.519806335781767816e-10
3.138781316079715914e-10
2.165056113897583961e-10
1.489547317630813116e-10
1.008457560656627461e-10
6.766829790196019869e-11
4.449926191488267099e-11
2.864210132913342279e-11
1.790646842917967784e-11
1.106645853004329317e-11
6.813233846237965046e-12
4.053587121856265603e-12
2.436297564443270044e-12
1.401326235925377791e-12
8.408309232934499503e-13
5.185914806230843994e-13
3.244959215813462369e-13
2.339978034867123459e-13
1.791384041162976780e-13
1.534618476990569407e-13
1.384044085730447780e-13
1.304237870018183884e-13
1.248130778586159956e-13
1.210008052344932481e-13
1.182016165229704808e-13
1.157298575841199427e-13
1.138789698469090701e-13
1.124163512216572133e-13
1.113962469757365422e-13
1.107856341075131121e-13
