1.288402928724434725e-06
1.386508400803073463e-05
3.601538343315230243e-04
4.675574818788066044e-03
3.240535581746126215e-02
1.010119899006987343e-01
1.640919222571412539e-01
1.834988733581583153e-01
1.744420601854508313e-01
1.596488463918077361e-01
1.512732654431919455e-01
1.434206468737505846e-01
1.387770848406334467e-01
1.373681485740127772e-01
1.357585004199572121e-01
1.343554672072379552e-01
1.306204728965960626e-01
1.301436205938105994e-01
1.292338733654840033e-01
1.294324904265581333e-01
1.282091528183225138e-01
1.285577528765667055e-01
1.301934932776640519e-01
1.275033788093773712e-01
1.266642710401861271e-01
1.274183844569653501e-01
1.271630672584770361e-01
1.267661420509001435e-01
1.269545667367786568e-01
1.272963879663433773e-01
1.283781429556279108e-01
1.285628125030714719e-01
1.284392673885767222e-01
1.280130832829383947e-01
1.281828578046904366e-01
1.278519431628253600e-01
1.279003016338255694e-01
1.290274859732427892e-01
1.291054117041784410e-01
1.287884731949386352e-01
1.296816156829397326e-01
1.291600482037033870e-01
1.301031779240467978e-01
1.304337973713032839e-01
1.299426285682262761e-01
1.296132149436819980e-01
1.294867573880521538e-01
1.303146976643920207e-01
1.305247576069878401e-01
1.302884954867605527e-01
1.307900389862222679e-01
1.310298198373919809e-01
1.318444686950100697e-01
1.318011098260347402e-01
1.321590589461905940e-01
1.324924042021037862e-01
1.327744975697521257e-01
1.324569037943806871e-01
1.326703817210251601e-01
1.327080884584014298e-01
1.339462855821239584e-01
1.343224946160259392e-01
1.352830894127158845e-01
1.351048199459471411e-01
1.345104851708071869e-01
1.352528073922630858e-01
1.359748311607389959e-01
1.356336508154576126e-01
1.353877535784024089e-01
1.360130814932455634e-01
1.364602560912228091e-01
1.372220940090076446e-01
1.373795418509728972e-01
1.375794272900680848e-01
1.385698657593211480e-01
1.396234371734667024e-01
1.394445514316136059e-01
1.394864475808344495e-01
1.406603122857842669e-01
1.410305513479039319e-01
1.410382230266163939e-01
1.424087320489402786e-01
1.430373885521022959e-01
1.431666584463626435e-01
1.438629864752770104e-01
1.455634140888043548e-01
1.470746124133430199e-01
1.469191036027267805e-01
1.466502586500116889e-01
1.465976716579673600e-01
1.470354492545494496e-01
1.479628023336658771e-01
1.479872928140524291e-01
1.483793336835021182e-01
1.494950848190244042e-01
1.497117891587215477e-01
1.494352482362214518e-01
1.495244957392268814e-01
1.504685328815952849e-01
1.503999924281529954e-01
1.515855414550519586e-01
1.530506682560379139e-01
1.528891603454382297e-01
1.536178722839436905e-01
1.550627361120613668e-01
1.564411930452716537e-01
1.569542493911172398e-01
1.583889702801292987e-01
1.593161711045220641e-01
1.602109318060568610e-01
1.615929158223269879e-01
1.636051834158776253e-01
1.651845175941657196e-01
1.648770353978320224e-01
1.648643497319673412e-01
1.651047494993914677e-01
1.655964552103432741e-01
1.665808634519788112e-01
1.664910139850262205e-01
1.675321537975256458e-01
1.691417437165040061e-01
1.704546481984358097e-01
1.720736399453196008e-01
1.731407064521149064e-01
1.739815855867609673e-01
1.749989597636284755e-01
1.771272296910005317e-01
1.766233608748217498e-01
1.775074363489370644e-01
1.789064926336945416e-01
1.794582498550906235e-01
1.809245887663540331e-01
1.826528961582356281e-01
1.823413390170993131e-01
1.834963363038706052e-01
1.842476211721151003e-01
1.847349180528262969e-01
1.864042863261134164e-01
1.875173576509321094e-01
1.891093328779889504e-01
1.912036873659858083e-01
1.920113136867389880e-01
1.936711271890310948e-01
1.953213007212000751e-01
1.963927977960285565e-01
1.976407852491430528e-01
1.992427432729954040e-01
2.017350201872791793e-01
2.043728093489314279e-01
2.069573977501321105e-01
2.084804807464949450e-01
2.099104959346256016e-01
2.109028721040953069e-01
2.122683127595902663e-01
2.138355144166821653e-01
2.154690832127373890e-01
2.169824782853652656e-01
2.185444474710372398e-01
2.213434251768807981e-01
2.235841016321647168e-01
2.240820342212035687e-01
2.260954200184563390e-01
2.275926678002310743e-01
2.287124956151114774e-01
2.296751404731826041e-01
2.323350422547021399e-01
2.335022862061468252e-01
2.354281356899188826e-01
2.370033616218015227e-01
2.402862385239876997e-01
2.426635892544198869e-01
2.460234842278560263e-01
2.491410943588409921e-01
2.519966772973427083e-01
2.558079039854481707e-01
2.592222048326508488e-01
2.620400860396556175e-01
2.661069228081122673e-01
2.704608836916697068e-01
2.746076991914465082e-01
2.759174409222783231e-01
2.780303975541339456e-01
2.796418947047319414e-01
2.827892932466605225e-01
2.857588219061936718e-01
2.876593581996848559e-01
2.919266057009710091e-01
2.958189259930794068e-01
3.002285177104947467e-01
3.036016629311816262e-01
3.073426943806581435e-01
3.095090237189306315e-01
3.110649514241175528e-01
3.134541107803716087e-01
3.157990848201893130e-01
3.211488849197193240e-01
3.258666128711950050e-01
3.292612325958375052e-01
3.344942105098865914e-01
3.400561201698302782e-01
3.483329571314666140e-01
3.582503628944102569e-01
3.688755292212571035e-01
3.746356688416733194e-01
3.807290717148232861e-01
3.845429008648181268e-01
3.923830798571184553e-01
3.962440678931813953e-01
4.005693117486121557e-01
4.014249189998607137e-01
4.053359501018446998e-01
4.107408976615760654e-01
4.183571571249962151e-01
4.269701463251026063e-01
4.379397041174567518e-01
4.498411945466049833e-01
4.571327455586353672e-01
4.643134887706070746e-01
4.623607365157398341e-01
4.647463568831660119e-01
4.679108045087865264e-01
4.736985390719193334e-01
4.835299283796725134e-01
4.904880005140268562e-01
5.047477932171512416e-01
5.211913868076153422e-01
5.446706822203704057e-01
5.531798995204293412e-01
5.728294051002149612e-01
5.835148437379671371e-01
6.134446966437422377e-01
6.268467777218199588e-01
6.392436822485829673e-01
6.440146896517816577e-01
6.501145119422611085e-01
6.521426340136774469e-01
6.603155655622902076e-01
6.704560214244836835e-01
6.895598726693813463e-01
7.174910339440565554e-01
7.490490244882240800e-01
7.968111342330314040e-01
8.499407130405353117e-01
8.711899500161260912e-01
8.563899262599303785e-01
8.546404856930340799e-01
8.586628482069617041e-01
8.623346679572163609e-01
8.735184932542782166e-01
8.929034081261000289e-01
9.256115422237097823e-01
9.640261041526494434e-01
1.018699391533614218e+00
1.047664426382380443e+00
1.097807841454465638e+00
1.121994191506273220e+00
1.162970725615866341e+00
1.166141831350568481e+00
1.196330490242842437e+00
1.223955801781248853e+00
1.264076213835207296e+00
1.303045666705383798e+00
1.348700598410314422e+00
1.396806036399102169e+00
1.466123807202693641e+00
1.548487993889292591e+00
1.644301703171136442e+00
1.709655173950475282e+00
1.785124585281325782e+00
1.833388199120955964e+00
1.911136520075043199e+00
2.006070613828611737e+00
2.100713146133430520e+00
2.199016065237159090e+00
2.284444550212651581e+00
2.392492492533249138e+00
2.525273708522773219e+00
2.667426995656198230e+00
2.831639038114652784e+00
2.992183212900260791e+00
3.178065607267112291e+00
3.379709227629739576e+00
3.620325127020436629e+00
3.900356704943713559e+00
4.257810887269841693e+00
4.656855191589738929e+00
5.105568264764043462e+00
5.567373008367962228e+00
6.085533980324024483e+00
6.741433333248017412e+00
7.961473213582984876e+00
1.084637770249523214e+01
1.598015370508475286e+01
2.560933876397990971e+01
3.493419110087783253e+01
5.962570499080798214e+01
1.055710291853453953e+02
1.838512781476844680e+02
2.709045929475134358e+02
4.199962661820250105e+02
6.392888178902059053e+02
1.127560922556181140e+03
1.896567460240795754e+03
2.326349228699305058e+03
3.156719996098952379e+03
3.371212084495040926e+03
3.367173616983774536e+03
2.535520168215989997e+03
2.153430050258727078e+03
3.200251744761751524e+03
4.509423540759105890e+03
3.285352994513776594e+03
2.550505851128909399e+03
2.826957108945581695e+03
4.243637920733433930e+03
5.648932455168371234e+03
7.752856833552709759e+03
8.913933471203679801e+03
8.343903516534121081e+03
6.427519473413921332e+03
4.461369886259552914e+03
2.985310476286906123e+03
1.899894287519566433e+03
1.776088430463497616e+03
1.616469444636464914e+03
1.610351025583448290e+03
1.673232705928184259e+03
1.533064595805154568e+03
1.279246788379905638e+03
1.017710521153605328e+03
1.054622157344846528e+03
8.859493199901522758e+02
6.914327123700126094e+02
5.203475946008655910e+02
3.527327709000424534e+02
1.837433617899811793e+02
1.013488593355820910e+02
5.560725639104531126e+01
2.969336009921882180e+01
1.373975864766741850e+01
8.576666104020157277e+00
6.609353632271544932e+00
6.098448931816887963e+00
5.629079148579780423e+00
5.021230600967509616e+00
4.552504644273366097e+00
4.032385978199355847e+00
3.597383609125975212e+00
3.192749303865201949e+00
2.923950029552767393e+00
2.724174415984108144e+00
2.556837507369752682e+00
2.392693707089903477e+00
2.230157091738186548e+00
2.101834162653412719e+00
2.008301959032093187e+00
1.945947238852927752e+00
1.979164531676245620e+00
2.086744024053902802e+00
2.126562566814038657e+00
2.139569424934219644e+00
2.051457778313547919e+00
2.016582387261381282e+00
1.947129343897969989e+00
1.741142159877628659e+00
1.506677633764395674e+00
1.279156031448007713e+00
1.169702700158876008e+00
1.161786577078554927e+00
1.261506531109600537e+00
1.381601445770273218e+00
1.498354128416730546e+00
1.471375032779133063e+00
1.298700937317185611e+00
1.140756898124709817e+00
1.053767579437551838e+00
1.027954704558034393e+00
9.765649296990905892e-01
8.194400893855950940e-01
6.788122967043090927e-01
6.100863794912887439e-01
6.164694910393391236e-01
7.266204709816357354e-01
9.271823194088736342e-01
1.215620976325523239e+00
1.373875963940116796e+00
1.509016993287833008e+00
1.504968143586227880e+00
1.476834702159799395e+00
1.315147178496332003e+00
1.061084903655064693e+00
7.924149289300095322e-01
6.051563095824205041e-01
4.875406704580432793e-01
4.835945927150000490e-01
5.581913742802209200e-01
7.035397297362174784e-01
9.370549932754236311e-01
1.131370225053074385e+00
1.206426129415328008e+00
1.107824320234267246e+00
9.562176832225106615e-01
7.509324091876810048e-01
6.160763406668787745e-01
4.607760912755059501e-01
3.223546779996821487e-01
2.307005736603207624e-01
2.320662518054152634e-01
3.292882065825468163e-01
4.029167745265677114e-01
5.007536266976222450e-01
4.931083558996542937e-01
4.349077553271710750e-01
3.513620216597258539e-01
3.149155442225861634e-01
2.628780204791884567e-01
2.361498350140149027e-01
2.203613657775506940e-01
1.743666793695158035e-01
1.455099749041369184e-01
1.507444680667469061e-01
1.882130898173205447e-01
2.406453264065787911e-01
2.832384393849045612e-01
2.817999489733314378e-01
2.557386219821753404e-01
1.919276636011661985e-01
1.553916575691951241e-01
1.300653085907087503e-01
1.096320941371449614e-01
7.774097972311634630e-02
5.558768882023212843e-02
3.938155332874931913e-02
3.443560692489323893e-02
3.455316122610942869e-02
3.328750852017661049e-02
3.179992693628320988e-02
3.156057672538981757e-02
3.689565749901017877e-02
3.810043296151623821e-02
3.590762936712768583e-02
2.718837910240979802e-02
1.921422656460119657e-02
1.043563324547138078e-02
6.724832912303494933e-03
4.939153454946539588e-03
4.203182958180412369e-03
3.802011582211460572e-03
3.685602102749404533e-03
3.516980931776121384e-03
3.218022773526041467e-03
2.962498871536891742e-03
2.552305816706557356e-03
2.010769786997055122e-03
1.431623382350495589e-03
1.079923531166935733e-03
8.337005760132819299e-04
6.021986919260708792e-04
4.496501179618277578e-04
3.589326459909676528e-04
3.049987122383617227e-04
2.572069428331349192e-04
2.111537752440013481e-04
1.714505810833742824e-04
1.408343416753053722e-04
1.142289611161706502e-04
9.212994401051443748e-05
7.265277006054524556e-05
5.630150286066183110e-05
4.308422961692027483e-05
3.325384082715009506e-05
2.560214521751431001e-05
1.970628989194799204e-05
1.511389952763752096e-05
1.149444684432734997e-05
8.709435207110007045e-06
6.577249453243117122e-06
4.929133255813777576e-06
3.665348623491412692e-06
2.697552614336616469e-06
1.971846398159311520e-06
1.426297567100378667e-06
1.017485621476751897e-06
7.195073892301247370e-07
5.033170980238552978e-07
3.472266164772026655e-07
2.365348428469017128e-07
1.596962974377731447e-07
1.052622333878228804e-07
6.891055641794662802e-08
4.381261036225000953e-08
2.771437225974798231e-08
1.698462060612547862e-08
1.022014203008557015e-08
5.957168266947632777e-09
3.436652922450835547e-09
1.989171857609727287e-09
1.057792499802195778e-09
6.150946739199625103e-10
3.473211460559463332e-10
2.237983889314708386e-10
1.635286686624833786e-10
1.274002470261336224e-10
1.170486897644329256e-10
1.119319802359284162e-10
1.097567513799172402e-10
1.080041678846146157e-10
1.074071354628135250e-10
1.067145851142217546e-10
1.062493990229187355e-10
1.059174250959750144e-10
1.057277946986593628e-10
