1.653592819864556418e+00
1.513773339840811527e+00
1.433459050797065926e+00
1.495502172903412808e+00
1.650279087014572932e+00
1.763828513292676536e+00
1.823724704632490479e+00
1.839647729433276258e+00
1.929927406277372137e+00
1.852418454210398968e+00
1.617635402159180336e+00
1.456131291053990306e+00
1.329227542730398559e+00
1.155440425684073347e+00
1.020865442776295096e+00
9.075538605549116067e-01
8.400462823445549176e-01
7.456896404469280926e-01
6.699460086202517761e-01
6.013409821437876168e-01
5.600655980856406035e-01
4.826471232213471740e-01
4.496219746379865878e-01
4.321735655194161030e-01
3.951708942666941060e-01
3.641592668342344963e-01
3.447334868248227435e-01
3.280143945026329222e-01
2.998542055080800628e-01
2.815934369316793751e-01
2.727659871827248228e-01
2.623486991225160714e-01
2.578574336520176868e-01
2.478284229649714565e-01
2.464506056492542785e-01
2.300242704536310523e-01
2.119624031774657302e-01
2.064698972576496927e-01
2.032331162765331212e-01
1.900632975028959948e-01
1.805395679976621037e-01
1.769937205931544355e-01
1.695084468768198738e-01
1.562484832899737053e-01
1.494410106979142672e-01
1.503553918128663069e-01
1.466874834433392616e-01
1.472418097643617418e-01
1.444039373741669297e-01
1.401296469464826111e-01
1.372051181434144340e-01
1.391087523050966446e-01
1.323207940105851077e-01
1.287379184173939317e-01
1.289309248202136771e-01
1.229220045467459971e-01
1.138614259447927046e-01
1.086140706398129319e-01
1.072088662492032829e-01
1.046909562514266867e-01
1.103386249087485865e-01
1.160615533825229140e-01
1.130833791654941023e-01
1.022898016596896220e-01
9.585544282081190359e-02
9.387910403746541066e-02
9.216236651923724599e-02
9.479337958608489989e-02
9.801237400171161629e-02
1.027407741168748084e-01
1.050703500756641068e-01
1.033976824032550729e-01
1.036229434206956818e-01
1.038876050214596752e-01
9.684479072064317018e-02
9.227333310086374696e-02
8.998670704325162362e-02
9.319384411607557761e-02
9.938574770024305449e-02
1.055921687537257209e-01
1.013245769140492941e-01
9.106744182642399765e-02
8.477283607922397879e-02
8.429856273352982765e-02
9.158945841232420115e-02
1.083868413198970510e-01
1.196844638423154306e-01
1.248361615007308467e-01
1.187135836344097584e-01
1.089615284193007905e-01
9.729867596555176468e-02
9.727305127904396775e-02
1.119775192700552813e-01
1.353206766928869709e-01
1.461484673256621403e-01
1.367516980365816592e-01
1.186300035743547976e-01
1.116544834377338896e-01
1.169406402390633232e-01
1.271222437967046426e-01
1.432523727989439555e-01
1.465799877051330857e-01
1.412885447835139363e-01
1.367631025144477874e-01
1.249413192039182940e-01
1.141692120239843206e-01
1.086694672806881035e-01
1.017759001762597454e-01
1.089739330783377758e-01
1.249677355949671970e-01
1.389182806016333871e-01
1.451274058277270684e-01
1.488386942522630374e-01
1.433360045459376730e-01
1.474391463051288320e-01
1.379955491936467604e-01
1.256312952573718500e-01
1.105415096546879944e-01
1.038547147898217504e-01
1.128100072736537146e-01
1.336486630966872979e-01
1.625848031746681410e-01
1.916629217486898740e-01
2.072798263688332143e-01
2.019819459224383995e-01
1.856881958564536028e-01
1.747398577735759795e-01
1.594331541532449659e-01
1.467909902119495791e-01
1.427838372484042384e-01
1.430986587723497017e-01
1.426462983783682581e-01
1.411304684567674383e-01
1.351861642524577467e-01
1.208779562856361761e-01
1.061232418875544536e-01
9.126707584538409912e-02
8.835221804026163750e-02
9.489265374267887021e-02
9.614194017912464085e-02
1.053915887767863518e-01
1.090836646343607830e-01
1.069185235136860534e-01
1.043079941483117806e-01
1.075975212795102082e-01
1.031577736252957400e-01
1.062295658639734880e-01
1.120489247754103412e-01
1.140299757817647142e-01
1.088165036744883352e-01
1.114944584836886493e-01
1.024283831877399881e-01
9.580801475612457652e-02
8.891481564036184115e-02
8.872419145729910916e-02
8.417251235171425983e-02
8.040270435263389970e-02
8.696669447210678139e-02
9.044872936911126093e-02
9.113054263797994159e-02
1.045148012793547798e-01
1.076667315782729589e-01
9.838967954440717978e-02
8.642753805156211389e-02
8.104686055438767300e-02
7.668317037660316027e-02
7.518466872764768827e-02
7.689005070122131857e-02
7.809431704202077218e-02
8.028092387571129918e-02
7.221675219540002466e-02
6.802280775472338559e-02
7.002106522730389138e-02
6.679023342798651175e-02
6.698959901637342729e-02
7.262968498435733167e-02
8.139348182704067569e-02
8.837674303297943235e-02
9.809487120442481056e-02
8.435288757526729353e-02
6.586648324496219287e-02
4.511091757931130070e-02
4.307174478763958758e-02
5.085109351085570495e-02
5.539168721091673048e-02
6.583357878183405953e-02
7.331793754373863714e-02
8.523918117067208478e-02
9.307382854758321222e-02
7.907915737396377376e-02
6.031923982556451624e-02
4.592262747185504868e-02
3.035818662151635108e-02
2.346518210786376415e-02
2.796231905611889709e-02
3.834863217056638102e-02
5.448170442511195144e-02
8.021299926013478188e-02
1.076917678539369566e-01
1.002829003702104121e-01
7.490531743997276559e-02
6.528311296066405256e-02
7.333698519515535752e-02
8.117977700903873661e-02
8.899646482830678162e-02
1.029416018079188644e-01
1.270700107387543187e-01
1.169223810907358274e-01
9.260486283558116982e-02
1.169633075739709566e-01
8.271761697046997597e-02
5.651390603461677042e-02
5.557100405410107108e-02
4.388979565129959293e-02
2.235881228858928663e-02
1.232046732669956485e-02
1.411846134784367629e-02
1.523825234409215135e-02
1.422769379577904121e-02
2.215083762685806854e-02
2.879673407600375282e-02
2.619797475417935326e-02
4.371451364440255560e-02
5.121338162196076987e-02
3.793245395086929095e-02
4.677285776493240316e-02
5.714581564616190434e-02
7.598344416581130634e-02
1.028855889779570210e-01
1.131349532395091173e-01
1.325705026232752159e-01
1.795817111703343349e-01
2.603962582175979312e-01
2.736469655002409240e-01
2.801916554542234206e-01
2.764264707231080531e-01
3.072098540581107984e-01
3.214619866665020531e-01
3.020466736584340173e-01
2.998016604802525853e-01
3.280652738372407118e-01
3.341941515161655496e-01
3.204759435508152676e-01
2.263550318509228165e-01
1.982393503507998422e-01
1.398844478562658034e-01
1.731869494492881134e-01
1.431367478834405793e-01
1.380060063733719589e-01
1.770815147063043715e-01
1.593421943218926717e-01
2.177403906511385101e-01
2.927173731338513774e-01
3.921652589520000509e-01
4.614333526821979281e-01
4.086428186334398194e-01
3.676115924651540690e-01
3.460934437669477282e-01
3.286540813701836483e-01
3.151396697235190336e-01
4.126661054731311506e-01
4.506849899149639738e-01
4.413562196330979570e-01
2.961877102867682132e-01
2.426125320695968202e-01
2.316788794423634557e-01
1.908391691841666016e-01
2.283113120683865072e-01
3.545667142916331671e-01
3.550517968566456739e-01
3.819042904433664898e-01
2.841547373922009845e-01
2.604495795870820363e-01
2.822060814191234557e-01
3.204929060598156743e-01
4.973346575817188531e-01
7.369753284685139905e-01
8.162982842006304418e-01
8.973289441674046074e-01
7.985491948984381194e-01
5.321199347848659666e-01
3.006166294178591047e-01
1.950137990147944866e-01
1.400749932575957590e-01
1.757386898435929490e-01
2.152984062992640835e-01
1.560423082170849240e-01
2.821675919833311341e-01
3.985676707104698901e-01
4.135385761138196115e-01
3.780057059074984349e-01
3.605471108462922625e-01
2.997790867704088202e-01
2.801417556687475496e-01
3.618273634760988400e-01
5.760151808699482956e-01
9.312748747199589561e-01
1.267252308311934472e+00
1.480190715479438479e+00
1.679101582165504647e+00
1.632787660795857354e+00
1.685276499737211164e+00
1.609635454161703283e+00
1.541498096724954969e+00
1.365288492049731461e+00
9.689172983008031981e-01
8.871991549134405908e-01
8.302652343377336930e-01
7.003309523167010608e-01
6.058603634110222291e-01
6.105101921012923150e-01
6.573413354336794523e-01
7.850216893207258018e-01
1.154170759829710180e+00
1.427883989011631050e+00
1.872021875272909641e+00
1.808576510432039042e+00
1.737743105844321567e+00
1.619652974435921600e+00
1.489367024826589114e+00
1.242008744252263375e+00
1.063362680506941826e+00
6.722577270550785800e-01
4.830325204159778840e-01
4.575137658437913313e-01
3.903369183248360796e-01
4.373525149211431873e-01
4.621925231086222441e-01
4.694032894301014558e-01
5.225274821117773527e-01
7.469821854124605309e-01
7.135433873158137930e-01
8.058474656758582988e-01
1.133133664250777883e+00
1.516859731268124678e+00
1.818374642375764960e+00
2.110008678983192887e+00
2.155151152906385370e+00
2.211233391871882059e+00
2.082016450169592137e+00
1.755283053487751488e+00
1.201395489880757061e+00
1.092288185836832293e+00
1.287644919120603859e+00
1.649095312844709893e+00
2.357707963560809805e+00
3.489833822858452894e+00
4.442760583463313928e+00
4.973074660702400784e+00
5.411211729496838707e+00
5.908304473264813339e+00
5.453428644441946638e+00
5.314059757867760858e+00
5.167626897133227537e+00
5.117995303715755284e+00
4.538161458040390173e+00
3.962438713292885772e+00
3.829146879555565874e+00
4.180941557390700503e+00
3.931463713080102895e+00
3.774937179113595942e+00
3.384340558212856731e+00
3.672661785071590135e+00
4.081584818702008732e+00
4.138802651708051172e+00
4.165679843884991129e+00
3.854144100878515555e+00
3.709456607372239034e+00
3.529020141980578451e+00
3.131290913832506018e+00
2.632435974045717941e+00
2.782655814060516430e+00
3.380003629017485967e+00
3.790179968910018182e+00
4.125302964540126460e+00
4.327619712033958344e+00
4.572798305005324693e+00
4.621363386696844877e+00
5.108901717837730949e+00
4.740759328046228127e+00
3.936193597691246993e+00
2.874871423312832963e+00
2.407624902452437876e+00
2.280621930106138784e+00
2.689475110860263918e+00
2.958690718455156521e+00
3.267642351324570260e+00
2.624633633366467489e+00
2.328802906517521976e+00
2.312751251259759666e+00
2.342109210928013940e+00
2.014967072040462437e+00
1.660214191127667771e+00
1.482821033684264433e+00
1.577524458693987830e+00
1.394155644020297569e+00
9.881027245094318179e-01
7.453157527547755734e-01
7.722701590787340864e-01
9.715191513195209350e-01
9.735406642054189597e-01
8.525084689994996134e-01
6.810119725187122608e-01
6.844467468565367252e-01
7.251451240777614382e-01
8.591280971087180696e-01
1.070061220240856814e+00
1.442625574260099519e+00
1.709320269565163919e+00
1.897461069962887992e+00
1.605106504405348300e+00
1.410840993496998763e+00
1.137833545196996088e+00
9.927974615765308153e-01
9.500602315856342406e-01
8.013092642779297003e-01
5.663649644408544903e-01
7.051540785402107270e-01
1.076252627166494502e+00
1.250024520537297734e+00
1.198677463148543287e+00
1.316377028784503134e+00
1.505103603208422847e+00
1.581886859541840717e+00
1.516024901276680881e+00
1.132521970939463163e+00
9.732650225028992574e-01
7.238027573724452601e-01
6.854799811745876381e-01
6.975066999333974227e-01
6.590621706514073752e-01
5.200944697744881440e-01
3.509555691259326204e-01
2.961910960684803751e-01
2.899406458958114774e-01
2.899016214736367947e-01
3.724464653028728423e-01
5.239848736465454460e-01
6.708708690390968732e-01
8.608353137172787273e-01
1.121969645218150013e+00
1.305968555397671871e+00
1.346408301961784071e+00
1.309392034479210265e+00
1.382423576427634693e+00
1.333271072008812785e+00
1.148628021157138690e+00
9.821266932502041858e-01
8.556763954411213957e-01
7.642445499587954272e-01
5.783258167308172881e-01
4.657960777527149765e-01
4.473444370460210595e-01
4.274919937381254642e-01
3.780489896298965258e-01
3.633759798397824259e-01
4.031979150906688236e-01
4.475114804768645094e-01
5.931780832357027577e-01
7.184051810967552187e-01
8.154945102441881755e-01
8.556229977680298582e-01
8.984764900743364979e-01
1.007804380401045252e+00
1.079394148404678955e+00
1.091135414668783499e+00
1.022440647126928726e+00
9.306128431987459315e-01
8.256157051398433921e-01
7.096030347447770392e-01
6.569600165012945414e-01
6.193579628730329079e-01
5.994728913737978893e-01
6.717248340530967976e-01
7.148068808981640210e-01
7.316323409589706728e-01
7.301411459130541237e-01
7.225295780545740731e-01
7.775893504402854317e-01
9.421110759272522950e-01
1.182261628797693698e+00
1.429576000711572314e+00
1.688195273947560748e+00
2.036013211510363519e+00
2.660620181701580655e+00
3.419435055433652781e+00
4.483230168615222055e+00
5.893485524213148530e+00
7.732560957575977056e+00
9.603969204068526722e+00
1.271353977272703695e+01
1.455908503216665295e+01
1.602065289788375324e+01
1.472470423989006783e+01
1.140544586745278188e+01
8.474247290974226132e+00
5.562748231458646941e+00
3.764482329862534282e+00
2.656298929290188848e+00
1.985994095298706519e+00
1.679754730889016612e+00
1.508454723988783552e+00
1.434966507906401789e+00
1.432996765031496533e+00
1.433860239548664373e+00
1.449361428944434538e+00
1.466905544043273224e+00
1.481844495549010654e+00
1.495177210396229972e+00
1.505726751263815721e+00
1.513411150846841524e+00
1.518090290945724341e+00
