9.203995246474882672e-07
1.168958987091280734e-05
2.802492385831890052e-04
2.838100258304253939e-03
1.521588552901122736e-02
3.591539177342629313e-02
4.576339188469891878e-02
3.771854688153875729e-02
2.761754414174228886e-02
1.967213097060293431e-02
1.443680325594694745e-02
1.048524389390813327e-02
8.257224066494860473e-03
6.120129497405633369e-03
5.182742643291431139e-03
4.389153513857110313e-03
3.557095470776818705e-03
3.014340335426629082e-03
2.700196854160402758e-03
2.388962476863154549e-03
2.171790156105031944e-03
2.019606052976590307e-03
1.913422162948495101e-03
1.806078436188995971e-03
1.784554952320333964e-03
1.631999407584704131e-03
1.588676440729592165e-03
1.600600312879211021e-03
1.604957092462873684e-03
1.568281958184090594e-03
1.656224685647611147e-03
1.570257599525026878e-03
1.568681702266395799e-03
1.528676568376032734e-03
1.501737427502931226e-03
1.556407161734372309e-03
1.540453849214744753e-03
1.577362526232475035e-03
1.518534886180332661e-03
1.474813891633550362e-03
1.550619009212706812e-03
1.520107287629526458e-03
1.573600188352960267e-03
1.626532670299610716e-03
1.523630127136535017e-03
1.511882608034917103e-03
1.566060344782113645e-03
1.565214879410827898e-03
1.454462816608902793e-03
1.500643939082547691e-03
1.492278932961140728e-03
1.428031249635200060e-03
1.476209503152027232e-03
1.514428602190002896e-03
1.604501919235234520e-03
1.639995798224830629e-03
1.853646929475809063e-03
1.897005406834623500e-03
1.960898060993469371e-03
1.977329761497622664e-03
2.016461249583328605e-03
1.979625176991844406e-03
1.834726297116507461e-03
1.822961099843180277e-03
1.785025514369443286e-03
1.750341919817288185e-03
1.824921993765385485e-03
1.992492859841097849e-03
2.077852778926444870e-03
2.288250937809743844e-03
2.398849659588124777e-03
2.476214032982036392e-03
2.400219403770676926e-03
2.456869671508496358e-03
2.632966550276589525e-03
3.040721381847283095e-03
3.395598069973751725e-03
3.671889966292140282e-03
3.846772808128783982e-03
3.713676366999004060e-03
4.527904016509423299e-03
7.917311017662008801e-03
1.655476164659105270e-02
4.009469296449704595e-02
9.269439799620522724e-02
2.041192917306439980e-01
3.366568669365639921e-01
4.304823023654326120e-01
4.983566509181336923e-01
7.354287290001219057e-01
1.325568626354126200e+00
2.460990605581055757e+00
4.369204963760553007e+00
7.392685941522540993e+00
1.061057402475089440e+01
1.151134416990364251e+01
9.971202631868637312e+00
9.308102460672138534e+00
1.247215295392823897e+01
1.673567150499800249e+01
1.815140862410566669e+01
1.745729346007980354e+01
1.817300236714161699e+01
2.016789362053936330e+01
2.315279097849544598e+01
2.548873061966266462e+01
2.717556766210381625e+01
2.407938680847319546e+01
2.822762647872108843e+01
3.420503754860060042e+01
4.191932174001803446e+01
5.149115803811554315e+01
5.393001953545220317e+01
3.972644376771260255e+01
2.790258341721246893e+01
1.857096571005762087e+01
1.749480348194204993e+01
1.651812261680556659e+01
1.208044641556784704e+01
8.019043167599475552e+00
6.230607259633934802e+00
5.016397470813632076e+00
3.909023913047867449e+00
3.002350402854502054e+00
1.876467121425727136e+00
1.045404810359034764e+00
5.256711591093544689e-01
2.693006901745030324e-01
1.437181277569279936e-01
5.468618991030408522e-02
1.843930008520180616e-02
1.156190814494592600e-02
1.432168540288484247e-02
1.727093798115227410e-02
1.672447228135746228e-02
1.389952908357540255e-02
1.023258716069731615e-02
7.532029534256134105e-03
5.920282448250609175e-03
4.885571017442407772e-03
4.365741654946095861e-03
4.274887077910453914e-03
3.925770683549588760e-03
3.732266912401724628e-03
3.607349563331306661e-03
3.410415426961022935e-03
3.280451468779223972e-03
3.132535113674298367e-03
3.113537704441071870e-03
3.222778566134633024e-03
3.443120785900770711e-03
3.349662113635814946e-03
3.522655311598123576e-03
3.345813554873057222e-03
3.235346988926138517e-03
2.814783711496201320e-03
2.406093517646776779e-03
2.079351361258533187e-03
1.977021149447187511e-03
2.072466403102300476e-03
2.373407519774105821e-03
2.768931934201655353e-03
3.202333756009873543e-03
3.565966091472732441e-03
3.827822885698378610e-03
3.813414348236933427e-03
3.358499172121595655e-03
2.883123200071728738e-03
2.429679755658943965e-03
1.928076320923031127e-03
1.631659461447877886e-03
1.540338876053766893e-03
1.574412312283888279e-03
1.663266811150730185e-03
1.865419399629785965e-03
2.047272845249101334e-03
2.136842941275780752e-03
2.499139626149872451e-03
3.066395940514214657e-03
3.432575865039839014e-03
2.851481426283080343e-03
2.300508969839958062e-03
1.737194187407566960e-03
1.387970317504313295e-03
1.317840635727847562e-03
1.377741083588787619e-03
1.641694182953801163e-03
2.101806306334108587e-03
2.431019067891139734e-03
3.030619578457021887e-03
3.288272204818182450e-03
3.177993534758013962e-03
2.839497520766408149e-03
2.480880947799427461e-03
1.756416481871934075e-03
1.471964951717550773e-03
1.090936515454095672e-03
9.817769066009750245e-04
1.229672643077357004e-03
1.800908122870381123e-03
2.754554380989259876e-03
3.851325169411315332e-03
4.839786436325114495e-03
4.737335889106871964e-03
4.651169428313390100e-03
3.976764260288302884e-03
4.000815315915068858e-03
3.238655064536836818e-03
2.566841706009789087e-03
1.614401049482382718e-03
1.306247235837965440e-03
1.533874232213897591e-03
2.354503493253004825e-03
4.114787846782584982e-03
5.308885460337943278e-03
6.982369653618330889e-03
6.666572458608155741e-03
6.472066947829259800e-03
4.667681699518764007e-03
3.229411656331472851e-03
2.375707622868720049e-03
2.045518175142067158e-03
1.207051080432613695e-03
9.308326873920314600e-04
1.217904514099493784e-03
1.933682663898195469e-03
3.349081394955189493e-03
4.182827990224899546e-03
5.788453143995840253e-03
5.618665963418384250e-03
6.937135161739454818e-03
5.822090349077513674e-03
5.227883497977270540e-03
3.981919212540842128e-03
2.879302330829416629e-03
1.580109620170526159e-03
1.105216276583006509e-03
1.305410853653366648e-03
2.068587344183204710e-03
4.217507595209151611e-03
5.690818260384955182e-03
8.791218252886949178e-03
1.086145665021591260e-02
1.124541309220907122e-02
6.851360304462969508e-03
4.668648054309901263e-03
2.890542483607963856e-03
1.787681102824154739e-03
1.044326923418288384e-03
9.066774177585914390e-04
1.055434050809596173e-03
1.705881611425342885e-03
3.066943937626702334e-03
3.476302554099712418e-03
4.313180756159024944e-03
4.277061017045200725e-03
5.738512674095912203e-03
4.664569329708654830e-03
3.975441558175361531e-03
2.767544763897406956e-03
2.058680320605492473e-03
1.239351256471136727e-03
8.439623757638206342e-04
1.101205362732754272e-03
2.177450264505833948e-03
4.160955249374769134e-03
4.888291915006119821e-03
4.924392533297319158e-03
6.005462480497447859e-03
5.143087119197572998e-03
4.907458936247732079e-03
5.686477337747021001e-03
5.623772317357372125e-03
4.642268829881114091e-03
2.612627566839186011e-03
1.320981244638005751e-03
1.808323471574688288e-03
3.928442850799720477e-03
7.243735812757797106e-03
9.384268864493791953e-03
9.481271395323998680e-03
8.389175522147181846e-03
9.088807912839863556e-03
1.140379326698963934e-02
1.186820394502660289e-02
1.010474601787707434e-02
6.243090627816790493e-03
3.120989343196650580e-03
1.437649362660007321e-03
1.379412333569243624e-03
2.668473965196011422e-03
5.351565487268771307e-03
8.395988209818931389e-03
1.128625171516396512e-02
1.025179956277841829e-02
1.176860006440693350e-02
1.231328282548509526e-02
1.358675343216526020e-02
9.937809721134798283e-03
8.076723561846268357e-03
4.587651856858479017e-03
3.062904166949055249e-03
1.613045274428620036e-03
1.892428316340672443e-03
4.041731010449929780e-03
5.907096732675548405e-03
7.353790298777811325e-03
6.135413741092484406e-03
5.162755870806634041e-03
5.884509492946611922e-03
6.245556027979931070e-03
3.346185893996580108e-03
1.758203325469421445e-03
1.119889163850668707e-03
1.333549967074635929e-03
3.043501803201043975e-03
6.977502037089396668e-03
1.397102505803361761e-02
1.904314564687486014e-02
2.185103254751742316e-02
1.792752083294201979e-02
1.432595406172067036e-02
1.008121831728342986e-02
9.396239353726815874e-03
7.845116588708634861e-03
6.767839478808990172e-03
5.278144953904030656e-03
3.237882887246724961e-03
1.825331279274237115e-03
2.026656665910247027e-03
4.415040245910278535e-03
9.066333176136876990e-03
1.576034759748105168e-02
2.422019649053466436e-02
2.820966810835599456e-02
2.537389917501783887e-02
2.357142121365253876e-02
2.043403899358830003e-02
1.472276986307777952e-02
7.812744808367119709e-03
3.665399267450932669e-03
1.668653852530557410e-03
2.847585266723893106e-03
4.738828092976501115e-03
6.912383195913623241e-03
9.612759828767187056e-03
1.275931325689281214e-02
1.654407005526245533e-02
1.641616627734925060e-02
1.512008641295589303e-02
1.312152026551573376e-02
1.112862878610945336e-02
7.175321818218095837e-03
2.528663648369204250e-03
1.476277349284689728e-03
2.854538106963368065e-03
7.232818224987775171e-03
1.403140924904629563e-02
2.262502903070912758e-02
2.576278167968130972e-02
2.909200561996275886e-02
2.714286536726354462e-02
2.673624636708507585e-02
2.675857732622207580e-02
2.251898230526349493e-02
1.499729850748621196e-02
7.577928142498768262e-03
3.118282438320659714e-03
3.328287551261536938e-03
7.053778171605303883e-03
1.195301843344060387e-02
1.598090809859903025e-02
1.722235873191240232e-02
1.396457287858201939e-02
1.137896006341655546e-02
9.420439611923861478e-03
8.932827016555748914e-03
8.065431970964567071e-03
5.116170984360581507e-03
2.375748997687698958e-03
1.547188754552320921e-03
2.405189160997931418e-03
5.811412479585537257e-03
1.088403806918932827e-02
1.817238130445346725e-02
2.152839989074091173e-02
2.457150818709782220e-02
2.467748711429946368e-02
2.481419066388734773e-02
2.164754478159603562e-02
1.604956958017337773e-02
9.456892457112092698e-03
4.913930000130030049e-03
2.093005539597471085e-03
2.300228846107210852e-03
4.205051462105448973e-03
8.219599553298933756e-03
1.442798807045386073e-02
1.981090963278278258e-02
2.324173617111013543e-02
2.257707725985056563e-02
1.994587532220331791e-02
1.474948515982574086e-02
1.149781390624992836e-02
7.859234532788052924e-03
4.594996423772779517e-03
2.133921771763138634e-03
2.173565571946376677e-03
4.434313853960382933e-03
6.479600880162452760e-03
9.293359045203895483e-03
9.034872825006534658e-03
7.391376838225431622e-03
5.021119340800911900e-03
4.249065620069584007e-03
2.908083863125241961e-03
2.659841509633756665e-03
3.041319826716454636e-03
1.927095073333519358e-03
1.134481934565609480e-03
1.193494487262558666e-03
2.473318671893169531e-03
4.370199643304729757e-03
6.040537541619063304e-03
6.272711506067419999e-03
5.760267863149953760e-03
3.938991546281928741e-03
3.090478329949925256e-03
2.636523686181201694e-03
2.300500721458116800e-03
1.415259429103607990e-03
7.821067067122337325e-04
3.059432826589633279e-04
2.090242338794001231e-04
3.159811378820629271e-04
4.026496303778133033e-04
4.600161929181511211e-04
5.359830657844591190e-04
7.757041964128021452e-04
9.116472700406509947e-04
8.982781288547673181e-04
6.615505765892021718e-04
4.302952962667662461e-04
1.720517389550445849e-04
6.622814700360037685e-05
2.490075351821584331e-05
1.778939817206081530e-05
2.462472553520012581e-05
3.633103708920946544e-05
5.191671408556008087e-05
5.674710454197502246e-05
6.019287813602304651e-05
5.224234293421518328e-05
3.940173352074514555e-05
2.095754248951231597e-05
1.237076586850291783e-05
8.316125485039327635e-06
4.306135084970493028e-06
1.674275078885950955e-06
6.422108220075147129e-07
5.405840839551674251e-07
6.066882203694154106e-07
6.050019360508473476e-07
5.785479892575510217e-07
5.846549365682194491e-07
5.042907747886422809e-07
3.986170870958898205e-07
2.642118475112591720e-07
1.531973594648611814e-07
8.451553110405863941e-08
4.961784137552881489e-08
3.104991817379339006e-08
2.225113137707835942e-08
1.736592473121150870e-08
1.400407932937011107e-08
1.127367152333518867e-08
8.938042030712611162e-09
6.968044857601428512e-09
5.191442731037709634e-09
3.658979937833804905e-09
2.598380234154919807e-09
1.781764923347523274e-09
1.163469246322720904e-09
7.728597875426481826e-10
5.195511731754450115e-10
3.538607863110192202e-10
2.431664976478804124e-10
1.657569879923294485e-10
1.115775769038137787e-10
7.328056491755272505e-11
4.694821999072474953e-11
2.951657882497267432e-11
1.820216835597057879e-11
1.095994191823268491e-11
6.398576251677702259e-12
3.657842091501468124e-12
2.040898092884975701e-12
1.105828873572911193e-12
5.778823332078382521e-13
2.967266320363478725e-13
1.585064140120675019e-13
9.037550631113754869e-14
5.725168930492512149e-14
4.195113821070556574e-14
3.649040354966255294e-14
3.380575808775995220e-14
3.226979849350725129e-14
3.138796624098173365e-14
3.081078419758620645e-14
3.036218311811642823e-14
3.004673337162941589e-14
2.986015037870082793e-14
