9.441127297292363942e-07
1.116622986532474835e-05
2.785831665082252298e-04
2.951249122956388967e-03
1.565429561881221190e-02
3.968968374712062569e-02
5.261382528210981069e-02
4.570588790596606665e-02
3.279597223650832644e-02
2.154558528241846960e-02
1.775306463726357767e-02
1.334054979329087759e-02
1.013898435351650099e-02
8.594014037792063396e-03
7.254931076654013052e-03
6.450036974314170279e-03
6.001070168265898452e-03
5.468400353284911738e-03
5.068563184127567248e-03
4.729579913189246691e-03
4.631801724091793096e-03
4.446173770641881351e-03
4.230068186401476742e-03
4.092029714252361748e-03
4.035030724873053289e-03
3.994613892664424307e-03
3.928978445636972273e-03
3.960870312754067452e-03
4.054818788362715351e-03
3.916792229336988305e-03
3.929557948828208899e-03
3.848665184313141384e-03
3.874919553433904713e-03
3.911107538430209744e-03
3.958794907914128282e-03
3.887408110133783352e-03
3.935270278281898654e-03
3.809969421207934706e-03
3.882253382354290162e-03
3.907792433179717133e-03
3.960214787936266675e-03
3.819135331431664209e-03
3.771182653316682964e-03
3.829177736956921284e-03
3.626260706326003402e-03
3.548919341171917312e-03
3.639692188662484000e-03
3.744385075491541651e-03
3.848904139424219779e-03
4.045215244179688197e-03
4.300675948606751640e-03
4.746156444503713857e-03
5.141141185847580494e-03
4.765245902755513123e-03
4.594243177420954255e-03
4.554772106508524557e-03
4.204162693790391460e-03
4.080153526526704606e-03
4.060635162257124342e-03
4.104173236099333683e-03
4.462186081102977563e-03
4.345798901173061196e-03
3.741702200142873157e-03
3.599040424892843964e-03
3.451555622753794961e-03
3.713572408255194461e-03
4.216211450627716656e-03
4.719152386339377052e-03
4.277862903957655588e-03
4.323463563508336827e-03
4.824456027309690503e-03
6.384062999594619994e-03
9.193838485816658787e-03
1.541439227148580851e-02
2.058287881403028652e-02
1.729471685709571549e-02
1.135530927131891965e-02
8.390172102660293021e-03
1.181248124579002690e-02
2.043780360279520356e-02
2.855899348884375147e-02
3.287054314933927218e-02
3.416549841696329276e-02
3.398830788012292131e-02
2.942579115038868737e-02
2.306530883604842111e-02
2.782180262411901306e-02
3.271606755136011180e-02
2.871019512972943291e-02
2.663725022558324773e-02
2.315629898041342630e-02
1.980751132605275064e-02
1.444429117597686649e-02
9.499335937521535475e-03
2.348509497719511799e-02
6.083788131615671529e-02
1.007466878146891093e-01
1.316158883715321526e-01
1.231525861943973260e-01
8.605298897601326713e-02
1.115537881736696074e-01
2.250825446914299366e-01
3.633441731677038988e-01
4.874263636590281945e-01
5.916181734177486939e-01
6.120342602287266454e-01
5.925543475361314538e-01
4.818952536597698733e-01
3.942940457214619276e-01
3.311729626743096788e-01
2.954662778040236248e-01
2.897405567862970655e-01
2.228461192089547516e-01
1.358065702512044615e-01
1.521364827926444951e-01
2.543714090516042137e-01
5.244673618958027861e-01
9.464919092641052023e-01
1.445447044697022676e+00
1.857634322505555380e+00
2.272156812409139803e+00
2.735972513803573758e+00
2.881475198149534567e+00
2.744519973225179932e+00
2.455855801262406324e+00
2.216589324672933792e+00
2.206338226851334738e+00
2.944612593538010969e+00
3.766730321703095630e+00
4.126668872605752547e+00
4.322286151906908458e+00
4.375070612241844792e+00
4.484203114922922673e+00
4.549465673762042250e+00
4.614292979947614448e+00
4.267700918267276045e+00
4.012210298749687709e+00
3.702533511119479481e+00
3.432136700761994508e+00
2.993391274435176719e+00
2.832981930785331670e+00
2.750529681326301823e+00
2.649869766905327939e+00
2.487641549116398121e+00
2.343372618023948029e+00
2.202051435942563806e+00
2.070536001892683498e+00
1.967133737424112905e+00
1.842902980229322862e+00
1.745442606203978286e+00
1.525803722017250008e+00
1.353739799566121560e+00
1.180999466403786613e+00
8.839087160572749458e-01
6.159080847565735484e-01
7.091497318216424262e-01
5.747205268992758853e-01
4.308864101032182647e-01
3.947875594632083707e-01
4.636221359655964269e-01
4.482547098783401518e-01
3.382897794915019629e-01
1.930580009169603206e-01
1.476066643196395634e-01
2.095663055022020105e-01
2.880998142011141350e-01
2.655830780247526168e-01
2.744773176743649512e-01
3.719510571623614315e-01
3.023958498358892411e-01
3.137795338436701331e-01
3.501483291737076398e-01
3.690797823696519986e-01
3.656105392737577509e-01
3.662774959904916972e-01
3.489605974583497860e-01
3.992760089212558650e-01
4.322043754943218907e-01
5.270443214428082168e-01
8.378150188991972946e-01
1.296463943212935677e+00
1.546298809392904872e+00
1.755522756471606716e+00
1.797509756216515653e+00
1.342015638568100799e+00
8.094477402678189604e-01
5.863421262402445100e-01
5.089042816522023616e-01
5.782182402767810370e-01
7.459987350288715957e-01
1.071086145181152860e+00
1.194808493999989674e+00
1.281936142975297566e+00
1.561245433367218327e+00
1.737993297193961562e+00
1.703635800511432263e+00
1.428261526298728157e+00
1.439534488591806216e+00
2.061309671312372860e+00
2.956683321548602805e+00
4.058393740301114327e+00
4.839125092909074333e+00
5.155256610239622894e+00
4.309178750744495190e+00
3.252167644668066959e+00
2.376440836001732393e+00
2.039120007738481011e+00
1.996588573786093779e+00
1.223522709846439405e+00
1.260980932309302194e+00
1.899232109774803945e+00
2.643049074053559266e+00
3.162083126896571894e+00
3.683935900609368375e+00
4.031417065531183397e+00
3.985776054010822467e+00
3.403599409059873793e+00
2.051064548836103008e+00
1.442979159684922852e+00
1.520588316474653423e+00
1.572998347329062074e+00
1.078881291254327301e+00
2.040119408441293025e+00
4.090577155676078824e+00
4.746253146089441266e+00
3.672130280552225123e+00
2.192628695244125403e+00
1.455907965013248484e+00
1.633358774749780862e+00
1.842685382772889957e+00
1.974863931272373696e+00
1.664166942701991170e+00
1.139308423533142323e+00
9.695064655294718392e-01
2.017029531591637781e+00
3.390482737857920092e+00
4.325194260548320457e+00
4.155615227454447336e+00
2.669668479289859953e+00
1.794757574583466520e+00
1.184546441449622955e+00
1.130466134495634156e+00
1.189961497879939101e+00
1.371562835505764522e+00
2.625291692967109736e+00
4.499684472553391323e+00
4.689225478031097794e+00
3.385856494395428129e+00
2.030939505772953790e+00
1.141382409748308735e+00
5.975505506404058531e-01
1.253220402895515173e+00
4.552849211578535282e+00
9.548245787273378582e+00
1.422462583662845148e+01
1.336369689885892598e+01
1.004485768614495989e+01
6.578671928989813900e+00
3.554735712505287193e+00
2.237087609012259559e+00
2.445299450643679151e+00
6.247830787131964492e+00
1.379979909417463624e+01
1.915516684418525273e+01
2.224272063974974145e+01
2.902356313721754688e+01
3.440575468242364110e+01
3.289653740699743167e+01
2.184638431064097475e+01
1.401318748221397925e+01
9.824791423924375877e+00
9.590076040028424842e+00
8.536655269891596731e+00
6.694691564159401587e+00
6.766771732861960764e+00
6.224806791289221763e+00
4.571264851887249847e+00
7.377410423127138905e+00
9.196314013029590839e+00
1.030583215907168615e+01
1.167569219030001548e+01
9.895771843955243341e+00
9.241608843582513444e+00
8.409939019304347951e+00
9.073225457164957319e+00
1.512299726343386652e+01
2.455907491829754363e+01
2.659114394500241474e+01
1.942879675424681452e+01
1.634754152543924022e+01
1.106319015291732732e+01
9.139953365230265803e+00
1.031739550345355561e+01
1.299729758768167009e+01
1.230581594108741861e+01
1.169895911376290343e+01
1.043528654733614580e+01
6.939527682809985443e+00
3.792504994497262416e+00
1.928213607681208197e+00
2.266141534448977701e+00
3.927164008658806882e+00
6.233790166052304293e+00
9.634053314808902257e+00
1.243810160471273818e+01
1.330815357925840203e+01
7.623046101461604884e+00
2.973790625985123448e+00
1.943666647404832526e+00
4.579851452398763456e+00
8.332581929450885383e+00
1.202961813440328243e+01
1.444460971258143722e+01
1.135867896914901110e+01
6.899880774436165431e+00
6.523115853772065265e+00
7.732106057415772504e+00
6.814294541893522350e+00
8.095907971244749035e+00
8.995944911715520576e+00
6.453131522135302056e+00
3.356667799974220046e+00
3.528409807699564471e+00
3.673874048070203457e+00
4.497871102548335109e+00
7.090905502441800401e+00
5.248415359282689430e+00
5.640529953144681308e+00
1.214289025515877896e+01
1.824224250439069195e+01
2.492497881594741571e+01
2.789921934644531731e+01
2.383072800715291706e+01
1.321405677770464138e+01
9.032791399917437403e+00
1.002505915011549220e+01
1.169560582652552583e+01
1.403805586389427873e+01
1.530683139055730102e+01
1.827024165744199991e+01
2.043735274820710046e+01
2.791125237300141748e+01
4.518991712754559131e+01
7.650732623549492928e+01
1.039746042976538263e+02
1.100051610480485067e+02
1.190603578037923569e+02
1.303961188792823123e+02
1.374049672482027802e+02
1.446064443871495371e+02
1.554903324929656776e+02
1.527523250981907097e+02
1.486191307761803557e+02
1.464901044140565887e+02
1.260625825809792957e+02
9.862598323763734243e+01
8.398040930889419542e+01
6.610554287344199054e+01
4.762954957735759365e+01
2.822705065332550234e+01
1.685451722611569281e+01
1.593067466426170498e+01
1.805698848521806710e+01
1.546236169865374777e+01
1.396688531723353144e+01
1.177823019348432432e+01
1.394229355640828416e+01
1.878650807019808155e+01
2.722737361044718796e+01
4.073132214432670395e+01
6.615061836557562458e+01
1.030790368087646698e+02
1.242213849903856584e+02
1.164177656687793956e+02
1.138689792378319225e+02
1.129212392435335204e+02
9.526427737658913486e+01
7.316752999764509013e+01
5.671571051541970121e+01
4.986517326315610177e+01
4.616568466800141834e+01
4.002387881063050656e+01
3.545328799596445180e+01
4.039394108312126974e+01
5.983335191305823031e+01
7.902798802954571045e+01
8.569741208789915277e+01
9.629055655377806033e+01
1.104794454507069617e+02
1.272826471265257595e+02
1.314806537366095540e+02
1.136838447530375475e+02
9.775098212681301391e+01
7.708267530771581733e+01
5.804909948447369317e+01
3.924646274646836730e+01
3.399272421413646583e+01
3.111566587945167939e+01
3.262399389222973412e+01
3.165335995876306541e+01
2.825270575609848223e+01
2.820593673944490121e+01
2.444268254450113176e+01
1.210082864102693279e+01
6.127589312535023147e+00
4.038490231862970070e+00
5.799274328825959834e+00
7.121588441276197834e+00
7.680785098956780743e+00
7.202379099502199011e+00
7.305360345531989985e+00
8.349862454289972646e+00
9.721911668157442676e+00
8.860475681377231183e+00
1.023389773885750920e+01
8.859600344131973060e+00
6.958083687263328265e+00
6.641662018484397301e+00
4.214660350085692286e+00
2.319763776782169273e+00
1.708884535948113070e+00
2.118590193613698602e+00
2.514060042107349346e+00
3.106302837195757061e+00
3.852983099609084139e+00
4.085576860784876807e+00
3.433726048629723859e+00
2.439840234378350292e+00
1.727646092800921851e+00
1.104164550679446188e+00
5.407074336188998354e-01
5.440428302861313181e-01
6.136139998708269871e-01
8.740343677101719555e-01
8.991326542829495283e-01
7.194554873136168593e-01
4.768082616964811060e-01
2.457025451553963291e-01
1.367270429068023763e-01
7.430256863374840037e-02
7.628894194846294607e-02
1.174618862846729533e-01
1.244839264343624158e-01
8.955860270115456601e-02
5.225264670826256647e-02
2.940906623104175277e-02
1.722615439997322515e-02
1.613978247611984329e-02
2.114082796368507711e-02
2.375611773961246870e-02
2.574535785051961997e-02
1.915526143829600000e-02
1.094396484080841468e-02
4.094271845278687344e-03
1.943127898813181006e-03
1.498280668614480893e-03
1.613373501810963853e-03
2.795684718061262029e-03
3.630274473148534416e-03
4.315978976589153124e-03
3.980639470834903410e-03
3.108190635799243373e-03
2.084662675296300796e-03
1.170865222369883241e-03
6.049541236202500994e-04
3.195049890535002555e-04
1.747828025515949857e-04
1.232237076814021357e-04
9.349389286237926749e-05
6.713073047218759621e-05
5.191765122486699860e-05
3.565162373505992034e-05
2.285159350582546784e-05
1.360837730279268652e-05
6.957424675285288655e-06
3.474129807400453178e-06
2.068297143187769070e-06
1.257524592646540124e-06
8.308793826002725770e-07
5.715854183935270606e-07
3.995496789315613273e-07
2.788337265025665969e-07
1.938900823245629654e-07
1.359547257264780141e-07
9.462556119079312460e-08
6.386246673303323401e-08
4.254189711756118668e-08
2.810484347635620416e-08
1.827426496768497224e-08
1.184392607355144054e-08
7.542003820856523882e-09
4.617954505754870004e-09
2.784672290608344322e-09
1.648824403553099578e-09
9.707266892704798011e-10
5.608207989726508605e-10
3.502639438557712789e-10
2.063297420461375428e-10
1.456691188761358698e-10
1.053290525009320957e-10
8.474005218789776022e-11
7.397276332966934634e-11
6.892317399088519639e-11
6.449422241935090450e-11
6.266666122894987403e-11
6.080163241899706697e-11
5.952584156877502123e-11
5.838922280951780698e-11
5.753607544908070864e-11
5.685909737134098396e-11
5.638412313271789042e-11
5.609969597875798679e-11
