1.071186343221488535e+00
1.249029978833126497e+00
1.161525647542863027e+00
1.109274625974921547e+00
1.032801459104308428e+00
9.706786402379582457e-01
8.764025244614950250e-01
6.945531847008149517e-01
5.608954900614459005e-01
4.102216762249663029e-01
2.926953143698727278e-01
1.934062577866786925e-01
1.381876121287113623e-01
9.344728234610542861e-02
6.985448705896654675e-02
5.278544987136449956e-02
4.028306272397829541e-02
2.966235483351261498e-02
2.347263788104650070e-02
1.903791014414167593e-02
1.608395529058979923e-02
1.339671999087935564e-02
1.174982377933445586e-02
1.056900397059504053e-02
8.872265808694677902e-03
8.047170142397168033e-03
7.280063282901881420e-03
6.774279969819379556e-03
5.770630135694519540e-03
5.143233354010924401e-03
4.950193649519155775e-03
4.406522408487539323e-03
4.149165094957809642e-03
4.031504426709751725e-03
3.862078497085544727e-03
3.724587312470176593e-03
3.272705116017364437e-03
3.032128194252889635e-03
2.834159555811089151e-03
2.522054105313510219e-03
2.601928691296633532e-03
2.619217444801264470e-03
2.388362931718740131e-03
2.177127864074188991e-03
1.991686295239344148e-03
2.035366940433059810e-03
1.837096292772188305e-03
1.687129481508110613e-03
1.621463465198564420e-03
1.596523878763599948e-03
1.422574775164652753e-03
1.419947755659211382e-03
1.359167895680296091e-03
1.265864240722321642e-03
1.304266147598970695e-03
1.307423237629924684e-03
1.166507880329890369e-03
1.111343721627663103e-03
1.187248525496576281e-03
1.204864310083837882e-03
1.182083847314807082e-03
1.140381662994917637e-03
1.162349305376215872e-03
1.131723257707596209e-03
1.134238272498688631e-03
1.222539115803706385e-03
1.321374899095433464e-03
1.345710952627589838e-03
1.361784164762969108e-03
1.327373750514458921e-03
1.351441022699396500e-03
1.408010867974230588e-03
1.451340987329662654e-03
1.734866376005364487e-03
1.886338680783829908e-03
1.862284179927842015e-03
1.771916138871654526e-03
1.669998579524536661e-03
1.823284360217032520e-03
2.102061257755827653e-03
1.881107112172113530e-03
1.323546832665833299e-03
9.911149456830596095e-04
9.136452512428573950e-04
9.331380175225104838e-04
8.891699456812904214e-04
8.124047736074556251e-04
1.014360283244026282e-03
1.194018484577445260e-03
1.289099419420872529e-03
1.197493331255391818e-03
8.895137929359745637e-04
7.956090865761604848e-04
7.235595858781656729e-04
6.216378809842633760e-04
5.736565794449323278e-04
4.833176826261379963e-04
4.599851472566838921e-04
4.741750576236752196e-04
3.519177591411098765e-04
4.058646571419589335e-04
4.819365991866477014e-04
6.405450049732654659e-04
8.460216665801276528e-04
8.778113369607369165e-04
1.000731223255809602e-03
1.198016233614491999e-03
9.815187976972815104e-04
1.028181193460047434e-03
1.279350079400391705e-03
1.292125438495951226e-03
1.071103868549767813e-03
1.494689143420811469e-03
1.526888203543272414e-03
8.186597807343675738e-04
8.877653159814549721e-04
1.995670738543964002e-03
3.943779791554702548e-03
6.404847555019488672e-03
6.882447826133613646e-03
6.686703037457753483e-03
5.922361306110957881e-03
5.520639926219314715e-03
5.198411158091783592e-03
4.923905902240386691e-03
4.544962103377428626e-03
3.259311587128093518e-03
2.748458437658394399e-03
2.185219088222544251e-03
1.569346565330089491e-03
1.278273764679965958e-03
1.239148106298782305e-03
1.105002573954761867e-03
6.642436266858751936e-04
4.838937117801308716e-04
4.875562309176612323e-04
5.309447797902842013e-04
9.046967190764681555e-04
9.421746268320496404e-04
1.256742108514262175e-03
1.324306230752084028e-03
1.271339764348602443e-03
1.657063965973546446e-03
2.588417868740727767e-03
3.404977810412751233e-03
5.054024425405985455e-03
3.541576828565805215e-03
2.428970846341293836e-03
1.783721103185634130e-03
1.387794072940042381e-03
1.500558681790635377e-03
2.278129048128254685e-03
2.302950514715003047e-03
9.210988974115034761e-04
5.075289563189809647e-04
5.390912016435673009e-04
5.987670752407480345e-04
6.271444289279747876e-04
1.232315326331565606e-03
3.111892443690738447e-03
4.919427713167722448e-03
4.715160732869433900e-03
3.859471872406303617e-03
2.321249905807668077e-03
2.418234668866690775e-03
3.698076812220438703e-03
3.127120703958723071e-03
2.172435033601780117e-03
7.634138078549780127e-04
8.801200376234184558e-04
8.360503689287805034e-04
9.365282442257279140e-04
1.447479945185312609e-03
1.502362105629248545e-03
1.510897149862234362e-03
2.030979606515590820e-03
2.126705632741062672e-03
2.756338218745968925e-03
2.653806828317115292e-03
3.571969471747352912e-03
6.024916561714288750e-03
8.239095961823832484e-03
7.436151734905172526e-03
5.683696447699756842e-03
7.349797680929887056e-03
8.516769341291472936e-03
6.810997895845497668e-03
3.527156351325622715e-03
1.384276879598265791e-03
1.394349651262793499e-03
1.666712429916028439e-03
1.802118204552437394e-03
1.459302878985932212e-03
1.596428011847805502e-03
3.579092332433639508e-03
3.395444532198281171e-03
2.148936996260532133e-03
4.379524630288492495e-03
5.490787054028222446e-03
3.210519409393416956e-03
3.697909718482886125e-03
3.762635878925588411e-03
3.054318640812988053e-03
4.569743056232988994e-03
1.795566130330516303e-03
1.065511734054200776e-03
1.112722521446966569e-03
1.248739750028287319e-03
1.450557275489238081e-03
1.529301860115325372e-03
2.077356009053096201e-03
3.305499338790485620e-03
4.768847971182270558e-03
4.831096391218842045e-03
4.235771938992431707e-03
5.990859616438384133e-03
5.542945494188510937e-03
6.415011676187972779e-03
1.041473621694332871e-02
1.678919719727800172e-02
1.988366740522381701e-02
2.188481775781757691e-02
1.345129572720493716e-02
7.464177238519996947e-03
7.660625586858548636e-03
7.651014163934578838e-03
3.439835437743083129e-03
2.488127645020188437e-03
3.895749196069012588e-03
6.104411587732202875e-03
6.532819719835486830e-03
7.637164290266218285e-03
1.127967422276271101e-02
8.840450740866284685e-03
9.015170905697174678e-03
8.190959678463500052e-03
6.057440591650991961e-03
7.069040587449298800e-03
1.631087970881942711e-02
2.866862168332990832e-02
1.705073736151084887e-02
1.216336770478363034e-02
1.933860004591344411e-02
1.651018431400223460e-02
1.697731856031130943e-02
1.888963680451696131e-02
1.725899002073340988e-02
1.861197346671482691e-02
2.447882009740073861e-02
2.007056455871382428e-02
1.013701351363690585e-02
1.223199374013858413e-02
1.104666119177251035e-02
1.063307740288709294e-02
1.596109596604514472e-02
1.980272876371224483e-02
1.881443300204527908e-02
1.893310537264834489e-02
1.048124869567817162e-02
1.699877116708172972e-02
4.074277819158314551e-02
5.327469114583843757e-02
5.336397586832975631e-02
3.645762348292731769e-02
2.402835900824163914e-02
2.064555742212664455e-02
2.190715926376601494e-02
1.834699463038166889e-02
2.177183603348083196e-02
1.758955440464474856e-02
2.494919170860717891e-02
1.994048350325108507e-02
1.490275272760631028e-02
3.843823862624254351e-02
6.580912451658250950e-02
5.891675673650579453e-02
3.904792773426517261e-02
4.631606955883719318e-02
8.433449840913490037e-02
6.939743133288285570e-02
3.549767764118143959e-02
3.368202288312554388e-02
2.684809039613842915e-02
3.705256748979753739e-02
6.736538944029711595e-02
4.682646757394703929e-02
1.276851145087354658e-02
1.213892176830420715e-02
2.062762555886223093e-02
2.594147798359383583e-02
2.783227542737429575e-02
3.347344722306549308e-02
2.593791440800597911e-02
1.322829360763775816e-02
2.461902298500196276e-02
2.832178511385744640e-02
2.374960693069262663e-02
1.332349662566443063e-02
9.838374058013531903e-03
1.465942231427239117e-02
3.169421472212965996e-02
4.287561889503803403e-02
7.181010188899331070e-02
9.804387668334529904e-02
8.346011236237693698e-02
4.170250077139148887e-02
4.025244823455141618e-02
5.847880190568480879e-02
9.102429587775598407e-02
1.601300345807206982e-01
1.945961942127438227e-01
7.447250989048041780e-02
6.293153720822416974e-02
5.816940797358449711e-02
6.565088783861396105e-02
7.741314609040378381e-02
4.031725337896478745e-02
3.156523338669236373e-02
6.489734519735021467e-02
8.208908730735127446e-02
6.439943885720264549e-02
5.283665274756502855e-02
3.146241004650860568e-02
3.786451023537072691e-02
4.648655807726822381e-02
6.586012285952742851e-02
8.031889553545254468e-02
8.456740986051419773e-02
7.021140776039810905e-02
5.148635954118841590e-02
4.228845009631974211e-02
5.015087516011265678e-02
1.094950602232970249e-01
1.150070866659094054e-01
9.395277301879131904e-02
3.755393835954370929e-02
2.354297060359957991e-02
4.710029245365357498e-02
6.144688688174732710e-02
8.975704869063655389e-02
1.184278658954435737e-01
9.949777306551284284e-02
8.481351702355542643e-02
1.876448268449515122e-01
2.328268171043590684e-01
2.418565527161610773e-01
1.304809481639812307e-01
7.073565582154157927e-02
5.464967763489673308e-02
7.738911338549166186e-02
9.170837911027064637e-02
5.496124570343118021e-02
4.895816196056317071e-02
5.731568353097231394e-02
5.291926016271417815e-02
7.198314104349186338e-02
1.037577526377647663e-01
7.664417842271226133e-02
7.464328186564293810e-02
8.816323548134843979e-02
8.128204139821203211e-02
9.074900195936842773e-02
6.770891950531522652e-02
6.864771359922293426e-02
6.814325452314129450e-02
1.147847650059886371e-01
2.090318655626846045e-01
2.049069997854677250e-01
2.183633707217629838e-01
2.088592856413652721e-01
2.168230848466363436e-01
2.352761057557450075e-01
2.172455051586217878e-01
1.751936722135384594e-01
1.723424867136266747e-01
1.650217702491640070e-01
1.438303138746076792e-01
1.299977878807173914e-01
1.047539041542936283e-01
5.806765254374976482e-02
5.119227587593059431e-02
5.233460579609396091e-02
5.480666488914946732e-02
4.287102055064191675e-02
3.564251474185181623e-02
5.378853811990039896e-02
5.458646789493437623e-02
5.301068095725840201e-02
7.664152078387961864e-02
5.927607821241083486e-02
9.786561844913399533e-02
1.232386740568907346e-01
7.186694195320458833e-02
5.231806977737515213e-02
4.449528404632549505e-02
4.618559607588460653e-02
3.691310472456119790e-02
2.733007364901488684e-02
2.728619872733241067e-02
3.071023339208476047e-02
5.477714304015224300e-02
8.131289657859364084e-02
5.410397757706518485e-02
4.832624493378247926e-02
4.034572772689309916e-02
3.316133958313421948e-02
5.232470052023845131e-02
7.865400308375275484e-02
5.453016750251070410e-02
6.183661152922580173e-02
6.412222110108288520e-02
4.144841210595097414e-02
3.517653824638950627e-02
2.245084310528079607e-02
2.334469817400330535e-02
3.062481189060336367e-02
2.213087921715605963e-02
1.363514472447458284e-02
9.981712132314133831e-03
1.272226703679673818e-02
1.547802460937018967e-02
1.602522061848609541e-02
1.619537150728095690e-02
1.067371442239517521e-02
1.300178037211202099e-02
1.709749855905631083e-02
1.750058024819700284e-02
1.396309780795336290e-02
1.774706261234837781e-02
2.650707544109552963e-02
2.464257533945074519e-02
2.359827989895897996e-02
2.171405748771407934e-02
1.370140790352771150e-02
1.453466984324539024e-02
1.061946727704081612e-02
1.038440791595702031e-02
1.299607168690240441e-02
1.610475770007304894e-02
2.338115389546270226e-02
3.105225943190942361e-02
2.578538454962832002e-02
1.618291605956908435e-02
1.022724455464038736e-02
6.065613134903492104e-03
4.275685671453216367e-03
4.516328886653458996e-03
5.946819295712942738e-03
5.535110541271775000e-03
7.274521713514332626e-03
8.170217483696081903e-03
4.879287007510008621e-03
4.584373053206234651e-03
6.565177860726521472e-03
1.074087464993643722e-02
1.363008735167352617e-02
1.538620793118536390e-02
2.096957572730671557e-02
1.982802119559000376e-02
2.097693947767454922e-02
1.821680794308736667e-02
1.817995197563594331e-02
1.516011412661965804e-02
1.204533743140288361e-02
8.989657292665622496e-03
7.154761898082596938e-03
3.877220100656687211e-03
5.399447160838193385e-03
9.002811640969604970e-03
1.075836814749088662e-02
9.693454271980277495e-03
1.008921045653802043e-02
1.092322862734708237e-02
1.404716164746847712e-02
1.920374538942175996e-02
1.588143015824287907e-02
1.058139118660074256e-02
1.048995490407488018e-02
1.245391677707654091e-02
1.312773776293333500e-02
1.795670093464927369e-02
2.254610719684590342e-02
2.938600714852083670e-02
3.466904190001630220e-02
4.185410472641128143e-02
5.273369435706073277e-02
7.260072071460337007e-02
9.696360839224922590e-02
1.281214645243596295e-01
1.699926897168402284e-01
2.205930903228102424e-01
2.680417113378444904e-01
2.954405697064908520e-01
2.840936107049421566e-01
2.241905770372915330e-01
1.787620842192572390e-01
1.144552549888803450e-01
8.198771502715498927e-02
6.580631523717024589e-02
4.747995251688577611e-02
4.594785692387712284e-02
4.152072523388788960e-02
4.183513885766834695e-02
4.081348171190597035e-02
4.155962696146978802e-02
4.138072195115242990e-02
4.199932319294689270e-02
4.231626301319690864e-02
4.264117431709429917e-02
4.290293319624167295e-02
4.308783256167199316e-02
4.319851713258429649e-02
