9.897729454243039404e-01
1.290141051365997216e+00
1.183013049418979223e+00
1.157603389585582621e+00
1.064607126871161213e+00
9.692647862184206042e-01
8.553309673851295925e-01
7.205770805694647896e-01
5.272513728202994354e-01
3.915114234621743239e-01
2.805378908402586524e-01
2.042253437643854197e-01
1.404103778415873860e-01
9.687404694072035416e-02
7.189278345812533111e-02
5.257836920219275539e-02
4.170023199947894832e-02
3.307757267074239171e-02
2.794482671602999818e-02
2.208596285011453497e-02
1.914759856887737061e-02
1.532599851491698618e-02
1.364442076122949175e-02
1.209798451113852126e-02
1.067923875648801001e-02
9.675998521802887248e-03
8.885401370653816036e-03
7.949825738767523492e-03
7.475087480641772093e-03
6.870768927579818698e-03
6.461281448424281357e-03
6.625227765272005513e-03
6.747958693922071795e-03
6.422666394670842500e-03
6.419551536644256713e-03
5.947523659875567949e-03
5.631724962240606050e-03
5.567357955638106183e-03
5.660458534323292365e-03
5.265031123394305936e-03
5.019715561078544851e-03
4.509166931854963201e-03
4.223733972902087366e-03
4.686779952073798564e-03
5.589187414176744785e-03
6.637573265248056069e-03
6.717391997653709285e-03
6.257257706621904662e-03
5.675816165002503175e-03
4.254509561016778241e-03
4.384776593220683465e-03
6.867476605053993849e-03
7.445081606611357594e-03
5.835738826256706320e-03
4.686444272856294530e-03
5.093787111782845795e-03
4.723735177789700236e-03
4.538053202807643301e-03
6.044788862806707748e-03
8.209740405907587149e-03
9.096384186627717514e-03
8.164414177822510235e-03
4.892895430369678667e-03
5.343673020149110851e-03
1.113851998470661783e-02
1.724229725729614984e-02
1.917756862987668801e-02
2.604055659952471749e-02
3.922196063183382847e-02
4.619109321527379436e-02
3.997158399614308966e-02
4.317832540545601949e-02
5.047799405144991203e-02
4.357944695139439467e-02
2.689367079595605600e-02
1.797495661080615245e-02
1.915072727764576335e-02
3.133870834671377559e-02
3.546860795900978053e-02
3.248709451005653281e-02
2.437207556060783792e-02
2.841818184699742081e-02
5.061538057678085373e-02
1.061481528041572503e-01
2.000245968677559216e-01
2.903018357674217453e-01
3.032981458389782947e-01
2.822109878021931695e-01
2.117935482919584833e-01
1.372524733002112585e-01
7.298698642979173368e-02
9.342702890424495199e-02
1.875111203877800614e-01
2.670695722748244738e-01
2.621607177405879119e-01
1.735956971958054762e-01
9.793377401136951765e-02
9.829060665986670553e-02
1.786845417942810876e-01
2.907808008420942336e-01
3.850484885772070820e-01
4.021727975284243306e-01
3.784666032339039088e-01
3.160614694574576666e-01
2.267649954002566581e-01
1.552896701472440688e-01
1.246042503131124524e-01
9.468794418990891804e-02
1.233274819550871232e-01
1.551476720413371702e-01
1.992624386305198725e-01
2.207304796329840058e-01
2.403806281327992012e-01
1.989808729079919625e-01
1.885106448436863480e-01
1.372110472617251165e-01
8.509937776215709127e-02
4.913580276139051239e-02
5.925507794018328167e-02
1.552020634644949715e-01
2.617856749416915818e-01
3.608804524868929331e-01
4.432104847130208247e-01
4.599617751778630748e-01
4.089693636063553850e-01
3.270933746836544587e-01
2.728893230813814741e-01
2.162026501931572087e-01
1.658585260707477194e-01
1.259977519427804560e-01
1.186902856032301112e-01
1.092909536944246529e-01
9.459986735174776007e-02
7.421747049084270742e-02
4.817566865598756770e-02
2.395711478691679719e-02
1.257703445119496069e-02
2.093000471329698603e-02
3.740934992495949241e-02
4.794224542317188087e-02
6.565734464658219693e-02
6.246199319819545348e-02
5.370334989347416016e-02
5.337998942973107980e-02
5.886990530003032712e-02
6.088331213544981996e-02
7.613449386903332894e-02
7.603958798170365463e-02
7.254240120414404136e-02
6.179042725687012433e-02
5.631370816253857686e-02
4.331634964807137833e-02
3.531287565785545812e-02
4.097097816065568832e-02
4.466355271221100764e-02
4.712405180337184141e-02
5.727248439893088683e-02
6.620096343095702163e-02
6.881701855948041402e-02
7.443799601099607144e-02
9.131807581746644031e-02
8.161588928560212231e-02
5.563616778031928861e-02
3.788420199620463891e-02
3.601699177374580868e-02
4.109665401742616103e-02
3.731499918722670783e-02
3.640095517718364149e-02
4.099690623219107849e-02
4.306822837362118267e-02
3.325612474040050281e-02
3.172927687201274743e-02
3.867210088876237017e-02
3.330923331039236518e-02
3.503413881551600828e-02
4.688667499603046962e-02
4.999823655417874602e-02
4.609817057347045249e-02
3.769324734683391492e-02
2.318608695995249408e-02
2.662272945384645123e-02
2.261611623438315039e-02
2.516370655699667544e-02
3.305799321046472977e-02
4.015870868737152904e-02
4.712590460587724739e-02
4.482824547830413509e-02
3.701334330582144866e-02
2.987410792581546987e-02
1.709484160593537777e-02
9.030035015242469237e-03
1.309590180389962576e-02
1.914683299640110650e-02
2.763530286536311498e-02
3.330456367299773623e-02
4.184933455068542973e-02
4.628906651855359267e-02
4.634747242459479055e-02
4.188970827385850998e-02
3.174269890033032393e-02
2.183796920852438400e-02
2.033464217241590793e-02
1.870087799435426329e-02
1.991161913911128345e-02
1.882064554026636680e-02
1.891387732425328996e-02
2.124975413970990601e-02
1.701384276620603736e-02
9.972564901066379231e-03
1.288955472794792861e-02
9.124954654663102599e-03
5.420120177978163083e-03
7.776827583531411604e-03
8.741273852463482541e-03
6.930159457696358216e-03
7.405438297221987771e-03
9.327528891133489777e-03
9.567609516689954199e-03
8.886746266685032619e-03
8.668202772319628241e-03
8.768193222495614461e-03
7.381654377800384373e-03
7.142488986869295273e-03
7.347722228641472182e-03
7.083328543039908026e-03
7.330505765011666175e-03
7.683309402639555523e-03
7.855532002365788261e-03
7.892997584645790668e-03
7.117523839796364125e-03
6.567424589268745436e-03
6.506532377118646841e-03
6.711384193696421675e-03
5.535172772185247697e-03
4.617419896861011883e-03
3.730918177492614958e-03
3.143654337973139559e-03
2.467876487401144542e-03
1.740848109947675882e-03
1.230940619278956703e-03
8.927179326764782697e-04
6.159310426901422287e-04
3.972658889347927447e-04
2.339321354721529277e-04
1.699610400828292214e-04
1.426426415298210541e-04
1.476339885119263813e-04
1.725518381263959039e-04
2.345642083964496864e-04
3.283008272594176635e-04
4.301027909131626228e-04
6.521043561251466548e-04
9.376014323662879924e-04
1.305165125863041618e-03
1.690838970844929035e-03
1.686617161044217522e-03
1.752764376335690447e-03
1.881045955617982992e-03
2.036981492869737419e-03
2.281530066459919528e-03
2.992500545793898292e-03
3.235040820975264558e-03
3.013705566147915644e-03
2.218689573280884387e-03
2.058360290848116822e-03
2.287422731765338755e-03
2.163906911591923637e-03
2.635116647027876003e-03
3.979984145338867456e-03
4.000796742960647905e-03
3.924830985519229404e-03
3.257162742907526807e-03
3.302815820451260494e-03
3.624585563422015252e-03
4.120991154491390231e-03
5.596355795250027194e-03
7.184379372880599947e-03
7.547597024159510837e-03
7.635437946448867322e-03
6.551088157242797826e-03
4.627188246260104283e-03
2.958194532473141895e-03
2.166231608294737730e-03
1.820596918828112183e-03
1.831765922245726140e-03
2.004061470099606068e-03
1.681113573170887193e-03
2.450309908558865636e-03
3.200287725698773653e-03
3.258201030056321213e-03
2.907035529176417617e-03
2.683066056042727326e-03
2.220328308642999758e-03
1.709362516451497531e-03
1.706143014356251673e-03
2.242100521505309765e-03
3.406310752293149717e-03
4.255004461793597016e-03
4.661298768373757333e-03
4.990343775476920041e-03
4.556831843352649770e-03
4.341267252508394618e-03
3.839138753153999422e-03
3.372756106571027368e-03
2.799333152233572306e-03
1.983745138371662952e-03
1.710890782201820743e-03
1.489814467760167951e-03
1.117051567757957383e-03
8.863876502319062781e-04
7.665082680904636205e-04
7.074491154154592763e-04
6.826289675291997809e-04
8.431395780758517465e-04
9.062890938995395206e-04
1.018356368022135545e-03
8.688157433042928944e-04
6.955575106653347477e-04
5.460559858381054199e-04
4.229495630112179881e-04
3.001055760932103546e-04
2.227533555595338419e-04
1.421582814115283878e-04
9.698753011659749508e-05
7.524522514485988385e-05
5.835419393646007556e-05
5.481777441248873256e-05
5.026189567897086370e-05
4.126446426675893134e-05
3.733696584286081809e-05
3.777189151411156559e-05
3.524492242631854550e-05
3.494925928844979464e-05
4.242944860350719580e-05
5.354192818866484544e-05
6.553073913406834026e-05
7.921425221705159661e-05
8.716596709095038125e-05
9.497561634724759039e-05
1.045694019200960626e-04
1.037566531379965684e-04
8.289436293528066127e-05
8.149180108933600322e-05
9.683637727304869093e-05
1.244399871234089792e-04
1.720959496908746993e-04
2.531660249478132193e-04
3.261957448318201255e-04
3.722282356012699940e-04
4.160878328257365316e-04
4.683273891995813534e-04
5.662803761036234573e-04
5.595841344518135210e-04
4.054664670134450568e-04
3.860800448835286598e-04
3.405744733967945928e-04
2.902229838087601798e-04
2.678903394730868057e-04
3.038018528832333036e-04
3.573280285527350645e-04
2.734447134290155369e-04
1.950427083292402401e-04
1.883243514092719560e-04
1.921252360006700370e-04
1.832487867419620555e-04
1.650443237195622383e-04
1.429324044277651415e-04
1.252827376934411070e-04
1.129838898575016349e-04
9.765207342945653190e-05
8.073513489231717031e-05
8.073984278696367178e-05
9.484730822212521294e-05
1.047345565701385321e-04
1.135118419481900181e-04
1.250390458010634830e-04
1.464801748807784446e-04
1.641187286103146497e-04
2.069811958921613949e-04
2.159170920901295619e-04
2.092322844430796367e-04
1.886973918374603050e-04
2.006092260598121488e-04
2.178060805440629774e-04
2.711746035177433245e-04
3.155010842088711454e-04
3.836618869571121787e-04
3.631587212750753461e-04
3.715086884279430101e-04
4.210479225417416440e-04
4.581199801932634113e-04
4.280987906845523032e-04
3.796593053743793937e-04
3.665176259778139779e-04
4.184430041867639506e-04
3.928519377854103041e-04
3.126577851943770046e-04
3.008849975308954114e-04
3.153978740250525581e-04
4.199602403833066684e-04
4.148191795443176462e-04
3.559959014706607695e-04
3.186116202767594286e-04
3.758921440143092791e-04
4.206645607061687336e-04
4.990660896116106077e-04
5.915336887038157541e-04
7.623218154044501729e-04
8.830033286405400634e-04
1.037218876153798725e-03
9.483055378347372312e-04
9.169007566642078597e-04
7.972613741960755561e-04
7.413683125639405035e-04
6.878502545901841623e-04
5.680473250522901155e-04
3.899679211442929109e-04
4.868266288080193164e-04
7.569467640487192442e-04
8.828227068321760265e-04
8.422894411359237686e-04
9.168591701778839491e-04
1.020261411725632058e-03
1.040941110391788681e-03
9.706742142673550899e-04
7.147065752266310414e-04
6.527493686386454282e-04
5.272553222077055231e-04
5.182833432723546853e-04
5.123051525816984782e-04
4.729753571198068614e-04
3.621746169672317443e-04
2.472097405442628178e-04
2.214536472216417412e-04
2.260163813040617562e-04
2.174523676572936927e-04
2.428342782991761977e-04
2.850831735397618195e-04
3.240341969718119161e-04
4.028082254135488256e-04
5.299391444536263570e-04
6.201186910087919764e-04
6.238487434546464592e-04
5.861036196863329915e-04
5.919382976619886683e-04
5.479634340209087835e-04
4.490524854757987992e-04
3.675311762171652513e-04
3.135046460651916733e-04
2.873418276305336446e-04
2.179934538902805698e-04
1.770810502048250732e-04
1.597323703710319882e-04
1.396801127769050743e-04
1.140985089213736076e-04
1.029766380436270316e-04
1.074524795995420741e-04
1.079161702334957177e-04
1.278013227892105133e-04
1.470763178949780002e-04
1.508322370489679608e-04
1.490899367057152262e-04
1.507826650493274514e-04
1.611065373092972056e-04
1.655370649994727613e-04
1.695436654998761265e-04
1.562076906739603022e-04
1.451878390487238281e-04
1.390836663237989218e-04
1.310191191494202432e-04
1.339888670229178488e-04
1.381236915776608938e-04
1.517468678387810289e-04
1.791343890811619385e-04
1.966457307848858507e-04
2.209903286141370784e-04
2.484100358670858467e-04
2.759327653424379170e-04
3.171312487060721315e-04
3.951524360463495953e-04
5.162000777908598787e-04
6.554911249772389691e-04
8.210518415183772761e-04
1.064620274102485780e-03
1.421566971902117138e-03
1.885434364962130680e-03
2.589892808742176415e-03
3.489544994010026872e-03
4.691535053048458137e-03
5.906572150298850313e-03
7.811816995904437115e-03
8.935735423298672361e-03
9.890033525665854058e-03
8.928933280279256410e-03
7.044625887114301828e-03
4.951344718169854199e-03
3.328632545403598358e-03
2.242050624847258776e-03
1.513331221974733654e-03
1.162563112215905109e-03
9.429873784788818641e-04
8.534957650947549252e-04
8.085358618107576145e-04
7.975324168973409698e-04
7.954095006013841987e-04
8.000442106688134209e-04
8.071187793509331876e-04
8.123887550445588190e-04
8.177722515707051614e-04
8.217826490387590034e-04
8.248096461402560156e-04
8.266317516717326501e-04
