1.013789416014744260e+00
1.271397958476155665e+00
1.227511418545797817e+00
1.130964569512690643e+00
1.100710329637159202e+00
9.972928384778774191e-01
9.025731783541062203e-01
7.115219344925189926e-01
5.136298756934946086e-01
4.025399429187521139e-01
2.719344999583803157e-01
1.814223308701574666e-01
1.324357813006392659e-01
9.180130546529630120e-02
6.321275402043147196e-02
4.700600202588639531e-02
3.787728870722323338e-02
2.952005583867169797e-02
2.370878271489988004e-02
1.803493086602683815e-02
1.468645204723435967e-02
1.240871771954728253e-02
1.053973243239831811e-02
9.225254332027182230e-03
7.598010428583846024e-03
6.702377162221658663e-03
6.145101057016206896e-03
5.798430395180759027e-03
4.852409810263247358e-03
4.601930055137442958e-03
4.494752707562542707e-03
4.268255030218057536e-03
3.982138118380792666e-03
3.635076773935777550e-03
3.607158097785153304e-03
3.144742129754909792e-03
2.826513223400059418e-03
3.046793850644234636e-03
3.235252440532549768e-03
2.997880348166688264e-03
2.770285596522193989e-03
2.604432308626853081e-03
2.693818363172397704e-03
2.551585838272596180e-03
2.604363043898221160e-03
3.696429762830401484e-03
4.904121428258231830e-03
4.374631917072468665e-03
3.187179956652649512e-03
2.411882341245816935e-03
2.485862259797134034e-03
3.617223234522732537e-03
5.494229998832453159e-03
9.200479759363998020e-03
9.917491294454411008e-03
1.013687942145882238e-02
8.629942379272993042e-03
7.651272652878567809e-03
1.205840927433962997e-02
1.815398688982476985e-02
2.298425893357195632e-02
2.495262463992810667e-02
2.524822283523973226e-02
2.622412443968812415e-02
3.116440582495719896e-02
4.174784578851782613e-02
4.813710483387569072e-02
4.626964388418958879e-02
4.940876229900479505e-02
5.159537268863088194e-02
5.585858306868301398e-02
5.468967741548129424e-02
5.823950978602706469e-02
7.212927697042231800e-02
7.940930752906949497e-02
7.369159780104356239e-02
6.125363017736880356e-02
4.948278408827364028e-02
4.568715849910693488e-02
4.923576904035872198e-02
3.955648901909964571e-02
2.382845251887052984e-02
1.694715738099473665e-02
1.762997741981550681e-02
1.940426995979937369e-02
1.825313252193545843e-02
1.365766685878829108e-02
1.655148397556724382e-02
1.884417766506494077e-02
1.740803336700691428e-02
1.317857255883985584e-02
8.102736961868828650e-03
6.179701961303977510e-03
4.532579411588809164e-03
3.700594559046316810e-03
3.286225804421789420e-03
2.101918925644371845e-03
1.696535878534726188e-03
1.370959895860169838e-03
7.278204209341607991e-04
1.027471252707742823e-03
1.373706538479552543e-03
1.770665601665335001e-03
2.181714588073122713e-03
1.719494165721061020e-03
1.627910134968963730e-03
1.742361606754679699e-03
1.264687069102937147e-03
1.242437522899162003e-03
1.203289427435288734e-03
1.036238638873398501e-03
7.074752918639720623e-04
6.143287299583725328e-04
4.566489291245889350e-04
2.459003653578541193e-04
2.055819507969010188e-04
2.830432682607116252e-04
3.088113522125284925e-04
2.987324718535663230e-04
2.331092420400172134e-04
1.653183239316332990e-04
1.280113224970198436e-04
1.110982209030578351e-04
1.148923181587587758e-04
1.224381916034444776e-04
1.234121638441730822e-04
1.269676566212294409e-04
1.406606433613593568e-04
1.524906029083336893e-04
1.382405244831361527e-04
1.281183980458287829e-04
1.213905725001966786e-04
1.161739242568605269e-04
1.029644314177870863e-04
9.275063033382696838e-05
9.973023611546367009e-05
9.723178348641262037e-05
1.011919881136364867e-04
1.005891828338598772e-04
1.079890994276676362e-04
9.895164540175631189e-05
8.783860724415295976e-05
9.151739200944200884e-05
1.061288080976894969e-04
1.094983027237608953e-04
1.124776067827099480e-04
9.757858546774376377e-05
8.763344555742589431e-05
7.849864771490946448e-05
7.037544802224398146e-05
6.985273604381641264e-05
7.083395639051545277e-05
7.097823265402975975e-05
6.904093891388563475e-05
6.513884013209293472e-05
5.992693928997669183e-05
5.938144833111391876e-05
6.138650965430850009e-05
6.224011658716268106e-05
6.072549415568471347e-05
5.787682896206085953e-05
5.737038724830404921e-05
5.578335108325955540e-05
5.392245676156166178e-05
5.963847186955752080e-05
5.965877135673413901e-05
5.595514976217702704e-05
5.735146124813915707e-05
5.097863971739022477e-05
5.109872187956028972e-05
5.297944920162374208e-05
5.229693675184425453e-05
5.306008123324325304e-05
5.395509750977076660e-05
5.294751266209682221e-05
5.369435335281771352e-05
5.273846095647101407e-05
5.183186639205443214e-05
4.944687762176242711e-05
5.144906800587056942e-05
5.260496668718228771e-05
5.138809302401247368e-05
4.860261269702528320e-05
4.525104032068081949e-05
4.603515235411355990e-05
4.238517477526057700e-05
4.304802757450706827e-05
4.354501423783820063e-05
4.226810951846671286e-05
4.234906061991164161e-05
4.316871450013665882e-05
4.090165370943397625e-05
4.075105245477922530e-05
4.282225625135397567e-05
4.197703644920198194e-05
4.148967088241878689e-05
4.078233876986641764e-05
3.637835679603132168e-05
3.746908977420779886e-05
3.800487830128675208e-05
3.847464161200278993e-05
3.914899462858621742e-05
3.701610470395286397e-05
3.866687623170089749e-05
3.583596433082996991e-05
3.516944280552250930e-05
3.536853459056266510e-05
3.631681415954933766e-05
3.462859646872824446e-05
3.373831060246342814e-05
3.437615655013260955e-05
3.629029493936383201e-05
3.600452495820692580e-05
3.681348573491505320e-05
3.393840773089331150e-05
3.321973027013687087e-05
3.413125637459024051e-05
3.367914966256897312e-05
3.282194401703254370e-05
3.264134818173130507e-05
3.531589063982803204e-05
6.349324114547223968e-05
8.150094847002173565e-05
3.972150984770284906e-05
2.998790147878641432e-05
3.120677525309437881e-05
3.227846079665279969e-05
3.169045185554132226e-05
2.951213993528920460e-05
2.885117173521551108e-05
2.927963305973388519e-05
2.917947408254422767e-05
2.945971817440192332e-05
2.778756626715117787e-05
2.828524498991895735e-05
2.878461003625204742e-05
2.791023956103936657e-05
2.798496441124137931e-05
2.973051900182508970e-05
2.881169574477237760e-05
2.597176267532663656e-05
2.597768790068532001e-05
2.700319562244121488e-05
2.780792100980123435e-05
2.765912377950752518e-05
2.650009455301166429e-05
2.567411511221932239e-05
2.614180023420630838e-05
2.496694053742548388e-05
2.476585370704346742e-05
2.808718667070025349e-05
2.727329656636815427e-05
2.631839742506011706e-05
2.481155045678109866e-05
2.350057251800894169e-05
2.439677554076907090e-05
2.599287307921999569e-05
2.578599870201916312e-05
2.474948715512645953e-05
2.373211891920198251e-05
2.410486167972802294e-05
2.334768756626126910e-05
2.383046087292805450e-05
2.280502766296679234e-05
2.273322036929326226e-05
2.359596923578487280e-05
2.302058023158125375e-05
2.330257744021406788e-05
2.287726321598846922e-05
2.360091996038887795e-05
2.270709132338856345e-05
2.214034011379920327e-05
2.290191726430037313e-05
2.229763822795625323e-05
2.281500452219870057e-05
2.212275064687488517e-05
2.277568123113783650e-05
2.303747241042511626e-05
2.329096904889267259e-05
2.175999207367461047e-05
2.263967508703641077e-05
2.111281036271349715e-05
2.032616316531814853e-05
2.073673007687378253e-05
2.075024526142720503e-05
2.063005714549909461e-05
2.049017181403751378e-05
1.960122299402094101e-05
1.883788454770707647e-05
1.881091618642020524e-05
2.046398734837555103e-05
2.069817853087468532e-05
1.987055910842654320e-05
2.021961615811588669e-05
1.896316346947267013e-05
1.894541482027670606e-05
1.857133808359579932e-05
1.901979380254863484e-05
1.899419775172701280e-05
1.879368984216556990e-05
1.858608477823086081e-05
1.825945375424644254e-05
1.889278626137255962e-05
1.908188724192694710e-05
1.862921668455015916e-05
1.781669102444575752e-05
1.889966633358301979e-05
1.875657097951643259e-05
1.804672258534972256e-05
1.871661782437204731e-05
1.795945920143684314e-05
1.792844894135464732e-05
1.876108631279560041e-05
1.842719596189735222e-05
1.873855943244751954e-05
1.823596015543434745e-05
1.788062699442074990e-05
1.812923296614266951e-05
1.747053645608334207e-05
1.717807383524268253e-05
1.763618018714978934e-05
1.725893593989175382e-05
1.755066156749424751e-05
1.763094375240478978e-05
1.715425092728146460e-05
1.635351994965399800e-05
1.580971814826710484e-05
1.628354716266014425e-05
1.636394835273005790e-05
1.607203506833624007e-05
1.559475045890155120e-05
1.552824141381645932e-05
1.624195653766474540e-05
1.631993620958969139e-05
1.483754962073427405e-05
1.607187287700984082e-05
1.597369320044056550e-05
1.518452046382361191e-05
1.513040266519986827e-05
1.515241036449760801e-05
1.469365650115030017e-05
1.444273470261710215e-05
1.597994755138120411e-05
1.663099442525108268e-05
1.647772468385195387e-05
1.602964604570591373e-05
1.540142592949965116e-05
1.513538574533633161e-05
1.540814092563357475e-05
1.580368512533482294e-05
1.556659571376600173e-05
1.734083924029566627e-05
1.723255333071652283e-05
1.536115065175655312e-05
1.513963345242914381e-05
1.562250942607236120e-05
1.552384578304419064e-05
1.582490114079450864e-05
1.593365444554182775e-05
1.564131279382269154e-05
1.565529051274372219e-05
1.446657567994831700e-05
1.387270737244186514e-05
1.474248094830446241e-05
1.509077447339710392e-05
1.451620646737697782e-05
1.471683842663890648e-05
1.437995014144617021e-05
1.411770055544519793e-05
1.381410004705607556e-05
1.392638314709324746e-05
1.351956586100127886e-05
1.412787249377936850e-05
1.419990619707143338e-05
1.349688669840994206e-05
1.420133302411470544e-05
1.439087728517320830e-05
1.310207112060235535e-05
1.330469023259908692e-05
1.304367344830588348e-05
1.255618335063437443e-05
1.321033645560084638e-05
1.345315279627407665e-05
1.354181642881617254e-05
1.298648869582152397e-05
1.375944091573829870e-05
1.360513558286772182e-05
1.317654903538253370e-05
1.289481733247312419e-05
1.306016233749065228e-05
1.395565345291840922e-05
1.333275957623694938e-05
1.289846214767063268e-05
1.253825373810439976e-05
1.269345538503151803e-05
1.269400581049400871e-05
1.201886075322016384e-05
1.230500982104559142e-05
1.205257455762264751e-05
1.189478460057045050e-05
1.176802902191822686e-05
1.171196439864367863e-05
1.144575240609966200e-05
1.181780320442667584e-05
1.119960143735389324e-05
1.041332662015918237e-05
1.037348737738145465e-05
9.983518690666707293e-06
1.087784774347586261e-05
1.104562807217453362e-05
1.052062502973242236e-05
1.042714942624772751e-05
1.000898321614657091e-05
9.750810714474129654e-06
9.992381464042794569e-06
9.396576535740273830e-06
8.740922167615138277e-06
9.126726768079884434e-06
9.244446235507365177e-06
8.915665656175879582e-06
8.651580333402299159e-06
8.636554487115539740e-06
8.448210931362284262e-06
8.053474798700295829e-06
7.586939374400945633e-06
7.047647381150548999e-06
6.918311525951496344e-06
6.896419928926521933e-06
6.691676650522513053e-06
6.385151432874536402e-06
6.085320963091820825e-06
6.246578188246147470e-06
6.539645223064871997e-06
6.267786283330398595e-06
5.646594682661748140e-06
5.517683848042225845e-06
5.570929937242596125e-06
5.456402629795435171e-06
5.348731660676675350e-06
5.166898088770303068e-06
5.292227110947683544e-06
5.220230833122371641e-06
5.246980793074349173e-06
5.175771662197681791e-06
4.857233908312088045e-06
4.564884429574795992e-06
4.727789205359044124e-06
4.945735257964770767e-06
4.925041480678035451e-06
4.723728695213097176e-06
4.762538113121302966e-06
4.779520726120815432e-06
4.742800678459923494e-06
4.945162803071596686e-06
4.849611093293161089e-06
4.970914759697839091e-06
4.708520068884297586e-06
4.786380484164425577e-06
5.051365848658764021e-06
4.868453440412656386e-06
4.826590007398620000e-06
5.044145176886325209e-06
5.253088769418529956e-06
5.135059534695882600e-06
4.669373465047696761e-06
4.830767913127463580e-06
4.970581232167036591e-06
5.030930431204519004e-06
4.976808338007667243e-06
5.013008260762000165e-06
5.426943109640451005e-06
6.013406943011938275e-06
6.298517863889230460e-06
6.328747931792629273e-06
6.441299273243240616e-06
6.883253390256766530e-06
7.443068566421028364e-06
7.893081334816884632e-06
8.874445160800593121e-06
1.028400198556783990e-05
1.243575828629427036e-05
1.384184902496830449e-05
1.547255474960882606e-05
1.928388596294269668e-05
2.439945865187397194e-05
3.042549593781261746e-05
4.064437313364946576e-05
5.311818216432045460e-05
6.832586777734993083e-05
8.438337782935782902e-05
1.131269416767205152e-04
1.299980603065594266e-04
1.432003964450755638e-04
1.298575926312491556e-04
1.011088124351398692e-04
7.196269671578570408e-05
4.892013392695845745e-05
3.081161284153698522e-05
2.092366936086889647e-05
1.541484082383311085e-05
1.243012690476088798e-05
1.063596886354406930e-05
9.904173699106225942e-06
9.807688828535753264e-06
9.642124719399370916e-06
9.683201008965533859e-06
9.756957167749939340e-06
9.776120671293735362e-06
9.823214968002685421e-06
9.856748859221268192e-06
9.881016166045851921e-06
9.895758143680212851e-06
