1.002028191778547628e+00
1.264521740353478307e+00
1.192574632046556449e+00
1.201299676266876171e+00
1.055693510175657046e+00
9.680996313028169542e-01
8.566931203643364245e-01
6.939516149114711707e-01
5.251262261967531986e-01
3.994935804661018386e-01
2.660930959534635876e-01
1.819941480565261671e-01
1.354884468598002711e-01
9.617890583217528211e-02
6.436792037847827164e-02
4.907906014586986554e-02
3.803375075400425298e-02
2.763561274849767394e-02
2.172459433723671063e-02
1.858629516348563743e-02
1.535514968685464804e-02
1.256118602910297026e-02
1.098418153393187352e-02
9.874710532580809400e-03
8.720696504916370870e-03
8.030172740707235482e-03
7.572352977897274517e-03
6.998657318636407332e-03
6.180297350741290573e-03
5.543219589621664264e-03
5.603046201403204425e-03
6.042962938089924997e-03
6.019878788626484636e-03
5.712934452569982599e-03
5.395449675285013749e-03
5.067894850284901387e-03
4.198733600195191790e-03
4.711926609550763992e-03
6.197210003181707373e-03
7.447366924271127918e-03
9.172179129700386638e-03
1.061702169326302764e-02
1.071580780748070810e-02
6.219302500526800899e-03
4.978198982458205586e-03
5.045383748643837533e-03
1.017759333869808561e-02
2.657862465153437714e-02
4.764809860389411511e-02
7.288667446442662068e-02
1.363649587731022850e-01
2.180117893883052327e-01
2.468993515331335542e-01
1.985989156165565150e-01
1.946287652254117262e-01
1.875063184548828310e-01
1.342754662414876454e-01
1.014770398110371868e-01
8.539221369097602099e-02
8.046163511026367676e-02
1.307912106456044221e-01
1.276863078626638281e-01
6.305284835559243906e-02
2.448505282104290401e-02
2.105199176722350948e-02
3.994194603339937949e-02
7.031395065209822270e-02
8.334543300969463053e-02
4.097175671148213516e-02
3.783708903522532696e-02
6.078798135109340917e-02
1.381668750507620835e-01
2.368866217235497673e-01
5.096396082746873502e-01
7.128867315259359572e-01
5.546597795454164537e-01
2.949419381953750641e-01
1.513305622023863317e-01
2.104432324354969797e-01
4.358915054344441598e-01
6.173328652129077554e-01
6.387919286879241154e-01
5.891620414404642458e-01
5.228191403684396832e-01
3.953871473697322392e-01
2.533658077182794899e-01
2.692291222716200472e-01
2.926928516306919748e-01
2.190641957800861239e-01
1.729223638543639086e-01
1.190495137001411491e-01
7.869302718240250849e-02
4.342289065572925433e-02
2.223787641589581102e-02
8.542517778325089961e-02
2.077880177637885517e-01
2.831061093221805547e-01
3.092945581002840560e-01
2.493994722468446390e-01
1.314248363523980723e-01
1.431872181313608994e-01
2.567095599486624580e-01
3.529388088463767392e-01
4.061656365455956763e-01
3.998480305458444461e-01
3.415429891873256185e-01
2.736729422088912678e-01
1.833976209049659467e-01
1.248377512092709585e-01
8.838990523608473981e-02
6.207365810734078587e-02
4.530922353462362578e-02
2.615874529748344127e-02
1.043057281857805163e-02
6.305998336594394876e-03
6.440366426530615834e-03
8.547978464726388795e-03
9.523827421379979855e-03
7.937208787692974499e-03
4.602324942553573037e-03
1.812580868740932324e-03
5.773173081399888282e-04
9.557414935906979056e-04
2.536902238371293358e-03
4.266797706584022319e-03
6.112072225226579218e-03
8.513892301054863665e-03
1.467141411217375013e-02
2.248128515133321001e-02
2.863448160123346908e-02
3.181173377391054852e-02
3.365839004466007062e-02
3.594533644095435077e-02
3.686926763978509713e-02
3.663247089322711758e-02
3.368832268032291577e-02
2.924189973772415782e-02
2.581547595342133239e-02
2.301717163956708279e-02
1.857929049446111966e-02
1.578825224150631409e-02
1.407518432219883459e-02
1.207128545596276858e-02
1.006557889593126358e-02
8.505038142545995328e-03
6.641468627310478066e-03
5.197984568865153879e-03
4.290394464265758108e-03
3.263876465221912833e-03
2.538375380157474777e-03
1.865577487519805549e-03
1.288702440668433894e-03
9.113851381132830878e-04
5.291562924202948201e-04
2.913842222221709496e-04
2.315260924162002812e-04
1.583704079121208189e-04
1.063077702352247596e-04
8.769851570413983249e-05
7.806418797586610445e-05
7.131687588801037493e-05
6.830863969567374852e-05
6.146852978264535363e-05
5.753368309261303873e-05
6.014080050249002269e-05
6.351977033023269365e-05
6.410298354525533480e-05
6.534641914310753135e-05
6.991791768394124934e-05
7.274257224168708942e-05
7.642360662348040787e-05
7.904150434981884366e-05
7.589424418943093917e-05
7.229585575891212229e-05
7.224929620655673825e-05
6.678707223450339539e-05
6.601355177790298374e-05
6.745081072357697572e-05
6.420067651568020191e-05
6.289667841843627177e-05
6.785394928782325068e-05
6.209601919273538290e-05
5.651382891138167857e-05
5.250239761457434917e-05
4.872777315858481932e-05
4.892142093467494174e-05
4.693215504084827358e-05
4.630695917648698206e-05
5.021088846728784087e-05
5.304882424746961854e-05
5.927759616729380348e-05
6.720014539262442004e-05
7.836449975068585875e-05
1.034247309015785230e-04
1.160121425005786790e-04
1.214902218149543206e-04
1.130132846734017917e-04
1.205851479848201157e-04
1.648820568066630091e-04
2.301308593944046191e-04
3.209537104071714182e-04
4.070228131752872997e-04
4.453456640949829837e-04
4.017133574067343563e-04
3.063464771749216842e-04
2.235525555083804964e-04
2.036014083911669983e-04
2.076590094269958442e-04
1.201629321912140916e-04
1.091242133842604506e-04
1.560447475985906034e-04
2.096436151224952019e-04
2.472876400901078222e-04
2.797651630628851505e-04
2.804565589672305742e-04
2.349814524667828372e-04
1.904709520992969288e-04
1.186107751836690093e-04
8.921848218735620401e-05
8.580297511288738420e-05
8.893677614560961859e-05
9.246387389021011323e-05
1.267968360398522400e-04
1.308481017357041216e-04
1.152725240623313761e-04
8.812152254905408159e-05
6.123509697820590770e-05
5.170950545017285511e-05
5.181075555029000996e-05
5.081437861457405771e-05
4.996187443678180482e-05
4.281787636994879186e-05
3.720895999617803107e-05
3.489948510165491680e-05
3.917381107246341554e-05
4.534172662735312724e-05
4.492816300404820087e-05
4.114849036026089351e-05
3.588970701632763962e-05
3.389130084537856171e-05
3.031590514172079841e-05
3.057052337080058978e-05
3.086194774651695549e-05
3.163606652438550790e-05
3.220693280391524917e-05
3.632972729275737447e-05
3.783528474646003252e-05
3.218924259304220499e-05
2.891212661206376305e-05
2.894144380123442269e-05
2.814935115255773991e-05
3.029077328223669829e-05
4.021041387807858789e-05
5.495291767793273994e-05
7.149392014752603238e-05
6.993095909054500953e-05
6.273543102673581628e-05
5.045390772942248421e-05
3.722590198729518098e-05
3.435721507303584753e-05
3.298071180175580152e-05
4.776825825973093692e-05
8.102029554977685185e-05
1.120630145009776901e-04
1.402941782735065888e-04
1.993041822909051640e-04
2.453694128056235074e-04
2.578576200463988900e-04
1.902588394157963463e-04
1.215377599421373881e-04
8.853436724046059229e-05
8.179001344349870267e-05
7.741210868753402655e-05
6.552155429528053090e-05
6.303601135855879862e-05
5.903362949022607404e-05
5.058277637335729731e-05
7.430405198146569363e-05
8.735577162728862840e-05
8.730073917812968291e-05
9.306838698997078700e-05
7.609409907048175152e-05
6.983069947072020965e-05
6.273462805324074782e-05
6.387184334684530593e-05
9.019528915562233793e-05
1.294197898670824140e-04
1.277414484458561420e-04
8.944062951174242741e-05
8.143332395894662789e-05
5.927225749673955207e-05
4.307086592761250494e-05
4.453672797853482302e-05
4.996692618418262054e-05
4.596511490704230732e-05
4.339139973595780678e-05
4.225715326434706067e-05
3.419606653599665847e-05
2.696780662799661978e-05
2.359073147490692047e-05
2.292361857955507842e-05
2.408419394382634956e-05
2.688264289240006305e-05
2.919256609447760362e-05
3.254958247700752747e-05
3.383221723358733051e-05
2.712116835890796113e-05
2.275244747786553745e-05
2.162044401866356554e-05
2.402822574808404217e-05
2.535143612922913781e-05
2.733018998156196025e-05
2.980735471723727702e-05
2.760942565734967859e-05
2.336281876748868143e-05
2.225298263216172136e-05
2.223752754837325914e-05
2.299109459156559561e-05
2.455753999650923087e-05
2.444431468965631006e-05
2.139948334915753574e-05
2.015820052893971506e-05
2.044123637070007830e-05
1.947428771206398862e-05
2.015615338032366834e-05
2.199708010360184167e-05
2.165553729975005308e-05
2.350375515323995302e-05
2.784863283022071258e-05
3.244311916789449309e-05
3.712776689859870796e-05
3.863473834027148694e-05
3.715475282324424457e-05
2.933960072665286139e-05
2.547487980644173408e-05
2.759375413461562677e-05
2.884707094767842688e-05
3.076896626429803373e-05
3.362268596575433683e-05
3.362266275027845589e-05
3.364994351129431714e-05
3.972486263342851656e-05
5.549076072909331088e-05
9.025065099407215074e-05
1.199455579556565351e-04
1.199914528941543320e-04
1.274232643503864053e-04
1.335730463506722187e-04
1.315613481394134932e-04
1.374944516984972316e-04
1.652574120401989510e-04
2.637031176445298660e-04
2.467137916670015607e-04
1.420601276583598812e-04
1.144727787286399463e-04
8.643338780601824583e-05
7.131095787826758313e-05
5.600508034036640910e-05
4.515585738856934585e-05
3.380647876857171153e-05
2.735151790846638390e-05
2.785034677335465283e-05
3.340864446238539016e-05
2.749768757565671702e-05
2.416347516945454668e-05
2.222729629833399156e-05
2.193235492865234522e-05
2.104047936714624679e-05
2.184278533127818992e-05
2.514289061050962743e-05
2.855496885702365613e-05
3.366558159157897058e-05
3.379685212953967966e-05
3.019506019993697271e-05
2.731104954915776579e-05
2.405667269446697503e-05
2.129445578994088126e-05
1.866274770875812065e-05
1.632391255051716242e-05
1.632280521679907489e-05
1.414370293100234918e-05
1.431490604400904743e-05
1.490772490209845607e-05
1.372027972993346695e-05
1.327399048566239119e-05
1.420351400615658826e-05
1.557507032726677197e-05
1.534510860138411760e-05
1.540404006561478349e-05
1.720361678822348989e-05
1.758125114773988629e-05
1.669945280796135398e-05
1.554926963195418769e-05
1.476137047805981205e-05
1.366867752025601896e-05
1.433242703333088273e-05
1.477322471646543586e-05
1.361771861750107352e-05
1.291955722790088889e-05
1.253902630165272459e-05
1.248212179408284529e-05
1.292667993752232605e-05
1.291316560838641649e-05
1.183525226478610465e-05
1.143980164199542852e-05
1.084574012788985529e-05
1.127349135521114225e-05
1.153854419298022289e-05
1.119060394152056427e-05
1.045769695198767716e-05
1.088178542026566827e-05
1.116842157836787467e-05
1.102448854050383087e-05
1.030731626679835725e-05
1.051537389989493395e-05
1.012815509019437988e-05
9.524362355302265138e-06
9.983957217247732319e-06
1.019777628103924711e-05
8.982583494435216360e-06
8.687603763204526948e-06
8.807938120988214055e-06
8.963289594516846333e-06
9.107865758118293399e-06
9.010021921634314522e-06
8.534129756721375718e-06
8.401500779551079970e-06
7.948868916415921697e-06
7.438694773071555672e-06
6.965226548926359263e-06
6.768118358447697085e-06
7.442542632325949247e-06
7.118898378276564284e-06
7.311399798347223692e-06
7.453826257732135003e-06
7.114964559903680327e-06
6.751868770032743435e-06
6.383750657974354519e-06
5.984708748952213718e-06
5.669613421476633254e-06
5.910261343419226291e-06
6.150043784716401826e-06
5.943859101657565801e-06
6.047612322942113176e-06
5.802967610099375805e-06
5.285555871872434155e-06
5.083086182158835344e-06
5.681364789521989561e-06
6.750803314652523448e-06
7.711704694398318602e-06
8.503762107662213410e-06
8.376778507872419433e-06
7.823947031349653289e-06
6.149411678929805170e-06
5.576383939958243249e-06
5.798553689046076780e-06
6.467851455284764987e-06
8.243557408164490220e-06
1.119493382790380634e-05
1.476448465932009226e-05
1.765947832634802086e-05
1.905030988294344183e-05
1.940702184165575490e-05
1.706644119256833127e-05
1.402998339060669034e-05
1.232741631286107909e-05
1.149503871912626763e-05
1.188735953997630264e-05
1.283661583981096757e-05
1.285922972213657356e-05
1.466008760851192679e-05
1.690138009116622637e-05
1.712575408362277757e-05
1.710178224666829340e-05
1.607553299040513173e-05
1.644425385190119036e-05
1.776076868989861523e-05
1.872866184494387508e-05
2.140350627584149942e-05
2.673023627222445502e-05
3.404936361656981579e-05
4.235846814389114176e-05
5.400587597922207014e-05
7.097812594100316090e-05
9.429453162909379042e-05
1.259111940732725971e-04
1.780437464087492234e-04
2.361437809650399164e-04
3.109983294436896063e-04
3.929381948513426459e-04
5.287588628686746726e-04
6.122575642158144260e-04
6.699600757435398473e-04
6.156802296855405122e-04
4.718758574292417746e-04
3.329318183105283487e-04
2.072457386785743342e-04
1.266109640997970757e-04
7.386275536587612268e-05
4.631481595116096413e-05
2.869864401661044518e-05
2.130975159469361246e-05
1.707685379259495681e-05
1.575628980212598798e-05
1.517724912634665145e-05
1.506539099897768223e-05
1.516267070236097953e-05
1.527561741268001835e-05
1.540283097511520788e-05
1.549227265679593125e-05
1.556305785362309651e-05
1.560506763985904634e-05
