1.412434180415410922e-06
1.393328284160019313e-05
3.295908025113244229e-04
3.793005082173591617e-03
2.318639483670860424e-02
6.904318763175731899e-02
1.039991481887931474e-01
1.044368360154276365e-01
1.014633530252303378e-01
9.290923785632954068e-02
8.379228527653963254e-02
8.109327917614801706e-02
7.985557363919598695e-02
7.916643456615095331e-02
7.837891469744620587e-02
7.775193588328205285e-02
7.906664940339901138e-02
7.890690758497208301e-02
7.856667253546624485e-02
7.925432998708085985e-02
8.013614850459341299e-02
7.883296122263909467e-02
7.868801714655083990e-02
8.090889593057602747e-02
8.210946938510248205e-02
8.063114102269225425e-02
8.074695034925270798e-02
8.271586617844935152e-02
8.499437581777458117e-02
8.657055561958372503e-02
8.812822329234536178e-02
8.913025733999475897e-02
9.187781798943299438e-02
9.488721694152280062e-02
9.658213778835730845e-02
9.680106352721692953e-02
9.817717246338791837e-02
1.007445020242004885e-01
1.034499521142005080e-01
1.032968591502386596e-01
1.025260549722198655e-01
1.037878787754875493e-01
1.050864083538630561e-01
1.047825955277201376e-01
1.050798956517476485e-01
1.082078026172838825e-01
1.125091516163298222e-01
1.144339165853480444e-01
1.160581848724628745e-01
1.175485685319666296e-01
1.180448944245854198e-01
1.210489833243025698e-01
1.250078711399403575e-01
1.287379184173939317e-01
1.300128585464128683e-01
1.296098407199130220e-01
1.261150069698291909e-01
1.237582641095266167e-01
1.213759539316544844e-01
1.253486316708858628e-01
1.357060050425275277e-01
1.453530488048910829e-01
1.443562875446693095e-01
1.350048741296447363e-01
1.299852823838780480e-01
1.306429996101483859e-01
1.349764594937061524e-01
1.415197791347569678e-01
1.525783130158196166e-01
1.669782626952411031e-01
1.769229822131186125e-01
1.793393253280232136e-01
1.843576272775848124e-01
1.858042849307476596e-01
1.764987616535220738e-01
1.704885824055184240e-01
1.730714444277200170e-01
1.904590131193353020e-01
2.111691699941178058e-01
2.225375238985650705e-01
2.160010780635596983e-01
2.056025328408870867e-01
1.947386555378950723e-01
1.925186553966802550e-01
2.127361884974766637e-01
2.614279957403843335e-01
3.062927758547873136e-01
3.268370742166955556e-01
3.168490713106311141e-01
2.874196883615810494e-01
2.622918331439680339e-01
2.766337801441484112e-01
3.243331131859233940e-01
3.919547639518607962e-01
4.293013753366766716e-01
4.120630825449664858e-01
3.738467043150744407e-01
3.604755142633712106e-01
3.749539845646931435e-01
4.255680978924296642e-01
4.827323289364140457e-01
5.024221239647699289e-01
4.994588902229357696e-01
4.791231985369441282e-01
4.488243819033830850e-01
4.156782934138953944e-01
3.982483493600794122e-01
3.803583903084785112e-01
4.156030414296714715e-01
4.789658687230066714e-01
5.336311283665845506e-01
5.786330809700668265e-01
6.187270254525438773e-01
6.072009865413076080e-01
6.084274119956828430e-01
5.825942113547682988e-01
5.461790066448511949e-01
4.910018471870958856e-01
4.615462214194549495e-01
5.098382471053123366e-01
6.399021647543738922e-01
7.815270223581222142e-01
9.150603738379977647e-01
1.007844741787072618e+00
1.025423818248124785e+00
9.813814059317377270e-01
9.400244237787889201e-01
8.724983999770463683e-01
7.983165823636683145e-01
7.626560088363169010e-01
7.915340994106555561e-01
8.064719845899820383e-01
8.053250518663404023e-01
7.797140550319349162e-01
7.193192374355807939e-01
6.273645911166982891e-01
5.665168833648405178e-01
5.531725149925016405e-01
5.892980749565815968e-01
6.107196131988503751e-01
6.840144875661815504e-01
7.058196437650436916e-01
7.076082978259398137e-01
7.019926953821720161e-01
7.073986913182569447e-01
7.097015397767727496e-01
7.547350881348972029e-01
7.929725363153948825e-01
8.350027181660841791e-01
8.118117746315576255e-01
8.107136544220892027e-01
7.621572902364239788e-01
7.053450085703257821e-01
6.721319847977378359e-01
6.705895788044633488e-01
6.514402631390792120e-01
6.393928921072603577e-01
6.916991361223803203e-01
7.124708981699593435e-01
7.222451819657972338e-01
8.413894369280934260e-01
9.011048324108154040e-01
8.420304537481260176e-01
7.284830307677681027e-01
6.846625047498443584e-01
6.752345555961174473e-01
6.822589336238823465e-01
6.918978319260418175e-01
7.173229702608910907e-01
7.317250221560034351e-01
6.489553098472424786e-01
6.273850013117644453e-01
6.695637975514064921e-01
6.456708023297488275e-01
6.566330273746232571e-01
7.173851079935932296e-01
7.855525680055659432e-01
8.538768006256649556e-01
9.820635541858750983e-01
8.736145113687989738e-01
6.809162483240928099e-01
4.640019252628733715e-01
4.575371049529453060e-01
5.431387497573901824e-01
5.964504683504715521e-01
7.143652116409772157e-01
8.288196724500966894e-01
9.716196001952541739e-01
1.045080469011700153e+00
9.072868432335555733e-01
6.887563415022961433e-01
5.298422144699658221e-01
3.504188496043199041e-01
2.675622878962710671e-01
3.310417761208673815e-01
4.595916837870105409e-01
6.619312289332659471e-01
9.979918429623774179e-01
1.339422328000474893e+00
1.267535003528201587e+00
9.565398241658522593e-01
8.342637607813724321e-01
9.362014981902949673e-01
1.033800367476863880e+00
1.172886827943500077e+00
1.359566997154398882e+00
1.667729710093938111e+00
1.529703633733832557e+00
1.263629771464628737e+00
1.607811339415575524e+00
1.151841389969323393e+00
8.011992881738061456e-01
7.811954900240917210e-01
6.201687426363956535e-01
3.127644223392642142e-01
1.840244224833740005e-01
2.109788492527498172e-01
2.307529910279425001e-01
2.119798263083636225e-01
3.332876595517503260e-01
4.407957475701426708e-01
3.967096631930727701e-01
6.655092176975329066e-01
7.767763802326836942e-01
6.025169857824317354e-01
7.347302213982687125e-01
8.982979812011702148e-01
1.181964706315906444e+00
1.629714524812148069e+00
1.873579405698322153e+00
2.230284384334181969e+00
3.002560976305256091e+00
4.275466440248620437e+00
4.620949546190784574e+00
4.661879531783907460e+00
4.674447034189549655e+00
5.224195513577535976e+00
5.630451412204177331e+00
5.254484281682294089e+00
5.214237550677573552e+00
5.812481628361855002e+00
5.983366757664664526e+00
5.774605348539881611e+00
3.986093330790144496e+00
3.552024106182692709e+00
2.549985725908266332e+00
3.199363942609553035e+00
2.704184465030086582e+00
2.594021696869527993e+00
3.408497028856117161e+00
2.943546828688444528e+00
4.044082371983395596e+00
5.651573136110149775e+00
7.747471335947760274e+00
9.072388259918785280e+00
8.246072977355748179e+00
7.225106513081597015e+00
6.626445594518878046e+00
6.491735667926354481e+00
6.458759090079324139e+00
8.476393524793623513e+00
9.202786992406290167e+00
9.187038161900451527e+00
6.490892395592167574e+00
5.177826165514513690e+00
4.827473080136825523e+00
4.192328575663647250e+00
4.957555620315649669e+00
7.463838970147640417e+00
7.742429871862029245e+00
8.725588650234902488e+00
6.489410120054690978e+00
5.820902142021271430e+00
6.384738377201664150e+00
7.343100898732521031e+00
1.146185843544080640e+01
1.687570340470226427e+01
1.864496267615167469e+01
2.083983354474773009e+01
1.911021286721116397e+01
1.235397740611281137e+01
7.217756692467010460e+00
4.666022105243994744e+00
3.392145843520721904e+00
4.340252715281428308e+00
5.352054740920291209e+00
3.864189277179530535e+00
7.084407708471480269e+00
1.003348412881267215e+01
1.038032576169411136e+01
9.500163382238190124e+00
9.096635685471703425e+00
7.379726453058323976e+00
6.903087256827736162e+00
9.138592512376773058e+00
1.472080999591169004e+01
2.349623246051978143e+01
3.280112917616403223e+01
3.957636940460442787e+01
4.508339244919810085e+01
4.345319255625945942e+01
4.561745695721955940e+01
4.330965148859350933e+01
4.229325608085763832e+01
3.735045890709869809e+01
2.698143651212139815e+01
2.427613798486688523e+01
2.257702108795905005e+01
1.952711646483582442e+01
1.677521816619573869e+01
1.730452933072951893e+01
1.884144793022845477e+01
2.206445598635684746e+01
3.298402797871158043e+01
4.213436756342142786e+01
5.520301868383943855e+01
5.302143285058634348e+01
5.022228553594817413e+01
4.677426156624495945e+01
4.412327200965046359e+01
3.801550323065323056e+01
3.209990159651747632e+01
2.024287581675664072e+01
1.488280411118392976e+01
1.405939035008707272e+01
1.198330837804666515e+01
1.391602852995989892e+01
1.451801917674090880e+01
1.487511827438903289e+01
1.656779018496380473e+01
2.457053628467557971e+01
2.330219422760620418e+01
2.532646873115836073e+01
3.574558327868026453e+01
4.851509321674812014e+01
5.797040653691072265e+01
6.835383570919857732e+01
7.121489203258833811e+01
7.358751911541038737e+01
6.978407376586433486e+01
5.932106077149736478e+01
4.092132473970317363e+01
3.735981754655256992e+01
4.313676604574627760e+01
5.542888466590959951e+01
8.228507471799818518e+01
1.235438866172500099e+02
1.597059934146495834e+02
1.765900079229664641e+02
1.878848746297270509e+02
2.029538941293383516e+02
1.942460782935040697e+02
1.946140504209227231e+02
1.910796131557185049e+02
1.855493678129228385e+02
1.623811559548917955e+02
1.440874960315458679e+02
1.393913507998235275e+02
1.483178353001110281e+02
1.430776006447802615e+02
1.388036386981900421e+02
1.268068773464588475e+02
1.374412882170886689e+02
1.507759885682343395e+02
1.567415274761889918e+02
1.582618030606866739e+02
1.462695792152924525e+02
1.413364769751367476e+02
1.317674673004009378e+02
1.176434913319288995e+02
1.020689931190564721e+02
1.088116439520131848e+02
1.332506782906356193e+02
1.454833839024188933e+02
1.631493780411456953e+02
1.722136652473844549e+02
1.812551479732272242e+02
1.870686721002996933e+02
2.082244613316827042e+02
1.938023156560808218e+02
1.616902139701971919e+02
1.145877749238828187e+02
9.667748929035980154e+01
9.459872509097134241e+01
1.125270530281082557e+02
1.216417840704312709e+02
1.336272114718041450e+02
1.085306040298492434e+02
9.733364839671118318e+01
9.488656361863252187e+01
9.537695965208294524e+01
8.419708920784134421e+01
7.053505680671530342e+01
6.241931781986509975e+01
6.728976780795723300e+01
5.805153081176175078e+01
4.216721419801032766e+01
3.177208359012582406e+01
3.262100508019832290e+01
4.177711789464957803e+01
4.180496749084809949e+01
3.595659811172638598e+01
2.917252859286552535e+01
2.915060142661551978e+01
3.080521373788572248e+01
3.708110936156131743e+01
4.531317366252318379e+01
6.193092842237418694e+01
7.011497745603857368e+01
7.657778974488732615e+01
6.581207342059859400e+01
5.573212611351968349e+01
4.353464750106027026e+01
3.740221605164930452e+01
3.356964527701597945e+01
2.843034165489094889e+01
2.034107206721912320e+01
2.322349886163861044e+01
3.351644696605869456e+01
3.904227184572191334e+01
3.536946754806657367e+01
3.592539143555944037e+01
3.894310479405258008e+01
3.795683859867560273e+01
3.396064781349019768e+01
2.394066956268010316e+01
1.848236110860170811e+01
1.258466366457021657e+01
1.079487043204102648e+01
1.003907008544778279e+01
8.479823590934781663e+00
5.797118243216586642e+00
3.408198852478431018e+00
2.524714243422794269e+00
2.133662360752440090e+00
1.850531575922861327e+00
2.020268299008724622e+00
2.447218435259034486e+00
2.648815625346385705e+00
2.851472576615310395e+00
2.928495141639727350e+00
2.790343324469937603e+00
2.406490465166374104e+00
1.915427462175006479e+00
1.607813129794712248e+00
1.276114205498935839e+00
8.804477218849262599e-01
5.727411765523986453e-01
3.809484996317924477e-01
2.591823378413769530e-01
1.565735708441740315e-01
9.546255135820438942e-02
6.947818318498323598e-02
5.099742497475951569e-02
3.387998968765715962e-02
2.373070429852426957e-02
1.942279044699169246e-02
1.571549788945466111e-02
1.466711858900319500e-02
1.341137899602923289e-02
1.080236881786618419e-02
7.874706592259412066e-03
5.723653324002857951e-03
4.396596361641225657e-03
3.256683823477401520e-03
2.229513950728637985e-03
1.403165102987320115e-03
8.562400866166560960e-04
5.139385740874048095e-04
3.017007383302478126e-04
1.810503021251722478e-04
1.063260265304738202e-04
6.561311232968260740e-05
4.466114810576671002e-05
2.924570054604880547e-05
1.816024192790165423e-05
1.107134328870876720e-05
6.741061293197166207e-06
4.272764677541194408e-06
2.952013701835819403e-06
2.090893546904039803e-06
1.414047829527469544e-06
9.293342161092074995e-07
6.002703858864325075e-07
4.052142533562564817e-07
2.701451935578923215e-07
1.745688989305961954e-07
1.142848522709719144e-07
7.334342628440664516e-08
4.657148886107988751e-08
2.914233637101472960e-08
1.803069396210580349e-08
1.103661117825615964e-08
6.684770689438274714e-09
3.944433733392648263e-09
2.398375741237244431e-09
1.405180856614875019e-09
8.707334453502121341e-10
5.695766772926294884e-10
3.997359379068039661e-10
3.191013884869279990e-10
2.712260078853345427e-10
2.456362175502336917e-10
2.343439099113386303e-10
2.249966961443781761e-10
2.192052609586224445e-10
2.148266290270921123e-10
2.110980135640760020e-10
2.082110760440448585e-10
2.059769788421689406e-10
2.043966424550041377e-10
2.034552812358808631e-10
