1.638300998270694864e+00
1.415536316296005293e+00
1.365824744292751358e+00
1.454025813366201625e+00
1.530326907948186932e+00
1.605531727042046386e+00
1.663917144271580772e+00
1.737110507966100448e+00
1.821868213449018281e+00
1.801828126163367516e+00
1.627527656987512561e+00
1.404368548057239874e+00
1.298062863860281579e+00
1.113246842178228890e+00
9.534838676636839816e-01
8.215605986421750107e-01
7.455194898645935986e-01
6.626291556041594699e-01
5.966147228049493156e-01
5.251086847587387307e-01
4.789996710760875409e-01
4.089408195775283139e-01
3.832301126688726356e-01
3.601127423030345831e-01
3.280429991393674083e-01
3.100773581403732382e-01
2.990714475244963255e-01
2.805107479959763617e-01
2.477239897779081323e-01
2.278859977857754515e-01
2.203757633826561313e-01
2.084347102766697657e-01
2.001095651958487709e-01
1.875472823550408952e-01
1.847566268014739777e-01
1.710461425036449989e-01
1.580115228184477139e-01
1.515993830132264797e-01
1.476077544249230766e-01
1.406681920902025928e-01
1.365484484642889018e-01
1.326341574663380818e-01
1.286320345210917870e-01
1.155556327915392006e-01
1.074526894189712090e-01
1.047262816747011327e-01
1.001688772139377182e-01
1.010038034044688504e-01
9.800141016589468401e-02
9.444601309117678367e-02
9.056283340734294640e-02
8.791897788399635760e-02
8.167877990599919924e-02
7.771580069100585131e-02
7.734324942784236157e-02
7.669516516350792512e-02
7.412530219860855030e-02
7.036627681003843060e-02
6.670289175263237336e-02
5.832914586285332242e-02
5.442448323832545926e-02
5.701819321279086999e-02
6.161201535553077757e-02
6.059527534676011767e-02
5.492528571243464330e-02
5.081416655671971982e-02
4.587290630478497999e-02
4.185438695686310995e-02
3.644115973414476656e-02
3.441634520913729872e-02
3.486867259632618621e-02
3.490707981127649795e-02
3.537694219001157048e-02
3.732723443588379514e-02
3.662972130112360225e-02
3.438238190172853564e-02
3.080219663255859969e-02
2.740990279698720528e-02
2.643757811370172142e-02
2.875776191514816532e-02
3.066534182935237371e-02
2.978102688791164909e-02
2.833556503485708949e-02
2.638557390575059156e-02
2.385312316225120591e-02
2.368601760004656123e-02
2.637867944243253021e-02
2.956995585867558396e-02
3.066839720275719994e-02
3.038389016126531728e-02
2.556618645002142406e-02
2.126603830113136043e-02
2.204999649282200769e-02
2.701964199679250667e-02
3.182609582961268280e-02
3.284800991925063141e-02
2.973114545532610717e-02
2.742248743159006463e-02
2.840738133045917282e-02
3.037511337926451435e-02
3.457314565370173121e-02
3.718544188281915769e-02
3.766849965936989314e-02
3.786719203434898290e-02
3.437494457956083438e-02
3.072999357221395389e-02
2.840660502523725470e-02
2.558712409822503156e-02
2.401499001963321861e-02
2.547264836159730123e-02
2.738851551143670418e-02
2.941194200534088740e-02
3.183769179523425474e-02
3.256304199772327296e-02
3.488584413915224447e-02
3.392364531420452578e-02
3.172476240945374532e-02
2.779071107263399870e-02
2.449877670799645302e-02
2.593880279502764480e-02
3.147378511473768181e-02
3.984996174620340087e-02
4.926311849433050866e-02
5.558905020069861841e-02
5.547043057290178963e-02
5.194099507033176494e-02
4.948624657949148714e-02
4.586530818356564926e-02
4.217676217409245532e-02
4.137340890031403901e-02
4.256783964174042784e-02
4.330472513674231416e-02
4.397027114492332162e-02
4.315987493011666509e-02
4.007673357234198958e-02
3.652289012943670671e-02
3.280062296324839921e-02
3.392415985894061542e-02
3.898705705104888591e-02
4.120204752415333044e-02
4.556349464531037063e-02
4.668135820951200415e-02
4.580830880512745673e-02
4.456525633643140805e-02
4.698280101037835554e-02
4.626420562509768464e-02
4.894398149066491593e-02
5.283133027321697262e-02
5.487297789318187902e-02
5.393820106241586226e-02
5.655415092047273024e-02
5.347706921874820912e-02
5.217488467120621337e-02
5.107109362081085902e-02
5.254398693200048459e-02
5.156788555385922318e-02
5.113981097332898074e-02
5.545749784491398049e-02
5.772146795550648496e-02
5.934693213601846540e-02
6.756684950486933905e-02
6.962320658737110313e-02
6.507648316484401785e-02
6.063570404108311468e-02
5.815742703499755112e-02
5.542568131006014170e-02
5.421404537045267091e-02
5.588689512552160593e-02
5.669440176557074412e-02
5.865418129033296568e-02
5.497611282503810093e-02
5.358887401324684274e-02
5.502129342672192752e-02
5.438163844026371041e-02
5.550941518446658729e-02
5.992538290874692419e-02
6.620031499683436127e-02
7.144179996641827901e-02
7.614640632363790795e-02
6.720875488947827825e-02
5.463321639045844863e-02
4.614846021670522547e-02
4.659424380602440047e-02
5.278976271232350970e-02
5.764030194375595328e-02
6.578466859129114552e-02
7.236429696220823826e-02
8.309707681799663459e-02
9.122067129086570969e-02
8.394156631933634427e-02
7.300875177628994572e-02
6.192234712980887457e-02
4.968452796304249214e-02
4.369748671870991863e-02
4.570519739774268897e-02
5.188687226934769747e-02
6.538975266070867765e-02
8.605592743544678014e-02
1.090948155648943790e-01
1.063718124493340800e-01
9.085756552666686414e-02
8.658667880712739295e-02
9.492932853295536766e-02
1.007595670842171276e-01
1.092806260917263406e-01
1.208749387401363146e-01
1.340894981798816665e-01
1.345431319892207156e-01
1.202767460454047671e-01
1.329384964005304037e-01
1.113471816289196142e-01
9.416629733154255333e-02
8.821678329908465288e-02
7.854620509742715750e-02
6.382706281081308719e-02
4.781344562016690003e-02
4.108894966549655331e-02
3.959067971657085488e-02
3.841367472734724675e-02
4.130524355325554398e-02
4.526960459114685170e-02
5.080419550914502813e-02
5.851275241413882860e-02
5.068616636030348621e-02
2.873396346392475056e-02
2.141174364620997833e-02
1.806042829059091581e-02
1.973907625763233684e-02
2.602014405425761082e-02
2.849702465331747231e-02
2.998514262081096449e-02
4.480897975284783841e-02
8.389943657871222482e-02
1.003495801266195697e-01
1.128402156076703661e-01
1.135646853000002732e-01
1.327913421912641778e-01
1.549692415197694573e-01
1.585588290785541477e-01
1.706083939154463824e-01
1.970149060373037886e-01
2.305691484603581975e-01
2.515990375283606584e-01
2.185571346646833224e-01
1.960435349227310498e-01
1.442638989869874933e-01
1.629378320747168762e-01
1.245393704687886988e-01
1.082791761203420328e-01
1.016819549261569200e-01
7.233387335717714195e-02
6.663506191274526369e-02
8.904328516976166286e-02
1.397330857691912454e-01
1.795723673499251827e-01
1.852073108017907865e-01
1.801364723826628655e-01
1.796298293971773652e-01
1.706155344900900372e-01
1.484272912205054640e-01
1.890097979636414793e-01
2.306290790122839662e-01
2.724280128689182678e-01
2.098548759453698898e-01
1.858482803290553154e-01
1.732456930694173391e-01
1.268340234504136133e-01
1.085514495786242817e-01
1.079583273324643683e-01
1.244489887726604599e-01
1.722706277148257359e-01
1.331501473310431061e-01
1.026779317444210388e-01
9.022374520933078290e-02
8.099299348142138810e-02
1.419186074946634513e-01
2.682919047522676625e-01
3.539960578309309658e-01
4.742632858064266821e-01
4.926560831838207588e-01
4.072478950735785586e-01
2.911002030009446906e-01
2.259389964291980968e-01
1.507020340848593265e-01
1.509955149776403271e-01
1.344275257208254748e-01
6.870290169646303680e-02
5.416506051953894757e-02
6.602270696075228373e-02
7.987981935471409611e-02
8.134755162840827392e-02
9.062815882937913514e-02
8.465724211345035388e-02
1.114934694551198702e-01
1.026815373541169196e-01
1.366252675135933570e-01
2.167142021522978357e-01
3.270953149256795589e-01
4.027383118930054628e-01
4.981527470610291330e-01
4.973772751711895701e-01
5.714883895374054390e-01
5.873451330787144986e-01
6.185907618128799745e-01
6.224594452102346631e-01
4.448758519897628161e-01
3.922807428356810955e-01
3.363949990901778375e-01
2.397462581828792294e-01
1.603570622404004442e-01
1.294924084146512888e-01
1.485065451188761210e-01
1.728226880412326860e-01
2.907454522323504320e-01
3.732620038213013691e-01
5.968379436210438094e-01
5.959481743583213698e-01
5.865854611990489742e-01
5.647069995947452403e-01
5.778320360490006857e-01
5.362689856247604414e-01
5.712639214578969504e-01
3.818450657489118050e-01
2.136840549672048284e-01
2.008317715314600904e-01
1.605103907448499345e-01
1.332700642479723863e-01
1.074875375522728049e-01
9.360986830488268740e-02
1.320683587914380508e-01
2.591678894634443231e-01
2.117694096442494789e-01
2.463288982781927094e-01
4.026955084829903497e-01
5.388647579336016680e-01
6.554363563444111085e-01
8.306779594044270132e-01
8.442341910095123581e-01
9.255712738351256075e-01
8.716458746571739136e-01
7.037772171263251275e-01
3.710757321020407562e-01
3.445055422313685889e-01
5.064366696753513919e-01
7.575614005627953063e-01
1.274011054426097855e+00
2.023760428156065494e+00
2.567087151705994330e+00
2.800359362429516885e+00
3.085504306346161574e+00
3.418668530788644411e+00
3.050258335767136231e+00
2.998924591771155335e+00
2.951740601627883098e+00
2.947375310582498908e+00
2.537745625221385026e+00
2.141660980567932970e+00
2.074766704941148454e+00
2.344756309979441067e+00
2.209439259861688321e+00
2.108523084934783576e+00
1.845844935613716098e+00
2.101042083728623666e+00
2.425687125704567126e+00
2.507865231680079798e+00
2.559878193634525179e+00
2.324472078833904831e+00
2.230686586171510832e+00
2.129676449915844039e+00
1.836392017078735783e+00
1.471199349515982746e+00
1.600014963170105720e+00
2.059008257998410141e+00
2.332687072131408357e+00
2.638792347595281029e+00
2.877401418688158685e+00
3.160499096478649683e+00
3.315399734979850077e+00
3.909292293054563938e+00
3.761181291436724639e+00
3.106749217538097962e+00
2.100601805600869731e+00
1.589878846963834969e+00
1.448666774011267755e+00
1.865004743839225876e+00
2.234076796008682475e+00
2.676361292261637992e+00
2.020371535018204323e+00
1.658366199400451491e+00
1.589534692317916553e+00
1.704776665019171134e+00
1.481404318851023971e+00
1.184878868392135853e+00
1.031280823862055440e+00
1.231457869501065838e+00
1.149133877611757670e+00
8.065360923766611290e-01
4.725709807376671789e-01
4.671698869334268145e-01
5.695539940261974410e-01
5.975693716352591389e-01
5.404589846746886694e-01
3.848415403201239093e-01
3.405642935638110158e-01
3.673188847974555582e-01
4.773487927052401658e-01
7.140525003302060636e-01
1.142133978912682757e+00
1.445642346356261099e+00
1.668121046839492028e+00
1.318288779532176491e+00
1.070642732610733949e+00
7.577733571420868230e-01
6.087233184776411621e-01
6.014793440245022049e-01
5.128870568924631668e-01
3.393969617431914498e-01
5.366773678587871688e-01
9.725414125378938346e-01
1.153202644440066038e+00
1.066883886560013206e+00
1.213696232215876414e+00
1.550764748855133490e+00
1.682306403828486729e+00
1.633130556451364956e+00
1.167767377804127760e+00
9.824861232558749213e-01
6.643028619314594874e-01
6.087849696112664910e-01
6.428979810738829626e-01
6.221985298436282230e-01
4.864249077163221302e-01
2.961760042520426017e-01
2.375741337047060087e-01
2.279476232551932435e-01
2.605291449273868243e-01
4.373683672700744429e-01
7.121758072279811280e-01
9.711710353344337188e-01
1.289591575449759109e+00
1.709141734322841222e+00
1.953770413239874992e+00
1.945231934576445054e+00
1.862683600517827109e+00
2.028161847713784383e+00
2.000998820863327143e+00
1.693764312374285819e+00
1.403744289837385084e+00
1.188997249480902907e+00
1.033869482702859388e+00
7.177442378521700084e-01
5.257798312327029988e-01
5.306722589964403269e-01
5.317960066918884232e-01
4.676639951846225940e-01
4.639378887833029430e-01
5.397261991134878478e-01
6.181373797066186393e-01
9.522710447862625660e-01
1.253935079295108723e+00
1.420604558672333262e+00
1.465456049551905116e+00
1.537076198971194296e+00
1.775758091655236237e+00
1.947762296600521026e+00
1.978288582170483645e+00
1.789151495435342909e+00
1.588378589658413276e+00
1.400102216775307440e+00
1.176172983544453432e+00
1.026621081767952637e+00
8.645525735516689236e-01
8.216801220016619611e-01
9.707241404098103654e-01
9.773934449715963035e-01
8.715960150718011779e-01
7.622784596597398377e-01
5.442366250384812476e-01
3.828457761015887639e-01
4.561231897481355380e-01
6.667756694115005711e-01
7.915904364758166167e-01
8.374752638865576859e-01
9.718087795073662161e-01
1.327702271538525158e+00
1.683782463252309070e+00
1.992972307795800146e+00
2.269683452426876968e+00
2.803297401384082566e+00
2.971084703441127850e+00
3.467208189996878076e+00
3.762454911809803182e+00
3.672009036707188923e+00
3.395331920800767733e+00
2.699755902758640413e+00
2.314913588827846702e+00
2.093544667052272601e+00
1.686037862573467772e+00
1.632348540129100023e+00
1.499103565575629737e+00
1.457882643950280332e+00
1.418756668256555997e+00
1.419110882104940741e+00
1.417375887069028284e+00
1.416127329394823997e+00
1.424519635014422692e+00
1.425690215991712195e+00
1.429431580088102338e+00
1.432220504466136024e+00
1.434280477709019896e+00
1.435896461590661755e+00
1.436879216712650287e+00
