8.659391875201107338e-07
1.170237768987543548e-05
2.822379009050600407e-04
2.868437396912401106e-03
1.546496256580477680e-02
3.903796545521114048e-02
5.146985259806214491e-02
4.039311353204929483e-02
2.700340397897029246e-02
2.018964949215722518e-02
1.408600057011088168e-02
1.010357501169561849e-02
7.956301645987397947e-03
6.289880361337429025e-03
4.853281194124769299e-03
4.027097249535650271e-03
3.565077745724704907e-03
3.123734314679762255e-03
2.780403411332084147e-03
2.376931565606330531e-03
2.101389027081070841e-03
2.026772595843536872e-03
1.844550963124898767e-03
1.727095783348065990e-03
1.578731160935289285e-03
1.484021875517357912e-03
1.439367479243965900e-03
1.462198612777571580e-03
1.375426909009142386e-03
1.414776019415425615e-03
1.452213944807531631e-03
1.450095504603217487e-03
1.418885451807919357e-03
1.391778692374954227e-03
1.413618114294654636e-03
1.323401144056601808e-03
1.309190082976450153e-03
1.486646398968832251e-03
1.646811878803474847e-03
1.629307857657917536e-03
1.573208889928557914e-03
1.527220874395143453e-03
1.670027079825607205e-03
1.711132045677479785e-03
1.831265698846832506e-03
2.660247413427164597e-03
3.761456181296642023e-03
3.399892086975954061e-03
2.561552872845516710e-03
2.023221515638668443e-03
2.138720129267267667e-03
3.147617872638915678e-03
5.190582484354644074e-03
9.200479759363999754e-03
1.000071468190563348e-02
1.068839815992914458e-02
9.558682708215394952e-03
8.718099010293890727e-03
1.365186462441634989e-02
2.173614128182849159e-02
2.826845052054628021e-02
3.125014237181285293e-02
3.223055185025720804e-02
3.461131570983806693e-02
4.226065805209874848e-02
5.809667504812626726e-02
7.049923115198757084e-02
6.907729012011709635e-02
7.691585553932336894e-02
8.385478665812427790e-02
9.405762036191778197e-02
9.485715368211072862e-02
1.036150632623049489e-01
1.290041167788281984e-01
1.447227500658632704e-01
1.361560878110290307e-01
1.178091142522102314e-01
1.011273042038198927e-01
9.707346941479538804e-02
1.037653289898589903e-01
8.432548679460775964e-02
5.379738458994524214e-02
3.893070936637987173e-02
4.026284004705466685e-02
4.507058457797741280e-02
4.402637620104922489e-02
3.495227834574782255e-02
4.333390687030416050e-02
5.029550966278558549e-02
4.591906517756644962e-02
3.552599169903098569e-02
2.304328614967979597e-02
1.789896747790210504e-02
1.312856347440759762e-02
1.087024970451437068e-02
9.902124466100734393e-03
6.623918396808530819e-03
5.477251109420188009e-03
4.395793238178742623e-03
2.436529932869605126e-03
3.462376092233774086e-03
4.708559248589834663e-03
6.259351582385943094e-03
7.643217011853605664e-03
6.176906975478979080e-03
5.927052440310498493e-03
6.385350469107713318e-03
4.726407106347034655e-03
4.738388334869440832e-03
4.611866920632295280e-03
3.980535835343212460e-03
2.820753292644028864e-03
2.553783407243266027e-03
1.934459392431421695e-03
1.014740838188559228e-03
8.679327354625255946e-04
1.230523738368257888e-03
1.371674268266752806e-03
1.327612750931361730e-03
1.053523620980093738e-03
7.915346918276733703e-04
6.153361553216115483e-04
5.304186048336888325e-04
5.586342904494214770e-04
6.215953478416898735e-04
6.522461069959455127e-04
6.830307622692981901e-04
7.697657800495202570e-04
8.293136845836621444e-04
7.383886628451433350e-04
7.086724759347359922e-04
6.862995887567565874e-04
6.629168924379508438e-04
5.938685721927400209e-04
5.519394497847396070e-04
5.895713105791125551e-04
6.035412708745538802e-04
6.335622104744827350e-04
6.246744027856060595e-04
6.859759737455078553e-04
6.422178449806335799e-04
5.683547090363933732e-04
6.056805112257385420e-04
7.142467714244713720e-04
7.198953575068025006e-04
7.738198287804195358e-04
6.932719879264078594e-04
6.201836896607077279e-04
5.748188909533494522e-04
5.250271366954709822e-04
5.079227046763844710e-04
5.270669572160357899e-04
5.225464930788874338e-04
5.218997865573314588e-04
4.923282664008759614e-04
4.637953651312983795e-04
4.722238672399206322e-04
4.882443325596565534e-04
4.902697039125304690e-04
4.812732845305887582e-04
4.659335513771986452e-04
4.801551271122539498e-04
4.774004818567179954e-04
4.545032244777263736e-04
5.038100828379814180e-04
5.253260104744668932e-04
5.077617744888606507e-04
5.160791459166976869e-04
4.682562143703964991e-04
4.657421912252929252e-04
4.760847563339459841e-04
4.823428319948873432e-04
5.073774495373300402e-04
5.215916955354732518e-04
5.189922919641773566e-04
5.303551775965085037e-04
5.089944858858898172e-04
5.007881794058496091e-04
4.950307369222746489e-04
5.328407088165565842e-04
5.438209965853872197e-04
5.285677033017124101e-04
5.162897118792308731e-04
4.833247776618411549e-04
4.957005205067108265e-04
4.599247816848716806e-04
4.866346941720904725e-04
4.963584673525952293e-04
4.746079151263637845e-04
4.858770224630202779e-04
4.929227548698304024e-04
4.719116472630431732e-04
4.703817490616563112e-04
4.882817786294926105e-04
4.969599508018405229e-04
4.972356671238771422e-04
4.954893373025193561e-04
4.526112186015424197e-04
4.660238795735721596e-04
4.803661778216804777e-04
4.913206188850605550e-04
5.002915150405516957e-04
4.725382777706380283e-04
4.924111931603854719e-04
4.722831475539100536e-04
4.644887286280734466e-04
4.641941524695012929e-04
4.751354023690905850e-04
4.725208169641288160e-04
4.637765422721091060e-04
4.786873871939932774e-04
5.144885659686280945e-04
5.061375621435328228e-04
5.201795274161670089e-04
4.747446488686897156e-04
4.961858601554382025e-04
5.100395160667732996e-04
5.100036634403510259e-04
4.890174115145432638e-04
4.911307970996176431e-04
5.405854141168190720e-04
9.614629583471349982e-04
1.240769436418887213e-03
6.024739952662044829e-04
4.763261568139292527e-04
4.902108185491834422e-04
5.073980630436897852e-04
4.929625924657284964e-04
4.674742457967945427e-04
4.777918728523252280e-04
4.925824908254847288e-04
4.878734567032628230e-04
4.837014066791441459e-04
4.692357596482300917e-04
4.706150311872499053e-04
4.867556086878519774e-04
4.746219770348753626e-04
4.901605444043534215e-04
5.172000171006834943e-04
5.011013801939394807e-04
4.601535287194232610e-04
4.651010004836349872e-04
4.865663117840006522e-04
4.896951818297117214e-04
4.955921932091081035e-04
4.830763096326029038e-04
4.742899993887452338e-04
4.938791129921914691e-04
4.692896139847237526e-04
4.766976322601877204e-04
5.188578555928727645e-04
5.065456966440324551e-04
5.081363852118388419e-04
4.901677840562138457e-04
4.620522486604811086e-04
4.923066853202419336e-04
5.108687550330105482e-04
4.937092007276638189e-04
4.888639382112225503e-04
4.863876354592750612e-04
4.951273941527917222e-04
4.767493931362039284e-04
4.960422980722114768e-04
4.997674633275727340e-04
4.851714058232068608e-04
4.916672014283725647e-04
5.057129348539572255e-04
5.059925533692823931e-04
4.815799166680241931e-04
5.146529867542604325e-04
5.188020749942015607e-04
5.056320669313071762e-04
5.118450161121780280e-04
5.044702998570603242e-04
5.227350654066460029e-04
5.098535407727378945e-04
5.215312188203694759e-04
5.261959035793825666e-04
5.409163732316234598e-04
5.207419695284232772e-04
5.256146523058950488e-04
5.069151649639549659e-04
4.863364906653381398e-04
5.021739505574750358e-04
5.124728562550419494e-04
5.128379584823819330e-04
5.074130414760226644e-04
4.921297102131901285e-04
4.742221447437117003e-04
4.721770813401055520e-04
5.143076419835768479e-04
5.222168859050648447e-04
4.891578404260760009e-04
4.982398082922030649e-04
4.789483637396239066e-04
4.841744820714898533e-04
4.685581975421449635e-04
4.923018954705551302e-04
5.078544128842006448e-04
5.046051434423244088e-04
4.946293630990414043e-04
4.942511485958307575e-04
5.083386965122930427e-04
5.235395005309976743e-04
5.096430507541280588e-04
4.961413307154369885e-04
5.171453390606175777e-04
5.100388177521666391e-04
5.031913162869115384e-04
5.182305466716008403e-04
5.090496318261977229e-04
5.138851293680346804e-04
5.273143007846207075e-04
5.266145776090363486e-04
5.529422255671289461e-04
5.377501526425466395e-04
5.242003631267921470e-04
5.239505836686713606e-04
5.045348940775770067e-04
5.089093633736940792e-04
5.398096172701351064e-04
5.209982967119068361e-04
5.284816348174180582e-04
5.432302610523423014e-04
5.271498432515769406e-04
5.020515954889964326e-04
5.030461270848721883e-04
5.114856648542241918e-04
5.185640421872245295e-04
5.095963637767360202e-04
5.129591969978858921e-04
5.071059502058820672e-04
5.104581473604336266e-04
5.148250884138686791e-04
4.745627351820094417e-04
5.123768132140923536e-04
5.174685827445138714e-04
5.017578390914832808e-04
5.035238701812087435e-04
5.078715504484211272e-04
4.965827525812928269e-04
4.919411150393407633e-04
5.465663115871722535e-04
5.571468539013994673e-04
5.538442162462493736e-04
5.594418999127904850e-04
5.452271126249712144e-04
5.440787930752166409e-04
5.471310836406205426e-04
5.487261535665898145e-04
5.347221411390990593e-04
6.176646356560567359e-04
6.310988501437099539e-04
5.679981899994903218e-04
5.488769038099963618e-04
5.589931435840169967e-04
5.644988426331720884e-04
5.760694002276140879e-04
5.652423271990534214e-04
5.692336668475459762e-04
5.756417087068806159e-04
5.420439392302708968e-04
5.191555563535091462e-04
5.445953563782230875e-04
5.715061192354222623e-04
5.514972574046206983e-04
5.585223872540856678e-04
5.479000584697152169e-04
5.271303567149533686e-04
5.189996726159086310e-04
5.399758701175225682e-04
5.286626464616263647e-04
5.569664412304025768e-04
5.450533804707374764e-04
5.337810796601373097e-04
5.651290488119315369e-04
5.704210896276533816e-04
5.303601645675021063e-04
5.422617442796220282e-04
5.332255750652540064e-04
5.157805179612886311e-04
5.265428735935623588e-04
5.402075024471361024e-04
5.617058016811938854e-04
5.433518593359321341e-04
5.656971613700836248e-04
5.563694352588747583e-04
5.448603598075282654e-04
5.389462598428412538e-04
5.358267231856268234e-04
5.683115843133762762e-04
5.571205420693747714e-04
5.479978217071231799e-04
5.277975070533658629e-04
5.414430570836071144e-04
5.285682933560946093e-04
5.129040364185908068e-04
5.245505668792867140e-04
5.091056429562150010e-04
5.114977073942001545e-04
5.053328420484381849e-04
4.939803090462026747e-04
4.903020105489072026e-04
5.033204884566858236e-04
4.757752684272643071e-04
4.494530030146560106e-04
4.392791983541601843e-04
4.285856236482050085e-04
4.462007868765601707e-04
4.457797830485928613e-04
4.313633674694055818e-04
4.119012769736258911e-04
3.829536912479839330e-04
3.673477654166875154e-04
3.530730895458085114e-04
3.333892333544378941e-04
3.139313674194978620e-04
3.005790296891876689e-04
2.878887206981298966e-04
2.784648113017549665e-04
2.552828423402526839e-04
2.357011660182623414e-04
2.185893136664977950e-04
1.932403959542994720e-04
1.699558997080805067e-04
1.489820078337641322e-04
1.313791505170997236e-04
1.199071493043797751e-04
1.053798570335007218e-04
9.190016776461873654e-05
7.829678376204309692e-05
6.962610540439328967e-05
6.350778647102204243e-05
5.342621542072157107e-05
4.155307891929575401e-05
3.522107994725457998e-05
3.021849902390003008e-05
2.548357744166209607e-05
2.111852616119426514e-05
1.711508342132601762e-05
1.381344089737020949e-05
1.115358880364442136e-05
9.378142745441058094e-06
7.571311661189143823e-06
5.649154561186741833e-06
4.369189423921437898e-06
3.623950625213812172e-06
2.884175992803192218e-06
2.192636343230456695e-06
1.601983352867530548e-06
1.289390127641420534e-06
9.795386105143116116e-07
7.366162336204519330e-07
5.899305080134506505e-07
4.346123871162085547e-07
3.246315518917098363e-07
2.268181337019792094e-07
1.680858607624073501e-07
1.249017521594424274e-07
9.088558369556482828e-08
6.393495570796078344e-08
4.642367418869818302e-08
3.346426904712537034e-08
2.240195072189586474e-08
1.408815588992268050e-08
9.870694608807365639e-09
6.821467970917497437e-09
4.628868320117260631e-09
3.098019774598073302e-09
2.131372358168538186e-09
1.495600439809398335e-09
1.032329774522160737e-09
6.893812315129149439e-10
4.207811508179452167e-10
2.635401458867481907e-10
1.708529541685775954e-10
1.128614209478580349e-10
7.364092306567445722e-11
4.876406266929330847e-11
3.222392300315897287e-11
2.199331021012145410e-11
1.369149773125798431e-11
8.517482995797774953e-12
5.685398111821951115e-12
3.716054056837529489e-12
2.403701592798020388e-12
1.582618602840342308e-12
1.030053196298032199e-12
6.480716122562736418e-13
4.091911851378520459e-13
2.593127835285796880e-13
1.609960540704475878e-13
9.865060470445640426e-14
5.895318607967304368e-14
3.496724416978053636e-14
2.036683379076982704e-14
1.235749540280249007e-14
7.126797114568480747e-15
4.486556064877044980e-15
3.102660712328167638e-15
2.361339236876951708e-15
1.912388438960682250e-15
1.695387141096706819e-15
1.603892069653282752e-15
1.513010923826002348e-15
1.464512965293256740e-15
1.428895150353055775e-15
1.392669514427165396e-15
1.367932940977471816e-15
1.348361081799411334e-15
1.334499568906493408e-15
1.326234854522693172e-15
