8.546374086411913441e-07
1.148441668708353500e-05
2.819066761711542320e-04
3.110104356543386649e-03
1.630903467273176269e-02
3.837340877434758379e-02
4.812240045018727902e-02
3.877194542041327574e-02
2.647491848463858627e-02
1.987097497457730733e-02
1.523802077977684868e-02
1.120157308675489086e-02
8.621543608955358970e-03
6.371113117486334326e-03
4.781805988111136399e-03
4.033090810763436014e-03
3.576925867173349517e-03
3.012415406425700010e-03
2.532145905820218281e-03
2.265985935085770408e-03
2.020591584074148388e-03
1.909059749089487548e-03
1.814652754723120954e-03
1.669148342029005451e-03
1.593079897143425154e-03
1.607443729947520897e-03
1.408122321967643668e-03
1.443762217516242558e-03
1.417786953601987828e-03
1.401678067263147911e-03
1.385821963391920680e-03
1.333214086185439311e-03
1.354409927087691767e-03
1.337562184923740422e-03
1.274436828277327903e-03
1.309022338326662439e-03
1.269716408747562000e-03
1.185778975084129504e-03
1.220649130384993900e-03
1.279313977287539544e-03
1.244951671608881139e-03
1.297925373846048639e-03
1.339385821429832151e-03
1.363278356107081209e-03
1.242010464920312958e-03
1.198162907517345789e-03
1.234182665601813150e-03
1.173327774931392543e-03
1.163132028058911412e-03
1.166154775352925286e-03
1.101955472075964856e-03
1.128563171032248872e-03
1.174812672803406425e-03
1.239790997434956190e-03
1.306495462284852725e-03
1.330035857239556061e-03
1.227017375201272563e-03
1.166388920874889554e-03
1.384519811244251750e-03
1.776238176896389543e-03
1.964198974377484846e-03
1.988081567088254877e-03
2.177347393586698873e-03
2.321347620142810014e-03
2.655542298597491236e-03
3.427107893176554402e-03
4.169466524010281491e-03
4.196496554743672086e-03
4.758814372406716675e-03
5.226375977083665830e-03
6.054194566668984895e-03
6.268470801602614093e-03
6.856061809081934362e-03
8.973565110111650020e-03
1.076266539951348938e-02
1.135474135555816604e-02
1.136497029268081563e-02
1.150648509464515835e-02
1.206364513689450746e-02
1.375099761357914327e-02
1.256949696509297547e-02
8.872779726330914593e-03
6.006644170169845448e-03
5.424396284157196636e-03
6.497515971792609639e-03
6.912927917488298143e-03
6.507745164679518829e-03
9.267035563717235941e-03
1.251355960393574565e-02
1.425967167434746483e-02
1.320234211324314982e-02
9.795182213306467475e-03
8.470648064025285834e-03
6.562398779400345147e-03
5.058574349479020953e-03
4.132448609622286183e-03
2.871295140299344462e-03
2.839734953303471761e-03
3.038294540247107010e-03
1.874936527927888695e-03
3.493181545920445285e-03
5.649479081867074537e-03
9.290988493797239234e-03
1.240488313298052439e-02
1.180218410980785580e-02
1.357376950820675214e-02
1.898714073076112827e-02
1.488131103606705856e-02
1.483077339641431479e-02
2.117478667123479097e-02
2.350999615093209497e-02
1.997710036092245969e-02
2.917159399337650519e-02
2.766805424614921308e-02
1.293351956033484199e-02
1.633669433819711150e-02
4.274755824279060507e-02
9.147902046635623952e-02
1.522588563612528589e-01
1.690375200552788892e-01
1.746314795336002534e-01
1.513297314767019230e-01
1.342689759440719721e-01
1.187251974319040448e-01
1.132680963123687129e-01
1.079886089126888271e-01
7.741992976078315714e-02
6.803140926925152487e-02
5.307277919084758128e-02
3.507344966800630265e-02
2.862920121741874963e-02
2.850212806154231102e-02
2.396787425811810340e-02
1.163368820718781692e-02
8.135768818313827977e-03
9.689160635685719822e-03
1.164599996457851318e-02
2.063670420904615416e-02
2.268796015773357280e-02
3.510250315112811020e-02
3.432118012823897474e-02
2.935847488224205618e-02
3.820164067825862486e-02
6.978385156250671573e-02
9.129853811603384772e-02
1.432531784628330307e-01
9.957530221816018878e-02
6.596167342279773971e-02
5.112330539215819564e-02
3.711998464743911097e-02
4.001445329801769923e-02
7.508186088434229410e-02
7.599981038001307754e-02
2.867009562198655562e-02
1.514472836706689737e-02
1.593856767363050625e-02
1.402136090449113311e-02
1.260851575707757494e-02
3.622899677642910793e-02
1.065211424765173387e-01
1.641608750605594580e-01
1.553457006503237148e-01
1.253082757303910222e-01
7.258359023838902024e-02
7.894197847965467307e-02
1.350494887977637670e-01
1.172274059333152652e-01
7.808354918386972709e-02
2.532677935598512745e-02
3.007124311858788354e-02
2.350161136265800643e-02
2.777350628100015012e-02
5.026348864817206663e-02
5.125204089457278955e-02
4.989228391307385518e-02
6.480986306157116017e-02
6.474404452108223351e-02
9.101489412644021837e-02
8.348265213837048615e-02
1.080129723576412348e-01
1.859993362906281200e-01
2.576887380824597340e-01
2.405034693500591736e-01
1.776825536315883858e-01
2.213044982947402761e-01
2.571395224240868305e-01
2.175100654491103902e-01
1.134039072730299580e-01
4.053238137903759225e-02
4.028159702794191499e-02
4.806611059877542724e-02
5.231579973961845292e-02
4.071195321598181094e-02
4.148140241506557968e-02
1.039607598707771585e-01
1.078260558892565613e-01
6.512200686996053034e-02
1.327139669903226737e-01
1.741293816496714830e-01
1.061455238114655530e-01
1.122272789359399364e-01
1.072068057165789651e-01
9.261417310554242999e-02
1.427682081448254370e-01
5.656517342586311198e-02
3.026387019328056691e-02
3.203752542933200470e-02
3.774562849076946308e-02
4.209295060635240282e-02
4.222945832210847628e-02
6.167179324161366910e-02
9.723008270794628038e-02
1.480994453364744279e-01
1.513503565344002377e-01
1.046435287062430636e-01
1.488174358807992370e-01
1.410536503574841560e-01
1.841924009654408445e-01
2.875036783444935851e-01
4.370074459036117354e-01
5.037312832095925952e-01
5.605182888481654579e-01
3.479004746263118508e-01
1.684666557074874782e-01
1.822290479820525833e-01
1.770280915555488555e-01
8.004242826588316151e-02
5.558233444715074412e-02
7.809602334385086497e-02
1.319249251821263957e-01
1.631758350046532968e-01
1.966066369804467528e-01
2.862162549787132804e-01
2.225518436028435798e-01
2.186488467069424291e-01
1.989199464919671756e-01
1.362712589618054193e-01
1.742066610801827065e-01
3.969703724279688428e-01
6.794184355446374335e-01
4.229476853823322391e-01
2.732854976216451126e-01
3.733541848197570179e-01
3.062623242903776966e-01
3.755858509479997331e-01
4.746574952714569529e-01
4.351209671333350348e-01
4.659001426043323790e-01
5.917673887132631760e-01
5.103551680727629325e-01
2.448698316580204259e-01
2.479116833594183777e-01
2.445827500669996157e-01
2.233158603217570148e-01
2.745824001286916727e-01
3.262931611318856118e-01
3.169081229294954949e-01
3.100010883534422557e-01
1.795416634659975086e-01
2.788821363663325781e-01
6.949650252996089073e-01
9.191783968597230237e-01
8.066471785166564601e-01
5.396383462926853669e-01
3.456856571368783215e-01
3.100070255752367943e-01
3.556175959857764690e-01
2.482877508706899938e-01
2.670236705410746203e-01
1.876222185551082722e-01
2.976846003510684735e-01
2.570552591146461063e-01
1.728111644467999197e-01
3.728544954472658435e-01
7.164313789641110208e-01
7.120351097354538084e-01
4.399024603861773075e-01
4.094826096633703560e-01
7.652877041721303231e-01
6.652585052283647160e-01
3.662259412789828361e-01
3.602547850001390217e-01
2.392478284841199343e-01
2.907443846913311258e-01
5.277375696525977711e-01
4.074331074917243445e-01
1.162400618328272989e-01
8.491049588403527804e-02
1.506337314512444514e-01
2.168461180438696900e-01
2.259580030056245747e-01
2.725707407093393986e-01
2.154348542745911366e-01
9.521987841057123758e-02
1.410774680069750431e-01
1.677535550141968645e-01
1.499013130800062044e-01
8.020930204698753507e-02
6.006580321887133866e-02
8.501281254080508831e-02
1.603951672647458970e-01
2.009344056783380350e-01
3.241194350586629191e-01
4.460578681712947247e-01
3.318428087741341348e-01
1.844799672373344246e-01
1.703202433825364570e-01
2.068205223070590515e-01
2.898106570362207202e-01
4.561543119954795111e-01
5.475485230707056727e-01
2.268781219188631959e-01
1.689244979112274614e-01
1.428043784376885894e-01
1.404098893497222056e-01
1.761146011995999017e-01
1.026658209174712288e-01
9.235091246024743072e-02
1.389853825862543690e-01
1.620373130739359846e-01
1.195612857232766918e-01
8.840030491211640917e-02
4.794712749870738006e-02
5.667792615243696236e-02
6.825902446536022405e-02
8.155783432764418528e-02
8.949449493981481707e-02
9.004239467268372599e-02
7.053961818936786698e-02
4.587715289239426009e-02
4.063591216044711019e-02
4.898152179803356293e-02
9.064291018370190800e-02
8.833108670189222800e-02
7.235684432936527466e-02
3.337085639641934609e-02
1.737757062150607767e-02
2.590280317179761982e-02
3.059985485363114766e-02
4.066275744783848234e-02
5.284367666527408497e-02
4.442518245832546842e-02
2.989340925054622886e-02
5.724779319630426966e-02
6.484102700547791920e-02
5.993505843273892741e-02
2.926870662736372544e-02
1.447515877175174596e-02
1.131135712387999412e-02
1.515704738905495827e-02
1.506794339476333518e-02
8.543759457233339460e-03
6.171589189298872478e-03
6.015748306790589910e-03
4.632288260715255838e-03
5.270946930453152338e-03
6.822268055425123948e-03
4.569047241628918822e-03
3.055138098616991087e-03
2.419943956242107119e-03
1.977390433017173210e-03
1.825903534738325699e-03
1.467586188884831494e-03
1.285043719548989005e-03
1.103944165051063244e-03
1.039609829838860538e-03
1.046494760441654117e-03
1.124779823077748766e-03
1.173990861158476966e-03
1.392288388809501511e-03
1.759702434930588647e-03
2.213919137035484912e-03
2.559349793274077762e-03
2.876305742508598884e-03
3.364778675990401369e-03
3.517463907682409456e-03
3.393052250893463257e-03
3.709682382425452153e-03
3.511081037617422296e-03
2.617602376744369332e-03
2.696381071946447796e-03
3.134525576286040140e-03
4.017000485678329756e-03
3.832733721437594186e-03
3.250119670419725475e-03
4.817495825781454265e-03
4.707834708538418192e-03
5.071960969274988754e-03
7.553097402873278944e-03
6.174620012953175446e-03
1.008371297789809919e-02
1.159522468052512530e-02
6.882045185233403965e-03
5.349477439514208933e-03
4.691582421932551095e-03
6.055534564046010856e-03
6.058017818339250272e-03
4.094467422065992471e-03
4.328333453057661880e-03
5.458321188233584455e-03
9.724806154472201425e-03
1.376507773351862661e-02
9.120239964828602899e-03
8.742937185076146353e-03
6.948064810491392206e-03
5.772923877519558003e-03
9.677255968673323036e-03
1.476468762691359252e-02
9.896165443935267189e-03
9.479636815350647727e-03
9.763797895710933650e-03
6.666081410163243563e-03
5.084060273981842910e-03
3.609289334429964091e-03
3.629355064887506300e-03
4.568016423197027165e-03
3.994064082408529948e-03
2.347302880711860107e-03
1.750634710294718486e-03
2.115079650338073068e-03
2.482508329991733615e-03
2.203247479777644020e-03
1.995235755237488150e-03
1.193430471050488644e-03
1.520993093094884447e-03
1.689049002206260324e-03
1.578508440526232414e-03
1.070939206941015458e-03
1.157418780987246997e-03
1.397973584270139919e-03
1.124809106217644541e-03
1.032583781967494341e-03
7.851555470668582313e-04
4.024146535757363642e-04
3.835067855333341644e-04
2.663128260196958880e-04
2.220270278319220905e-04
2.175146565353335362e-04
1.980886341719127015e-04
2.093115638157339031e-04
2.054498248221286929e-04
1.441890654125677215e-04
7.881220648928231442e-05
4.487320012578925387e-05
2.526932380694292025e-05
1.696705938884479614e-05
1.215089481579982984e-05
9.711335795560170018e-06
8.078237500024031261e-06
8.235070010660590399e-06
6.289114826441863051e-06
3.479971585247396597e-06
2.288512941731560781e-06
2.393086147611882039e-06
2.116456242854899621e-06
1.569377404010639522e-06
1.139753347352506251e-06
8.715620085077375769e-07
6.122552147889513762e-07
4.882778123005221342e-07
3.191844586439104248e-07
2.246634866805030877e-07
1.551261080006188670e-07
1.121779200238701177e-07
8.529728831669452671e-08
6.671591807611036417e-08
5.044206112080293125e-08
3.906146882912823094e-08
2.944293528358175712e-08
2.294674791772136621e-08
1.778025189540367195e-08
1.382564732420653661e-08
1.061403105265382776e-08
7.871372601425249860e-09
6.023513228180356231e-09
4.585317535635687393e-09
3.473177306759932305e-09
2.583861216407371239e-09
1.889404975410832531e-09
1.400077058248404026e-09
1.017603801060549825e-09
7.328235155314424528e-10
5.264635601782290883e-10
3.711373526688542047e-10
2.592667526874515696e-10
1.804158813834332425e-10
1.226638106896630072e-10
8.290622810583581571e-11
5.473421486111807287e-11
3.587087773912594732e-11
2.305219753651837860e-11
1.424444110565434218e-11
8.877720312461603592e-12
5.352293595125367766e-12
3.112780749866801322e-12
1.738599611969259494e-12
1.009290523527647524e-12
5.432271830277103810e-13
2.843723272650578653e-13
1.637922309352847647e-13
9.715001487654906032e-14
5.767675525626582961e-14
4.667980860380792564e-14
4.032755824734347581e-14
3.512286794200612761e-14
3.456058645059440988e-14
3.386675095956520803e-14
3.312454146322728812e-14
3.277448343937425917e-14
3.248494880108234523e-14
3.226075953662583851e-14
3.213456642704497528e-14
