1.070208017314365323e+00
1.188040576438248674e+00
1.219084745540028658e+00
1.127567526616126692e+00
1.008178882489045858e+00
9.052379686433836836e-01
8.228842501807552834e-01
7.037304055504667311e-01
5.457076618901253173e-01
4.066258175790699037e-01
2.699625301666073174e-01
1.857953542433344041e-01
1.387095102471632702e-01
9.055873992653863669e-02
6.330843087158050109e-02
4.876944296829018727e-02
3.814912069324861293e-02
2.980992249965485827e-02
2.363519242495012301e-02
1.827521005158400103e-02
1.430892188228650823e-02
1.151681128363584057e-02
1.018171974887366500e-02
9.025597105379111473e-03
8.202781962988134681e-03
7.068384613459758291e-03
6.408669910254246628e-03
6.100376405314433294e-03
5.436664028245865622e-03
4.997764370383559786e-03
5.047789617332465971e-03
4.325770798251545209e-03
4.057536540628528532e-03
3.847441247798862648e-03
3.587992644374594833e-03
3.261209606859916208e-03
3.041985036831859265e-03
2.909066828558718246e-03
2.712859598435510972e-03
2.502162496569937996e-03
2.346460382496981436e-03
2.246555142299856266e-03
2.117844114710722061e-03
2.028355366150354742e-03
1.831720899997740836e-03
1.902636567413591023e-03
1.789085516761984053e-03
1.658742656536947146e-03
1.621382765216904586e-03
1.586118910690191303e-03
1.603861514286202645e-03
1.547317940270204455e-03
1.641011462716748977e-03
1.998837176121765879e-03
2.477574853888420657e-03
2.757097873699645638e-03
2.609812281872410811e-03
2.246698376757481647e-03
2.912231547918656127e-03
4.032946045060261872e-03
4.989238278446018852e-03
5.509478756913722616e-03
4.954163338381390759e-03
3.540190811106814443e-03
2.578936305136416557e-03
2.980801409558391912e-03
4.534217754732293264e-03
6.114805166887659141e-03
6.641938121608842796e-03
4.959168997661651986e-03
2.918930422376745694e-03
1.963581109317128967e-03
2.118489709044111928e-03
1.691022930432027355e-03
1.356939771943501674e-03
2.161339035342208295e-03
4.276992023318749135e-03
6.748495820362840347e-03
8.439846478495625914e-03
1.025119908805253652e-02
1.286064247466312330e-02
1.555678005791320123e-02
2.027239371434743156e-02
2.600519963623212569e-02
2.900080222595942045e-02
3.172666959207558895e-02
3.710813375829880717e-02
4.272091281324846140e-02
4.762677181062345555e-02
5.249354296228848915e-02
5.742238737023455664e-02
6.426381031235539609e-02
7.428191260852082256e-02
7.775847198824188677e-02
7.581647080146347584e-02
8.589118605253256988e-02
1.046157920796220997e-01
1.217088912218458191e-01
1.250525433988706192e-01
1.204107607475660147e-01
1.334391373140467185e-01
1.544453574483980740e-01
1.751972637188226045e-01
1.977978016792502902e-01
2.015850730292664261e-01
1.913682457492844324e-01
1.864528228629948881e-01
2.001491901304464638e-01
2.111407755318661927e-01
1.620943594067001114e-01
1.274185367522481238e-01
1.005678941207266835e-01
6.297738332117103210e-02
4.019215366226996933e-02
6.647438204707414866e-02
1.263050355850938722e-01
1.711990846148573053e-01
1.856454127912135210e-01
1.764873979589835218e-01
1.479815558729867253e-01
1.028066332235124808e-01
6.168841299059472233e-02
2.643826296623623048e-02
1.157728577164933957e-02
1.028250484009149597e-02
1.159468587075061438e-02
1.733715367838959895e-02
2.191659640380859767e-02
2.833043063534295206e-02
4.264971212761567432e-02
5.198817953577856976e-02
6.523991046457368326e-02
9.116468340201264176e-02
1.182356577134587444e-01
1.221530250446073301e-01
1.096366154236332879e-01
9.106302704985055896e-02
8.470493287585649511e-02
8.136117623974399582e-02
6.842348152640390091e-02
4.544454842635643754e-02
4.130146664630928582e-02
3.623244822807288740e-02
3.302414712962136595e-02
3.497960259890241230e-02
3.560757655814256878e-02
3.152264527834300334e-02
3.799184421195779537e-02
4.605021647431192799e-02
4.797635356071507096e-02
4.328930582419018153e-02
3.417782766272985107e-02
2.920066977124871274e-02
2.435532216316654147e-02
1.791965437535836952e-02
1.430950592241487553e-02
2.001074877852461464e-02
2.294043581261060935e-02
2.713792233865127204e-02
4.795809163517137513e-02
7.607897620588746634e-02
8.565557073940431587e-02
7.555168430703614046e-02
6.603120608904627931e-02
5.868369977820069722e-02
4.344589052324825812e-02
3.635566757282771705e-02
3.622439647537936680e-02
3.225379368879155439e-02
2.808069554968020340e-02
2.695967146416972451e-02
2.147899986369030886e-02
1.746981466858893092e-02
1.505731058826636354e-02
1.714562242667125314e-02
2.038723879279408235e-02
2.301479195176925341e-02
3.174565104575425428e-02
3.787019455241789206e-02
5.688485109938973272e-02
1.042791535641617445e-01
1.195369402417511412e-01
1.588437373725202495e-01
1.717417746226508612e-01
1.246036376594446410e-01
9.126886314394494493e-02
6.407013687485219045e-02
5.015498394876465038e-02
5.245763097587536478e-02
4.793315906620098515e-02
3.844186291455960192e-02
3.581055698476974525e-02
3.605586915479103149e-02
4.029993570790928181e-02
3.792335601792368172e-02
3.913755949854923893e-02
7.622495851668549538e-02
9.085786552154156981e-02
7.515422367400745318e-02
7.206296015588610493e-02
7.650172471242167038e-02
8.360916447619781700e-02
9.220484677935297801e-02
8.380668695123112688e-02
7.339746053386891900e-02
8.530332588164908636e-02
8.689807070686673962e-02
6.701125427751158936e-02
3.508628964217700569e-02
1.918108464772692173e-02
1.851252872385088580e-02
2.841004401768100138e-02
3.821610904876492770e-02
5.579167861755150032e-02
6.705862442736652829e-02
8.001269807773907228e-02
1.057165907869346833e-01
1.220502966678350398e-01
1.852055239118178265e-01
3.075287857319563001e-01
4.212087087995259882e-01
4.434452078314036760e-01
3.696639445889716158e-01
3.591968389430237329e-01
3.305121940778083522e-01
3.482914545465218281e-01
2.595492622102105740e-01
1.350008290272780298e-01
8.598245672699637854e-02
7.754019335119005651e-02
8.609831968546849401e-02
7.717664647388094989e-02
6.123943103768222929e-02
4.061612986748533438e-02
3.211844103450044174e-02
1.954511701594084661e-02
1.951785921479887512e-02
3.272209321480056693e-02
5.847622707149930515e-02
8.645388758603597679e-02
1.001139368836544419e-01
1.288758864423084349e-01
1.584288965119796389e-01
1.362798955739875639e-01
8.376832276185984527e-02
3.998212608786662348e-02
3.423417949975891827e-02
4.196161528487674791e-02
4.980951405387362696e-02
5.645660551438748398e-02
6.430518405392962600e-02
5.176240561633448090e-02
4.207992938640097574e-02
4.509958468999671760e-02
4.138693320716264890e-02
2.182914812961292764e-02
1.975880118507398683e-02
1.773902782262653730e-02
1.791428695237621063e-02
2.892786203520137517e-02
4.116805390046555935e-02
5.289966245023718094e-02
5.013684468358255153e-02
5.002023848934315092e-02
8.990604990559711296e-02
1.275305232735297611e-01
1.326402450348452278e-01
1.259979044012200511e-01
1.208376209880261953e-01
9.631966478425363354e-02
6.455266592521489988e-02
3.701892176795897743e-02
2.036271373144806635e-02
1.938388767324892778e-02
3.150049225786757945e-02
4.309996833628854801e-02
4.764411592953547714e-02
4.543863896172158079e-02
5.496767627742187717e-02
4.734244009690945915e-02
4.081176864948597716e-02
3.642696352275275745e-02
4.021841147231905444e-02
5.458876380565492320e-02
7.126182534015308712e-02
7.849893579624606099e-02
6.603938580989457408e-02
4.374974938706639727e-02
3.137707034989443283e-02
3.326651658490630686e-02
4.044457506867248087e-02
3.629152292803940194e-02
3.659518337290110224e-02
2.199954197404181688e-02
1.688766994730770549e-02
1.511787108256698250e-02
1.598403218094008107e-02
1.704013235991536090e-02
2.380789339671669433e-02
3.121557236674674801e-02
4.032146011221785648e-02
4.837633299972934897e-02
5.186622914683534924e-02
4.883077871076935833e-02
3.376539118431912123e-02
2.459083451651294244e-02
2.528318633368267787e-02
2.476445816567143798e-02
1.766559794791447771e-02
1.088013147831262163e-02
5.418939577251511569e-03
5.017255775309525760e-03
6.171913323305459019e-03
9.374715128420989599e-03
1.134914586428434694e-02
9.985946320403001758e-03
9.673884419241671542e-03
1.100933312430729845e-02
1.081405904337500758e-02
1.001885136989862438e-02
9.129589421591215517e-03
7.743793877252532452e-03
6.518858587466546534e-03
6.787183878442343624e-03
7.500125904823868456e-03
8.466890641952407384e-03
9.687988475209881670e-03
9.092531196431189941e-03
8.356022798616514341e-03
6.137192088487420163e-03
3.396281388307944519e-03
1.864619968237298366e-03
1.408398084726370609e-03
2.293925649498546569e-03
2.484871829966053824e-03
2.204088125991707833e-03
1.683563150668164476e-03
1.109496356509250686e-03
9.988620468710750471e-04
1.377787194271464476e-03
1.777349863378960238e-03
1.798147453983113195e-03
1.618201333287466086e-03
1.545385006956316847e-03
1.253290446267950548e-03
7.704408004020518773e-04
6.694945177624758758e-04
6.189233336701252313e-04
6.688467847055262110e-04
6.674205133359928030e-04
6.699410735696082657e-04
5.331092850806931367e-04
4.309040368852664542e-04
2.907555526069267068e-04
2.206139132047044117e-04
1.980037286904575377e-04
1.409210370184356680e-04
1.003612487011649107e-04
8.558258102674117321e-05
7.856359592392851666e-05
7.496841095493122218e-05
7.836528971950352770e-05
6.357395609622823961e-05
3.987755356854989731e-05
3.398223569691853987e-05
3.139778284997960911e-05
3.095499951285541181e-05
3.175369195234516612e-05
4.176052566639548301e-05
5.933534630329994030e-05
7.427074250586440196e-05
8.500092919354515204e-05
8.674089968820155618e-05
1.281085116470134268e-04
1.641252430737886005e-04
1.801171187492759394e-04
1.812865598210687730e-04
1.620451586300677245e-04
1.869010506922808088e-04
2.668759763186996821e-04
2.604450597462893411e-04
1.884969667833964952e-04
1.494439850648601655e-04
1.883278076485499144e-04
2.270450308116573625e-04
1.844091064092499984e-04
1.874330300586568771e-04
2.982818456478832200e-04
2.329158039517925779e-04
1.870179984950971395e-04
2.617988516616153523e-04
3.044708265383872024e-04
3.287703123334884841e-04
5.874221639695511405e-04
7.036888202045496260e-04
6.551014004489927062e-04
7.090220162395523620e-04
6.999862432641256295e-04
4.908466985654678103e-04
3.148655547704692567e-04
2.849922605056911000e-04
2.041981659255230760e-04
2.057302461958359318e-04
2.897006846841861864e-04
3.066973760381526371e-04
2.964323384721634477e-04
2.793088716951843808e-04
4.235996098769529566e-04
4.840386055382138127e-04
5.321485755822268201e-04
5.516442388344135151e-04
4.553732016962938004e-04
3.190389579257377596e-04
2.272787203120550398e-04
2.412792258290882906e-04
3.599817808926540825e-04
3.968830959168564358e-04
3.782694412667725586e-04
3.327631581359154667e-04
2.677046067986387444e-04
2.330014984392315264e-04
1.826762528410980448e-04
1.367632935875902789e-04
1.478981796103123129e-04
1.963304236427866622e-04
1.841387541573074086e-04
1.619510364057579605e-04
1.277346665866366173e-04
7.156405228925901741e-05
5.860504973368122237e-05
6.599139062743253966e-05
6.823532077663603404e-05
7.142230205479988177e-05
6.611751736208111802e-05
7.282062461279956297e-05
9.740640705161835941e-05
6.497643700753974320e-05
5.625909582614020650e-05
4.639685479598103528e-05
4.655145923638350148e-05
5.473563974611546145e-05
5.450308183148859639e-05
5.218517736202135323e-05
4.697547886322311222e-05
4.426558913458302711e-05
5.370964612981985148e-05
7.035784650365511288e-05
8.096612283911947493e-05
7.547579327070445983e-05
7.185346490565878833e-05
6.173186777227180071e-05
5.197492348258808274e-05
4.191097032168511932e-05
3.013886071500222630e-05
3.075759442216564784e-05
3.188215393281190188e-05
3.464718846276601164e-05
3.501090837832110191e-05
3.372231083116364407e-05
3.258853004813871555e-05
3.171810106335180981e-05
3.413471096067175923e-05
3.691610069916587421e-05
4.072326168480014093e-05
4.699229809197752748e-05
5.433603769956294995e-05
6.348890335496156672e-05
7.472292251732314580e-05
8.616047949306796037e-05
9.836561575888075793e-05
1.170379103046734350e-04
1.463952118754415453e-04
1.739628642367094312e-04
2.195302313346916714e-04
2.757859422288913890e-04
3.453045912124781160e-04
4.270591448893159094e-04
5.180773168652267995e-04
6.581872812854776223e-04
8.521837701739085448e-04
1.097198594902561424e-03
1.424412165963795125e-03
1.840111071755279847e-03
2.437059597169097258e-03
3.320701307295984353e-03
4.437099208372731300e-03
6.183342761478207404e-03
8.377286268464080241e-03
1.136321492760822283e-02
1.453210203476219646e-02
1.973915863653269084e-02
2.294351022103804927e-02
2.559286540406015970e-02
2.330866854990268702e-02
1.803927398357301967e-02
1.280459602164161007e-02
7.998110700531529602e-03
4.720838818264541832e-03
2.852406698297892639e-03
1.756748172205918829e-03
1.052896375236972567e-03
7.398205045738182484e-04
6.077660800678339088e-04
5.416149174573009354e-04
5.261104528347438671e-04
5.275587792032495780e-04
5.321336737855395784e-04
5.405447424392884406e-04
5.482248365170369966e-04
5.540519901877453404e-04
5.584662168659540980e-04
5.610712985037550346e-04
