1.197778931100171446e-01
1.210464115786141354e-01
1.251468165041246527e-01
1.472473758560872981e-01
2.309927528313330536e-01
5.365996963662053032e-01
7.807249882137355934e-01
7.656409815200925228e-01
8.508656622087634736e-01
7.279778806770942357e-01
8.579958342285031181e-01
7.791839250369860803e-01
8.008980418076088181e-01
7.636072028305386228e-01
8.218970589246088476e-01
8.432078022465535616e-01
8.369193271535708689e-01
7.961040023900717300e-01
8.373289111990510625e-01
8.728263888249846447e-01
8.349682647572072014e-01
8.626213729449536682e-01
8.544018468698821867e-01
9.110797561993129179e-01
8.361449804941242236e-01
9.206365836611891673e-01
8.804223178474313016e-01
9.500106097867667687e-01
9.125903432506484725e-01
9.777916125813617132e-01
9.548688907285113325e-01
9.746973545728752075e-01
9.470551545861547460e-01
9.453219254164246799e-01
9.458892395988595103e-01
9.760518881487517673e-01
9.969161474647367793e-01
9.551240184687544987e-01
1.075166821474105916e+00
1.042113913755542187e+00
1.106304742243003902e+00
9.791645979808175637e-01
9.811939904727933204e-01
8.577236820086058255e-01
9.133430857427908833e-01
8.042951931303425894e-01
9.228222221571381612e-01
8.764127287586856996e-01
1.022218014200775960e+00
9.504812343636961369e-01
9.802041520428037558e-01
8.869036719471944386e-01
8.537955647778964208e-01
7.983647808171284721e-01
1.134986686224342955e+00
1.351241950520201129e+00
1.654962514033524679e+00
2.239429488019960335e+00
2.575495216499736451e+00
2.991328017088151103e+00
2.783803851531131190e+00
1.938546286588828105e+00
1.368482038385581578e+00
1.502114546193014322e+00
1.590512098063152191e+00
2.102397422861172593e+00
2.102412514885324768e+00
2.391194147401022541e+00
2.828903681414129512e+00
3.794373901019408191e+00
4.103400296530749003e+00
4.092921555349372298e+00
3.205955452134298334e+00
4.799330022342790159e+00
5.864550395439731112e+00
7.836693408400589256e+00
8.134950189034830359e+00
8.167760151476253228e+00
7.995169017738648520e+00
8.215131026815145177e+00
7.755655977385528921e+00
7.983093754216164406e+00
8.175655998786336198e+00
9.307305680699519357e+00
8.782830056176953448e+00
7.810600808729545541e+00
7.490498749499665543e+00
5.608440205003228485e+00
5.242101081290405418e+00
5.765750881503356240e+00
7.729495483465929517e+00
9.143679986500211854e+00
8.866217677534837804e+00
7.588266745538944313e+00
8.441833069304330195e+00
6.659737279855017178e+00
6.683562476649857587e+00
5.980112852239374277e+00
5.399404033301912875e+00
6.074715391035916845e+00
4.425523618162547024e+00
4.268187260199321820e+00
4.548994440015041718e+00
5.736490151050970709e+00
7.388726235174296164e+00
7.019384659073052646e+00
6.993107877186747423e+00
4.474825852529481729e+00
5.084241560890810696e+00
6.120995075036767652e+00
7.430530081848917945e+00
1.265863363379079232e+01
1.736268724386428275e+01
1.830792994350949598e+01
2.096630286740788307e+01
2.053367568540946664e+01
2.499808083536207448e+01
2.360336738050053995e+01
2.108766492504304324e+01
1.510386428133021397e+01
1.152703017198674651e+01
7.394531585629583681e+00
7.248045533944130092e+00
1.234818514319756844e+01
1.219148687485079208e+01
1.092783045882785231e+01
1.187182292769602476e+01
1.766618698496467843e+01
2.597532128426586340e+01
3.545216818035653716e+01
3.329266337110658469e+01
3.525793354454169304e+01
2.682071620656808619e+01
2.967245675567131258e+01
2.323655401719704727e+01
1.982801759744253545e+01
1.820930232273212468e+01
1.452077954157480555e+01
1.262526705339721111e+01
1.247465132424849799e+01
1.096491556427910652e+01
7.936750435935936210e+00
6.014324971985439028e+00
5.075501829849578428e+00
5.518390901675759963e+00
6.403777729651816131e+00
9.133834684277355009e+00
8.482864030598928906e+00
8.340534971514728113e+00
7.675001188559473775e+00
9.856629789657567642e+00
1.119497322887473700e+01
1.185097901681511345e+01
1.151666238587425006e+01
1.969475187879177014e+01
1.512054369542803300e+01
1.811734491971144223e+01
1.554032127939769126e+01
1.440727734998179166e+01
1.297284480133374629e+01
1.112204556787700049e+01
1.639548254039126363e+01
1.116331855608346224e+01
1.563535388814589133e+01
1.654868015872683529e+01
1.247636720974913871e+01
1.237903246698168402e+01
1.205680653695239535e+01
1.326222943637419149e+01
9.950648624428751532e+00
1.341648028182538255e+01
1.186688975660985079e+01
7.777735666965271299e+00
9.476128471443603374e+00
8.500743308843521362e+00
8.726551845320560830e+00
9.509730327654304816e+00
1.220793252498563142e+01
1.385755023503713446e+01
1.772002181757782679e+01
1.790206628020874646e+01
1.540106972252177897e+01
1.810935705544186902e+01
2.407909398190944117e+01
2.284993841787677127e+01
2.946696898847175916e+01
4.120160344837299249e+01
3.365892144551981602e+01
3.935417722290668507e+01
4.935173002896117112e+01
3.905749625804612180e+01
4.423817251330194722e+01
3.874921377465459926e+01
3.500986096293931382e+01
2.928934404487404919e+01
2.608680471071717832e+01
4.011477268577305466e+01
2.267078188783050052e+01
1.439197911215735637e+01
1.192488773650464218e+01
1.376691885084365374e+01
2.846664910451708153e+01
4.844774209996842274e+01
4.805006435190631464e+01
4.929172669931394068e+01
8.476295052824039544e+01
6.752137365597441487e+01
1.225707987685146207e+02
1.107816410137656362e+02
8.955832668377868799e+01
1.013377797774829361e+02
9.767777487612175946e+01
1.414954267803422852e+02
1.713086409593860822e+02
1.501102977603906368e+02
1.494283796438001559e+02
1.681421440585604330e+02
1.307693662162085104e+02
1.487199813997324611e+02
1.424725020640542255e+02
1.063061123000832850e+02
1.076897144804228788e+02
1.113043114870788912e+02
2.141766600167365766e+02
1.951941116036411472e+02
1.682886164254445873e+02
1.472924687337066132e+02
1.178098525304985458e+02
1.283509473664011580e+02
1.059183695802536533e+02
9.087225979293339151e+01
9.219380807602333050e+01
1.144723954510198922e+02
1.034280547946611080e+02
1.641050160315641904e+02
1.602930110474848391e+02
1.905059923623482234e+02
2.265007611757646657e+02
2.678151866393738487e+02
3.507307161454099287e+02
3.112347489717610074e+02
4.284689946336097819e+02
3.965244356551100964e+02
4.169004775850601732e+02
3.422757756623958585e+02
2.568753751033451067e+02
2.220712574267480477e+02
1.246486727000785351e+02
1.597812030816390347e+02
1.891581944165783113e+02
2.061763499488501736e+02
2.437180364723362800e+02
2.919811519186585542e+02
2.445639094870829240e+02
2.866882801577579585e+02
2.432649631451080552e+02
2.304492570726224017e+02
2.242885044687442644e+02
1.850582245376089361e+02
1.518665838968269952e+02
1.759140429910910655e+02
2.033633453041024097e+02
2.781006074118972151e+02
3.130048076207536951e+02
4.246501742113275668e+02
3.379968560498949159e+02
3.088479420320491045e+02
4.888259776225804671e+02
7.441909464732505057e+02
7.188178103462406625e+02
6.297454944018272727e+02
6.627714622950345529e+02
6.284301545471495274e+02
7.723931704093881763e+02
1.084400900144013804e+03
1.106815465324404386e+03
1.153820621085566017e+03
1.177398749524058303e+03
1.149651826593134274e+03
1.022535253229960176e+03
7.150805819322760044e+02
4.890358796823806529e+02
3.394076942695377852e+02
3.324570706271002791e+02
3.540425506083171285e+02
4.475920213060458650e+02
5.923773305617316964e+02
8.449810660159270128e+02
1.275071510829212684e+03
1.486560180053588510e+03
1.742535861688474597e+03
1.622112309888228083e+03
2.158834933971721057e+03
1.432405641173588265e+03
1.503133570209451818e+03
1.577429731254199623e+03
1.682828291279563928e+03
1.958924056767818684e+03
2.062475028423128151e+03
2.143440323104184245e+03
2.654676897825592732e+03
2.389145230403770711e+03
2.830746101925863513e+03
2.054479952124280317e+03
1.744289998967198926e+03
1.350411294814183975e+03
1.177262208984337349e+03
8.939172919459563218e+02
8.288768352901970502e+02
1.030601325083784104e+03
1.129705589928209065e+03
1.383046934171738712e+03
1.400413734444597594e+03
1.471932124852063680e+03
1.561539859594951849e+03
1.599997634935791439e+03
1.450038048369763374e+03
1.398534891435169129e+03
1.272605962517804301e+03
1.104337589710730754e+03
7.378515555842269578e+02
6.986358513422190981e+02
4.379949285495135314e+02
3.997697346191687870e+02
3.810928749266471414e+02
3.470168499646354690e+02
3.330823661196627086e+02
4.148798944946602774e+02
4.778168219058610475e+02
7.366786698305490972e+02
8.935389316459927613e+02
8.311558840349987349e+02
8.874751786926540262e+02
8.478973355708236568e+02
6.556207099369540856e+02
7.292075575894349413e+02
6.577879424837666420e+02
6.812630920634883296e+02
8.215273836076950147e+02
8.697288410998379504e+02
1.037919974998914768e+03
8.389184639452313377e+02
7.495204220578978038e+02
6.087271272710037238e+02
5.938613809153307557e+02
8.285772427397799902e+02
8.888709266690649429e+02
1.031311856060613536e+03
9.646156002385562260e+02
7.373011986700872740e+02
4.668362503802240440e+02
3.535599650219879209e+02
2.891875053624037832e+02
3.135397712828376484e+02
3.301449304635597173e+02
4.244386024044840156e+02
4.900836774722091036e+02
4.560611144378235053e+02
4.003345950941491083e+02
3.218665438728006620e+02
2.704949862711466722e+02
2.603429912369980457e+02
2.195494894757867712e+02
2.271196551557592329e+02
3.003432860867363274e+02
2.500327566440065823e+02
3.844100936453875192e+02
2.944613093267789168e+02
3.198868449158030671e+02
2.911146031377940062e+02
3.271291848704310041e+02
2.808530123564216865e+02
3.153626348835126691e+02
1.856748510869025495e+02
2.111927149721594787e+02
1.721320514944754905e+02
1.371959345928610503e+02
1.305345086065319720e+02
1.522825785303966768e+02
1.313806571453588106e+02
1.405659658553376516e+02
1.479764546257204927e+02
1.421272530748188672e+02
1.367738565854908757e+02
9.754834942266107589e+01
1.187242131470785722e+02
8.551385817324994321e+01
1.208951568126754523e+02
9.936966613517451208e+01
1.226660403375804123e+02
1.273388857387854642e+02
1.679770502436057029e+02
1.361473368737958936e+02
1.662779350166350127e+02
1.270323961607691814e+02
1.502784772330449812e+02
8.508694546316756657e+01
1.047636735260005594e+02
5.629436722548391003e+01
5.697303556108551703e+01
4.096695351204569135e+01
3.106390541422157625e+01
3.042731006748933709e+01
4.133068061946274696e+01
5.053301209071343436e+01
4.620944222006688307e+01
5.564380173477957925e+01
3.884219296179836789e+01
3.627798515651081601e+01
2.736188897030239175e+01
1.977131032104638564e+01
1.849159739892168730e+01
2.491308482030100180e+01
3.578669623835071434e+01
4.472679687464438558e+01
5.375093912801740004e+01
5.493222319955530963e+01
4.457043028820765329e+01
4.218963091216403427e+01
4.021041289480482561e+01
3.512502604372413373e+01
3.527457136436502338e+01
3.204208156669788821e+01
2.311012271500762694e+01
1.557019175952608236e+01
1.231442876787331819e+01
1.238578084123426848e+01
1.314152889079678310e+01
1.011128779792003485e+01
1.212705365475634878e+01
9.170683532261421078e+00
7.692764922796138549e+00
5.338185207563652668e+00
4.390188383918306236e+00
3.464249826781169883e+00
3.364167194513794090e+00
2.598109213277314922e+00
2.716402190002599415e+00
2.292131985017122453e+00
2.194589981749486274e+00
1.793326075433724798e+00
1.642374816313251662e+00
1.133295956581298558e+00
1.237008715236340928e+00
1.034444137641562733e+00
1.030005391744766463e+00
1.025293163598335777e+00
8.532351693596181841e-01
8.523188299489399267e-01
7.817850071915525278e-01
6.542753127333794660e-01
6.967178182418649612e-01
5.452720725976997196e-01
5.876965771276784212e-01
5.283147872415718815e-01
4.965341415328528019e-01
4.944181640878865802e-01
4.597580687779374009e-01
4.435909712571349806e-01
4.450906912557126560e-01
4.100462491538062748e-01
4.221474549151257305e-01
4.048741022103736209e-01
3.936605569529889048e-01
4.057418056688795183e-01
3.810093981023792153e-01
3.896057643036524021e-01
3.801553464698557705e-01
3.746052372948983633e-01
3.786808570447172673e-01
3.677950238672789141e-01
3.694021756884853236e-01
3.664296854692707939e-01
3.600408550708855127e-01
3.621771852386038160e-01
3.558450006788256847e-01
3.543997264923879342e-01
3.536545795766659617e-01
3.486325701193742632e-01
3.490022032557403286e-01
3.452785324237460651e-01
3.435332335036246909e-01
3.423301569890299101e-01
3.394232734523866535e-01
3.383302104835700930e-01
3.363917766352126915e-01
3.344485298657091654e-01
3.333997125971949749e-01
3.313502884325080777e-01
3.301557481925758153e-01
3.287615009376586017e-01
3.273136587027628552e-01
3.262419381617542302e-01
3.249332818691456626e-01
3.238707540633711246e-01
3.228572451456979131e-01
3.218337736686946449e-01
3.209667212694661820e-01
3.201015930428116052e-01
3.193216686973810448e-01
3.186115519578668343e-01
3.179417405433911936e-01
3.173477707307060802e-01
3.168056169931703914e-01
3.163230308392675494e-01
3.158996241338036248e-01
3.155320708785113726e-01
3.152223983790623518e-01
3.149692410339627879e-01
3.147725805813826883e-01
3.146322562612037244e-01
3.145481093457008215e-01
