8.655133566667108264e-07
1.146426740910901348e-05
2.786845947542718909e-04
2.933466526591386406e-03
1.514159028210140118e-02
3.735029492204815921e-02
4.755574611634994647e-02
3.967098699421073293e-02
2.931960714957778866e-02
2.008493057386380107e-02
1.397386242278327376e-02
1.053017260237672052e-02
8.038408865256163952e-03
6.427266557130725290e-03
5.026380136243720730e-03
4.111743634941176194e-03
3.430027235374875829e-03
2.903524012311922958e-03
2.462082538582423871e-03
2.217426167994497859e-03
2.029083560372344115e-03
1.862967458714436106e-03
1.729853803466864168e-03
1.660328778787801586e-03
1.571533460733073179e-03
1.513658591906881555e-03
1.493053268721068012e-03
1.416144939595773838e-03
1.327748243588368566e-03
1.307702924563465497e-03
1.343932058195360796e-03
1.282975063574922888e-03
1.254843457835063758e-03
1.237512578356265948e-03
1.236983570269835136e-03
1.243509873022999226e-03
1.235573303002275840e-03
1.249303901891186518e-03
1.222068719255243237e-03
1.214053658966216974e-03
1.188632283104439861e-03
1.128629999720356112e-03
1.208916539273183818e-03
1.284118074196814599e-03
1.143725578995233218e-03
1.113255155147886352e-03
1.105049136529865196e-03
1.067978263766244549e-03
1.019028776387195800e-03
1.015923969450801059e-03
9.764349830507264164e-04
9.703861810196660019e-04
9.540680166992951319e-04
9.400900257979051327e-04
9.186634557858411538e-04
9.175134075057543017e-04
8.934754370139231161e-04
9.023858120470426873e-04
9.110108687862024509e-04
8.811935172567268758e-04
8.468260625663811799e-04
8.581242534823887644e-04
8.566800633147179066e-04
8.348877987544162105e-04
8.038039894073409570e-04
7.691627187204343966e-04
7.548572681294971748e-04
7.403997198230354709e-04
7.354019201155925518e-04
7.332429539811099800e-04
7.327244194485476453e-04
7.402917523268011347e-04
7.238407260653910869e-04
7.142920945335097613e-04
7.023099236424827294e-04
7.108652360093335818e-04
6.863871492955010917e-04
6.791374098233639517e-04
6.903290573444075939e-04
6.804887068733512286e-04
6.932299793221899245e-04
6.774470123012441914e-04
6.566785625647809498e-04
6.499517796235138164e-04
6.669407665141807761e-04
6.881276507912454038e-04
6.715045711307321852e-04
6.467475539882104824e-04
6.372315641005023507e-04
6.077535584767455824e-04
6.009186992944920858e-04
6.157144356289884560e-04
6.106472761075847902e-04
6.147487741247572744e-04
6.102748896214903575e-04
5.947521157513523376e-04
6.100033830969621602e-04
5.964705866761202142e-04
5.804379192926419550e-04
5.849005188386761922e-04
5.747844868417306165e-04
5.604654777757211211e-04
5.742136994285965959e-04
5.633881517014642775e-04
5.589659277334726442e-04
5.760810002119363601e-04
5.875327616860656589e-04
5.903496376179583191e-04
5.648516253227249193e-04
5.586424892736074508e-04
5.567525507479297768e-04
5.614257870969831298e-04
5.704953522235914039e-04
5.712226122775014049e-04
5.598668788749381134e-04
5.541936510674871658e-04
5.479698830071488835e-04
5.380049085593467022e-04
5.278510287670981583e-04
5.285797872917057279e-04
5.466102890953645089e-04
5.272172006619100116e-04
5.352731531266712375e-04
5.378632007892724396e-04
5.327820556078512052e-04
5.331150608917067371e-04
5.368233158704765508e-04
5.412781779163245398e-04
6.380977838761198433e-04
5.673677108050907214e-04
5.177439579906803610e-04
5.273500900394471414e-04
5.330061068328336349e-04
5.248879062317345426e-04
5.009397639942978885e-04
5.037560458474428732e-04
5.236706372601369723e-04
5.223481241280504561e-04
5.184487203743811529e-04
5.038781333880701504e-04
5.173582041147855009e-04
5.273944952477567982e-04
5.160142317298317986e-04
5.027732766864300394e-04
5.026562167353279065e-04
4.920466341600889144e-04
4.801695132500296789e-04
4.797686069126731040e-04
4.844055018142851476e-04
4.823833635923348078e-04
4.730373539877069764e-04
4.708016680219241482e-04
4.623238539945920549e-04
4.566383548400906205e-04
4.529658629916641301e-04
4.652663110608481274e-04
4.734709549928135938e-04
4.682337465741249235e-04
4.770175567453362924e-04
4.846624902079303622e-04
4.783714350049033054e-04
4.871958930460121946e-04
4.698256893747572525e-04
4.686576294501633606e-04
4.595148438510451979e-04
4.524891770366133259e-04
4.835577507377389209e-04
4.847428290044792417e-04
4.799415611396415393e-04
4.731136963027949855e-04
4.679483559931486825e-04
4.629865769791150138e-04
4.734034847094703764e-04
4.767016252851780751e-04
4.671668561062374209e-04
4.746852224254987816e-04
4.743485695814528367e-04
4.798938172811375224e-04
4.731289032690415004e-04
4.762912714206359640e-04
4.868596302560978216e-04
4.817025921500578053e-04
4.779464189317881662e-04
4.780771133852649733e-04
4.964053649810980804e-04
5.036209655872104281e-04
4.934859261956685500e-04
4.765192684833207087e-04
4.596830772759192890e-04
4.735853557668171562e-04
4.865232721386083506e-04
4.953170130358843307e-04
4.917492299008093112e-04
4.925732134106478250e-04
4.884940590674681634e-04
4.715918928943444452e-04
4.841765258327779351e-04
4.753457085824600243e-04
4.590946111159483790e-04
4.744193814808447558e-04
4.823414381432227752e-04
4.729176808847038150e-04
4.736243559855201051e-04
4.875859335596467573e-04
4.723544531315457653e-04
4.724007353901366339e-04
4.645979124180586121e-04
4.752254118840427326e-04
4.830176477272352109e-04
4.800226902479662393e-04
4.787600069791373781e-04
4.816943325900014511e-04
4.856632190300699619e-04
4.822439408104391948e-04
4.806608762675965651e-04
4.680656929955997461e-04
4.721792023932016246e-04
4.680030688362510284e-04
4.830795426217015056e-04
4.820043416699280425e-04
5.205431642910400211e-04
8.876288362207208210e-04
1.034507142780151682e-03
5.703832019452660012e-04
4.753615418053228742e-04
4.752739110795300309e-04
4.715022839569800537e-04
4.757481694254729588e-04
4.916516994870516813e-04
4.767935779228549037e-04
4.854863386498190500e-04
4.986292472467127946e-04
4.788362693205796259e-04
4.714859327186193025e-04
4.844871652447641864e-04
4.866885235391326054e-04
4.987341777335881814e-04
4.939247613971031042e-04
4.975564028753547315e-04
4.822994946645731357e-04
4.847367644462314564e-04
4.795515288429209422e-04
4.930725688469258334e-04
4.985424577683275149e-04
4.770143955004785014e-04
4.831196388103539056e-04
4.981578208330222609e-04
4.720971371801877176e-04
4.607184550860224034e-04
4.712748261246617223e-04
4.702921349651137677e-04
4.598062057954825383e-04
4.708972687471451582e-04
4.797320787708054916e-04
4.858788443729740187e-04
4.879039326100342096e-04
5.123141203819348228e-04
4.959791117463739976e-04
4.867327135044635482e-04
4.860775978240176811e-04
4.901864539144704493e-04
4.829836150122925379e-04
4.808863552214830638e-04
4.804831668971202836e-04
4.790208445703727624e-04
4.897804586055889324e-04
4.840941024554390611e-04
4.813907485266806312e-04
4.835518660660086555e-04
5.048129762600379704e-04
5.238739315872979752e-04
5.203507544372152184e-04
5.154712388781171415e-04
5.222845801062603668e-04
5.383471787750986753e-04
5.147137351874979871e-04
5.231274575063698867e-04
5.229516337741473269e-04
5.265263646374096019e-04
5.066314476168105960e-04
5.083520295921170606e-04
5.226949293904759085e-04
5.327640153166793725e-04
5.096659483755063480e-04
5.146810619007936415e-04
5.307423681245587851e-04
5.203275408831432945e-04
5.326994570949288325e-04
5.445359152238754899e-04
5.392590816845506656e-04
5.368940419145803132e-04
5.281055875657506785e-04
5.219366518126529767e-04
5.216510666028674643e-04
5.319587321528016204e-04
5.068642958418197826e-04
5.095255491915756099e-04
5.038522873544973475e-04
4.956540859574150087e-04
5.060538600283161562e-04
4.945196844930541558e-04
4.976190594853401906e-04
5.129269667377156245e-04
5.191541761084843189e-04
5.110351297014459424e-04
5.094085779635793790e-04
5.092805864677703732e-04
5.278185230250391794e-04
5.153875397118812696e-04
5.236643395443682817e-04
5.460169560693257842e-04
5.266657166123662895e-04
5.265428062387835948e-04
5.256307959929971225e-04
5.186993989563734326e-04
5.253383565899949221e-04
5.309392210265170961e-04
5.147722394987950742e-04
5.167091825459271207e-04
5.296642852662268759e-04
5.407135020178506415e-04
5.311538271047637223e-04
5.408817937019185342e-04
5.486821967175005681e-04
5.480943245312578250e-04
5.486420422497986131e-04
5.592227998902414522e-04
5.492455363259948634e-04
5.464328485234424973e-04
5.487585941582642486e-04
5.487272426306936870e-04
5.563480401754041481e-04
5.426351213283715823e-04
5.309187267967041069e-04
5.350498573434570851e-04
5.267880254130897491e-04
5.320778966518234770e-04
5.352881697297546398e-04
5.454313330252367033e-04
5.693829809050580297e-04
5.708344100496422343e-04
5.680148953257995424e-04
5.752538875193547374e-04
5.771214531338596373e-04
6.072379235322785925e-04
6.053235823254402058e-04
5.877097780375830976e-04
5.917552392237868455e-04
6.087710196543928351e-04
6.028341117352165740e-04
5.756330807426407459e-04
5.874722091669039737e-04
6.065229265150908497e-04
6.355258916785171130e-04
6.582595242475157470e-04
6.557608548571070006e-04
6.569046620626716512e-04
6.349493356022061765e-04
6.133027074354327479e-04
6.101337157188506215e-04
6.012083657475383695e-04
5.748557811783753342e-04
5.726851119596896439e-04
5.766506636141587993e-04
5.732443912428030093e-04
5.790487223668183562e-04
5.650374502988095293e-04
5.681740259543181879e-04
5.556260636655687302e-04
5.364601138937507641e-04
5.397346460792748707e-04
5.545948506576796550e-04
5.568449675188198592e-04
5.623123436216231593e-04
5.701068157341033322e-04
5.708164183916013441e-04
5.768332194000245269e-04
5.823976367142337605e-04
5.800453013192486936e-04
5.629743052924939158e-04
5.762313663859581049e-04
5.719642462867660475e-04
5.772602973719785082e-04
5.788157632586334814e-04
5.564528389079437948e-04
5.398698560612248416e-04
5.495803200594594380e-04
5.555683681231662722e-04
5.433268890294683240e-04
5.513120793660772779e-04
5.594748492595094137e-04
5.461112332070661287e-04
5.308289224534173695e-04
5.512923915517557467e-04
5.657760636539396889e-04
5.496225118199144031e-04
5.242138576790605214e-04
5.433821162727540347e-04
5.711681985463246082e-04
5.356641356737914693e-04
5.129303498102332805e-04
5.089420887342033283e-04
5.024470924318863050e-04
4.950476885599843987e-04
5.137435066913954287e-04
4.895305358103304140e-04
4.763636742015286908e-04
4.581116451530274961e-04
4.568509571823005616e-04
4.341662748209150924e-04
4.162789562633767123e-04
4.151504254027799318e-04
4.021059838972944073e-04
3.845076674041729122e-04
3.662551865336364197e-04
3.509581820538880880e-04
3.431501733572495821e-04
3.374051601056368504e-04
3.075296325743142353e-04
2.756363206568962737e-04
2.581044607901346669e-04
2.484247659488927093e-04
2.263342415608603090e-04
2.011289745844510536e-04
1.834103229089911660e-04
1.580333871598046459e-04
1.401066417836570647e-04
1.304867066800859739e-04
1.123459590742795981e-04
1.008607255089438899e-04
8.918671691164698693e-05
7.507190426754399570e-05
6.577001333041525147e-05
5.420254258378570845e-05
4.445620861732211637e-05
3.701500277981528160e-05
3.124887031359573026e-05
2.652621042038781269e-05
2.207883686199975642e-05
1.790441741922491078e-05
1.470351998317215106e-05
1.199841781532857690e-05
9.795644301509089192e-06
7.945378879325011118e-06
6.176560963624443945e-06
4.891244468177836067e-06
3.861687197513073957e-06
3.167806551637113749e-06
2.431494988747960544e-06
1.932705147213573294e-06
1.497337418088679946e-06
1.085623657328306351e-06
7.977615078473695687e-07
6.110039207859854670e-07
4.670908435188969592e-07
3.394855515417631589e-07
2.526616212730435499e-07
1.848289956735106002e-07
1.354180267217650498e-07
9.793866344318949823e-08
7.173070920681128525e-08
5.173840511536016650e-08
3.532292831580951264e-08
2.434264822462829228e-08
1.642410858466421726e-08
1.134158768904054097e-08
7.771867318039923179e-09
5.093962423920374621e-09
3.403478269795303677e-09
2.296849196248438279e-09
1.543030825221588503e-09
1.034336482997006263e-09
6.753350714897132264e-10
4.419378680061240945e-10
2.912322816305833076e-10
1.878190548619950295e-10
1.254518492856826362e-10
8.199296856398657939e-11
5.280829450955269280e-11
3.424704707141528386e-11
2.215679495469826690e-11
1.434249785580625365e-11
9.097866032532886264e-12
6.070802602099307077e-12
3.931574474314583661e-12
2.520849235560520433e-12
1.611938486702960418e-12
1.020201627720607096e-12
6.629860782972925159e-13
4.274937706126779418e-13
2.657070711826713971e-13
1.634376105829550287e-13
9.958913095567836772e-14
5.987442950539204950e-14
3.497785539521620311e-14
2.087732973505795330e-14
1.210155625259237290e-14
7.228971714721745970e-15
4.633890673418765317e-15
3.019711011902938525e-15
2.332263333322458046e-15
1.874793848579459846e-15
1.698101184370615123e-15
1.557774694126959956e-15
1.478944156483386834e-15
1.434276895904693369e-15
1.386566400161575501e-15
1.355278862739108684e-15
1.328137027628136121e-15
1.307924511571437091e-15
1.293564973359997771e-15
1.284988967616167647e-15
