1.110456727945050570e+00
1.197565306620676395e+00
1.218984787334518094e+00
1.222157010255895182e+00
1.099056539524036813e+00
9.807714198974387676e-01
8.404958840755715199e-01
7.268033735704018117e-01
5.801440341996584316e-01
4.297223852929939469e-01
3.220137932827780158e-01
2.307549789972474508e-01
1.712671224815514870e-01
1.155519357492895832e-01
8.782808774496339566e-02
6.986377059339304862e-02
5.682229260538911031e-02
4.592745276775701130e-02
3.764804430626354781e-02
3.170424374461960904e-02
2.760498810614035389e-02
2.407965058598008148e-02
2.028082600731827279e-02
1.851183660482849658e-02
1.628646742961309749e-02
1.523756072554677612e-02
1.454513249985385850e-02
1.364342492221702792e-02
1.199398133295610444e-02
1.086463810668969118e-02
1.099867378713479012e-02
1.070533404310025638e-02
9.783601463957554076e-03
8.823962219328011780e-03
8.345017759273652344e-03
8.367227615714059250e-03
7.364291698343490046e-03
6.971470376802079566e-03
7.078609221599263708e-03
6.741995973165268614e-03
6.628201166437941785e-03
6.868809551419136940e-03
6.999833623854475467e-03
5.781396365949995411e-03
5.542021110494572099e-03
5.106471773575546949e-03
4.887382585767052930e-03
6.172336900729536585e-03
8.134858668317887162e-03
1.126703761818032522e-02
1.759716360535109117e-02
2.613046626656071597e-02
3.004813372302614707e-02
2.621522622187854798e-02
2.587608493413023902e-02
2.574027146608051306e-02
2.036952145995872543e-02
1.674098556478752914e-02
1.526417817157801893e-02
1.483548852427999179e-02
2.237756460561146979e-02
2.332969220407201880e-02
1.416228290017588001e-02
7.491703502941717517e-03
6.730444549388575788e-03
9.982868578824834194e-03
1.582775080336946971e-02
1.931419417101328667e-02
1.167948841933918319e-02
1.154851811695069286e-02
1.793638311774431796e-02
3.911632293287256590e-02
7.045007017268366256e-02
1.499097157755793497e-01
2.149984304707797667e-01
1.800278422613360019e-01
1.049167213870779436e-01
6.165701469931805789e-02
9.318012505235812037e-02
2.011191767147360865e-01
3.044602406830998476e-01
3.419634930695676367e-01
3.454192793487496638e-01
3.334486221679344720e-01
2.734279619969328112e-01
1.990922359389479257e-01
2.260370730256123228e-01
2.607460505650185945e-01
2.194649206597527324e-01
1.919315999446319920e-01
1.501689842073891112e-01
1.128115139180317084e-01
6.762918164455310188e-02
3.781951578990790097e-02
1.665660759897764909e-01
4.497184152530926404e-01
7.040186799988426003e-01
8.779046288572940338e-01
8.068888054215848094e-01
5.307912299417226754e-01
6.755168891946019549e-01
1.344343284248483483e+00
2.108306646522842165e+00
2.845570612311751901e+00
3.307884521322305815e+00
3.364087460815111896e+00
3.200380339377587813e+00
2.579914911587569026e+00
2.141861292830205876e+00
1.865821157529613972e+00
1.716634892192248296e+00
1.627942500447765672e+00
1.185870644675892205e+00
6.502531833347376944e-01
6.211927110636162874e-01
1.002269689233656003e+00
2.054193021879105796e+00
3.634766968774883811e+00
5.444286925899760377e+00
6.770904323805335245e+00
7.683324540619401510e+00
8.994275051049017478e+00
9.383225136932823673e+00
8.636782818729084710e+00
7.278047352887485388e+00
6.168067035954554633e+00
5.927374393549219356e+00
7.592093646051081279e+00
9.620420999320593580e+00
1.051777067051062531e+01
1.032505344390926005e+01
9.977233824887028035e+00
9.862016145731191230e+00
9.658150195116514070e+00
9.205787489695707038e+00
8.385179058279760511e+00
7.276920995647925494e+00
6.494421824951135847e+00
5.904717306116856967e+00
4.931895338507895410e+00
4.390559230405356672e+00
4.145725414664472197e+00
3.810308730289399204e+00
3.427344230807446657e+00
3.181045121059708602e+00
2.745391959205242483e+00
2.420196939213939746e+00
2.249409663739788012e+00
1.982429304456593488e+00
1.779466768014061895e+00
1.541319291540205638e+00
1.267345382285867794e+00
1.060129359032578655e+00
7.224773410879772317e-01
4.811723240160194481e-01
5.031556322338989196e-01
3.815495113037554731e-01
2.704369347219246489e-01
2.427446403176250767e-01
2.818223717535886519e-01
2.650108845835366100e-01
1.853028451103154173e-01
9.778278186808833650e-02
7.840844785254749705e-02
1.091183224045649269e-01
1.356669791975676775e-01
1.138237146852390802e-01
1.200067934099740552e-01
1.546786140144402744e-01
1.223305216526413136e-01
1.202173272599941084e-01
1.249283837567539829e-01
1.226463150425415594e-01
1.164984516463967723e-01
1.064357254028217709e-01
9.254764495567943672e-02
1.000038005231165261e-01
1.054048092421884519e-01
1.173544123680065332e-01
1.685277241308774376e-01
2.423216639840114484e-01
2.690060772448548687e-01
2.726067103455409035e-01
2.645966935555555399e-01
1.914320738086778551e-01
1.117628451330203720e-01
7.274422879031254563e-02
6.227324658349733116e-02
6.907511234919556931e-02
7.917583602337231741e-02
1.003783906186703628e-01
1.024130157999462026e-01
1.036042741854031751e-01
1.247969363303656487e-01
1.300708074759359678e-01
1.199294067712459999e-01
9.073525240756455390e-02
7.742075058239689112e-02
1.000674130228612901e-01
1.345958497540389043e-01
1.744761901237811830e-01
1.969240581195713380e-01
1.977013512672776141e-01
1.592445831576695392e-01
1.085974126486928398e-01
7.358031780329543636e-02
5.837465293611954209e-02
5.179319702909335188e-02
2.672381196161283112e-02
2.175366318533488233e-02
3.104215415955089916e-02
4.119959641519133769e-02
4.713175780242807172e-02
5.046470667972238755e-02
5.104820743836314262e-02
4.256927447869652409e-02
3.213846068457426597e-02
1.686145088455952637e-02
1.055304429440566058e-02
1.005955386717014011e-02
9.382418455796355528e-03
5.410101549671023601e-03
8.709933350819513628e-03
1.587373268620367178e-02
1.557572996670936009e-02
1.073090796405002344e-02
5.598499545478470389e-03
3.302812819344481173e-03
3.316974787097157294e-03
3.303723037584066664e-03
3.108802683329144490e-03
2.303328774379656205e-03
1.373461283187555086e-03
8.778384766938804751e-04
1.274857559854035861e-03
1.725025517150301788e-03
1.734793169743710723e-03
1.318605739883031399e-03
7.364829300701499111e-04
4.000298621599557747e-04
2.282244623509965072e-04
1.561485959385050287e-04
1.226085649892874401e-04
1.064988916664207352e-04
9.778193673939476998e-05
8.534003137320792507e-05
8.017751381593873189e-05
8.057632265176646548e-05
8.524930130463096768e-05
7.949092264409771905e-05
8.410849380492053961e-05
1.505772657108996721e-04
4.127699164419317327e-04
8.999414050594379448e-04
1.481697522640586760e-03
1.542088496097027660e-03
1.368725337241124456e-03
1.035743988068048597e-03
6.604400504648289157e-04
4.755010687399209546e-04
4.718821209322682339e-04
1.139889791657493949e-03
2.612864310466103679e-03
3.769838289106094281e-03
4.937544776863738577e-03
7.044597052185328639e-03
8.351581284800992100e-03
8.385568464504328592e-03
5.805746587580807444e-03
3.709883615359680937e-03
2.547816484946299320e-03
2.417627344351800430e-03
2.235036535283741518e-03
1.843444253848292285e-03
1.810326140538168248e-03
1.720136198557915483e-03
1.360008139996183056e-03
1.974532970055102414e-03
2.358755223523642010e-03
2.351867768677540996e-03
2.467004580348804675e-03
2.019724456893368277e-03
1.834408658904404174e-03
1.678639390561399627e-03
1.679866552978475421e-03
2.587215537944890804e-03
4.087055336666823788e-03
4.305429408403048733e-03
3.081853286272252714e-03
2.482020493251922526e-03
1.597511873108303782e-03
1.127651974865211040e-03
1.192323231506118219e-03
1.432458187665312278e-03
1.296279449576814803e-03
1.171832599996434736e-03
1.053115155360292640e-03
6.691187534776046495e-04
3.429278998289767163e-04
1.746424358406768892e-04
1.685465761036369318e-04
2.428261896781614380e-04
3.632196636265295629e-04
4.779724990883120841e-04
5.523884655915209689e-04
5.580915178814730912e-04
3.234900472970630297e-04
1.386865838492880689e-04
1.052452181946292070e-04
2.011490140423141269e-04
2.734605900253391344e-04
3.111833494789747090e-04
3.095438538650740925e-04
2.229884831416728281e-04
1.323536286884766425e-04
9.774307528556466372e-05
9.432566496008001628e-05
8.186506604074337938e-05
7.589713968383030712e-05
6.783203829310932174e-05
5.341800552278744366e-05
3.601365291580304316e-05
3.074887220032565327e-05
3.087310647890250520e-05
2.877505142706942545e-05
2.985289070717584694e-05
2.664767303094132936e-05
2.496112557358848470e-05
2.664350343328366965e-05
2.691644641072160168e-05
2.762530295826817015e-05
3.097968508449855992e-05
3.581076418534077092e-05
3.216725048218674202e-05
3.332426903835101990e-05
3.573271538191423219e-05
3.716708451239844092e-05
4.353380092790783585e-05
5.121351390889425950e-05
5.756765285966842550e-05
6.154493412319279769e-05
7.967634130803448878e-05
1.224874276657779621e-04
2.101788501124424559e-04
2.945885526170674280e-04
3.146808191137850084e-04
3.514832227897501178e-04
3.830830137885564424e-04
4.042767330724485728e-04
4.277109881313941823e-04
4.815582462440311197e-04
5.904966447803715974e-04
5.500884125016949205e-04
3.990768805534786559e-04
3.351694243391629448e-04
2.528359837562330244e-04
2.018753644105200304e-04
1.585202708123678041e-04
1.181409842738663811e-04
7.165101181275061585e-05
4.793136355190628407e-05
4.416627387889877102e-05
4.954281048465394643e-05
4.181769683114522498e-05
3.455373246578869140e-05
3.114324678050262523e-05
2.998477835331172779e-05
3.245588334271754227e-05
3.605090550183842987e-05
4.094124706930534928e-05
4.430849883967782703e-05
5.000193425451601899e-05
5.228795979877853665e-05
4.800347030019617436e-05
4.040571141275227238e-05
4.003340046582777709e-05
3.986748084928235777e-05
3.701226887240616865e-05
3.658770579082385008e-05
3.820931529278967888e-05
4.350190311205772830e-05
4.765034684750411371e-05
4.937095373902180987e-05
6.094057720807339381e-05
9.553594199997961982e-05
1.477167919944419186e-04
1.899535829954327479e-04
2.531097569388419065e-04
3.391403382438359167e-04
4.528931911027460431e-04
5.290237577270631621e-04
5.043757592744426300e-04
4.676573059557344466e-04
4.121686781978964710e-04
3.333028219394552471e-04
2.594312459754334523e-04
2.314882711691924238e-04
2.229904468957802604e-04
2.496499770349250324e-04
2.605230936327097391e-04
2.653961228347184080e-04
2.913459589117210063e-04
2.608632821063214431e-04
1.519216028817978539e-04
8.728893364467201312e-05
6.430858339660022944e-05
8.679620294783198860e-05
9.881190223914689181e-05
1.077520360818747192e-04
1.063540826317945599e-04
1.165911333997005425e-04
1.388506981162885602e-04
1.615775952839201813e-04
1.362165029116339527e-04
1.545959321024600148e-04
1.372959807699628899e-04
1.134267244457294604e-04
1.283523048699970932e-04
8.857510683769835428e-05
5.658394776116942138e-05
4.741917171341176741e-05
5.980269642460345908e-05
8.667071119633608454e-05
1.208504646571154068e-04
1.561250842768243839e-04
1.693742592554481048e-04
1.668151943841394893e-04
1.386690903440560311e-04
1.093690175558024769e-04
8.148375336402161680e-05
5.625610475040598591e-05
6.046238004097693759e-05
7.316321119393193499e-05
9.595403816899168606e-05
1.092431350334457669e-04
1.004681217126770880e-04
8.036414975070057382e-05
5.395992362551973803e-05
3.925751916179349131e-05
2.632117874774932660e-05
2.619695210616597672e-05
3.859017318225352604e-05
4.280098956400578067e-05
3.749406264952690046e-05
3.126147677719221419e-05
2.445497415378960010e-05
2.096414410709303023e-05
2.658857673188834807e-05
3.680908777991327463e-05
4.764646830226485012e-05
5.775145747476833659e-05
5.302393729285077937e-05
4.010035768742427472e-05
2.418125925218940592e-05
1.838491656246531806e-05
2.098692624533614247e-05
2.906452027815925428e-05
4.676196356266545647e-05
7.240339308800998214e-05
9.781217965633146939e-05
1.144656150832948263e-04
1.188561978849998513e-04
1.106071655132758483e-04
9.269657115710581790e-05
7.761663276207194349e-05
7.283238566676185561e-05
7.276229907628862907e-05
8.233926695715597843e-05
9.253392031628039475e-05
9.701532971035953809e-05
1.131142774345060613e-04
1.376208144442301294e-04
1.639280817982764651e-04
1.990313024339691026e-04
2.345453810169053212e-04
2.820188808061098343e-04
3.461625711195496667e-04
4.152006191904762450e-04
5.230139792796753779e-04
6.742215532476320819e-04
8.792588512753990795e-04
1.141911733537420053e-03
1.467194673828483469e-03
1.932033374325839740e-03
2.638210861269610959e-03
3.507495845995843489e-03
4.873037211528374012e-03
6.608864235369326344e-03
8.946159727465001835e-03
1.142791108873072829e-02
1.548685681455269809e-02
1.792066765125109942e-02
1.986555812391823522e-02
1.813805275387130392e-02
1.387176501868566530e-02
9.689148514184403246e-03
6.032837742794474462e-03
3.524466382397129557e-03
1.975331051593834982e-03
1.094303790348221577e-03
6.109163517430321383e-04
3.489348253760807587e-04
2.360812028122542870e-04
1.893981950581854698e-04
1.640698294600799977e-04
1.609821011977439760e-04
1.610939756562632563e-04
1.613978694870877705e-04
1.628535252483800759e-04
1.639699707372675079e-04
1.647313291201302568e-04
1.652188646881425831e-04
