1.031009649285448360e+00
1.275539407326409025e+00
1.152805831800793435e+00
1.211522032561400675e+00
1.100969200646488622e+00
9.195351400493834149e-01
8.384321482008433302e-01
7.017998630424168161e-01
5.197241023106766722e-01
3.968922264651670861e-01
2.751549282507650407e-01
1.997127594165816200e-01
1.432373516412380754e-01
9.791765425712568860e-02
6.657577128076060113e-02
4.711002284700015197e-02
3.476199695885583141e-02
2.663684792382934804e-02
2.136337838691574828e-02
1.783858077471263057e-02
1.597875343601297057e-02
1.252088882408715180e-02
1.042430753985948075e-02
9.294561972417555995e-03
8.436324492312468823e-03
7.496354629415565886e-03
6.794592270879814579e-03
6.282657942602877348e-03
5.194414787516709459e-03
4.759988637321944070e-03
4.601498668662544478e-03
4.189167602050182862e-03
4.029871796328405101e-03
3.689210124573336948e-03
3.638514412246203998e-03
3.209174481255205793e-03
3.067945487134773365e-03
2.872429112630313190e-03
2.674115260400491013e-03
2.398977921572764769e-03
2.385641941367645270e-03
2.375859188184457297e-03
2.256411003569988756e-03
2.058995613364603561e-03
1.928744625537206483e-03
2.187128317891917206e-03
2.288248688623791341e-03
2.142533485383151925e-03
2.002374103219108949e-03
2.023995174247836433e-03
2.191082567586551989e-03
2.622255151261590912e-03
3.334029553051642315e-03
4.579148235326070161e-03
6.527578267830170394e-03
7.620521114979380943e-03
6.889766474966694740e-03
5.476193318279230088e-03
8.089270661317623026e-03
1.243363425453396405e-02
1.614150630039667272e-02
1.877079364606487610e-02
1.677658651253688404e-02
1.165844724807288575e-02
7.915864112412187084e-03
9.616185192744429108e-03
1.576860612966589012e-02
2.266610789144389917e-02
2.481232655353950850e-02
1.770499184085001440e-02
9.589889616521470039e-03
5.826923583564970130e-03
6.168215884220228616e-03
4.840918314058024856e-03
3.905367329408890656e-03
7.397031599276668312e-03
1.571860372387210228e-02
2.522515472615345297e-02
3.111087715299365453e-02
3.800141773848394328e-02
4.816114671714295109e-02
5.828681060898879829e-02
7.320901352201261703e-02
9.292007947063356255e-02
1.033589435467056755e-01
1.135575598512968409e-01
1.315016795086085821e-01
1.471610470165350126e-01
1.577154000043303750e-01
1.639946861684592472e-01
1.738214392921049734e-01
1.963182919242719426e-01
2.352521756452550239e-01
2.597657461098955567e-01
2.691474092076676650e-01
3.045790440527150200e-01
3.584026307166695569e-01
3.992272535686942070e-01
3.914077309964398843e-01
3.618371582929576502e-01
3.907103379101979912e-01
4.521336200434695196e-01
5.109093958620997133e-01
5.664139357630658678e-01
5.651335577678382460e-01
5.256469436777818638e-01
5.033201815812150537e-01
5.437217471264315094e-01
5.892786757886225857e-01
4.532454496772200803e-01
3.598211577933155825e-01
2.835484995977070599e-01
1.742936244644125998e-01
1.060358798402743497e-01
1.815739318547017200e-01
3.577716994922703342e-01
4.876269792164191208e-01
5.286181146878865533e-01
5.078228155143423850e-01
4.240137371694628343e-01
3.024907167959688392e-01
1.853379124819930779e-01
8.740732894979422185e-02
4.021066588325249158e-02
2.863830818054503152e-02
3.316333846753789089e-02
4.530629160961598817e-02
5.123392676619876324e-02
5.879082921733010114e-02
7.860382666163558130e-02
8.802856385688599683e-02
1.041574035388737884e-01
1.411174076708651970e-01
1.837391533098095275e-01
1.893725247947987411e-01
1.660382123253254238e-01
1.352783612998620932e-01
1.185005205538944145e-01
1.062674415500076547e-01
7.882535244297650401e-02
4.579184744543404045e-02
4.532007699388615474e-02
4.124979690846494740e-02
3.755686108582610705e-02
4.081383029538879909e-02
4.267233559572747997e-02
3.911058529742070938e-02
4.957214209838822078e-02
5.626147275137243636e-02
5.593630941906894971e-02
4.823847667993021865e-02
3.661539800150759999e-02
2.770627531245289585e-02
2.149071730686722553e-02
1.644560195215569870e-02
1.454658741438817106e-02
1.900794956754475046e-02
2.140309295705476039e-02
2.404593158688797527e-02
4.232124442593732799e-02
6.752385260529435163e-02
7.402737529108749381e-02
6.184312983145569959e-02
5.181661035655817094e-02
4.458080574254021794e-02
3.263333589860687584e-02
2.418239257876964379e-02
2.192552991406640853e-02
2.136403726172620213e-02
2.027522657785729363e-02
2.212275336358835234e-02
1.606850712056571290e-02
1.200976621104627058e-02
9.429082546648728108e-03
1.129621307875949832e-02
1.301235450720536480e-02
1.380649944052005605e-02
1.814989246043464607e-02
2.096579401072369911e-02
3.011339213874155568e-02
5.320723823961818338e-02
5.739286735559639974e-02
7.283663278582952483e-02
7.506848526110769526e-02
5.001270961600846193e-02
3.549930280542906713e-02
2.464613229491124588e-02
1.805444293264430594e-02
1.693673069251753691e-02
1.425160691424782501e-02
1.132684770239840086e-02
1.019141184875839955e-02
9.609053424558434628e-03
9.376335534589864962e-03
8.378753298531686419e-03
8.432575062759416901e-03
1.667468200597607697e-02
1.906052272221143637e-02
1.420362769235621221e-02
1.334445572423031447e-02
1.366036021613624071e-02
1.475594386633749013e-02
1.504745324916765062e-02
1.307762793455302143e-02
1.167846203451297117e-02
1.266977348967500416e-02
1.181926640337015340e-02
8.713244930556857462e-03
4.574193253393611484e-03
2.464193095390932505e-03
2.097622655563166193e-03
2.976973254942448608e-03
3.503105890074372560e-03
4.578259380387073724e-03
5.178700517092975700e-03
5.593618039103739198e-03
6.687030166167104439e-03
7.237207153830516743e-03
9.929676371637476129e-03
1.500003840077321002e-02
1.950176605689513815e-02
1.940125729596012608e-02
1.471570858855924223e-02
1.305809675163968099e-02
1.068799991840034547e-02
9.722582593069498472e-03
6.614989097712877658e-03
3.209478946396004950e-03
1.980248324252826837e-03
1.471565051538122493e-03
1.400454257452707569e-03
1.060804244940625985e-03
7.507948068262604736e-04
4.370960711184148587e-04
3.099559929768231042e-04
1.759994517292840855e-04
1.531448189471279898e-04
1.708408822011764339e-04
2.244014308562624195e-04
2.586505000443339820e-04
2.330148929579278988e-04
2.177106055622142250e-04
2.022951219065124322e-04
1.404837165116527744e-04
7.730632033362461100e-05
4.603833301104426568e-05
3.692370325973351388e-05
3.336700840080515141e-05
3.323023527752329260e-05
3.393310125281619871e-05
4.100988398269410525e-05
4.693383781404571230e-05
4.830156837754546561e-05
5.872503609205573331e-05
6.482089385401428993e-05
6.052921850086123977e-05
7.068516621848525638e-05
6.304545492720700661e-05
6.926568891135048700e-05
1.106879543397739469e-04
1.781138457989054485e-04
2.202663141865229574e-04
2.246939775867257203e-04
2.550863137646614594e-04
4.831750246493605365e-04
6.879392938062412052e-04
7.439092020402333482e-04
8.062325234479931092e-04
8.739142904641751140e-04
7.794639176418145191e-04
5.747850914963242635e-04
3.454103531167615135e-04
1.995122079441657623e-04
2.222129157752422116e-04
3.296625016589323741e-04
3.754947386488765269e-04
4.187410586381925355e-04
5.249513770923768105e-04
6.665107989580964457e-04
5.779610309901132446e-04
5.565373497453238085e-04
4.931661874515711527e-04
5.332925738082448320e-04
6.596243116515353470e-04
7.854054190403994724e-04
8.481857706743203655e-04
7.464954313301516231e-04
5.139838581987944471e-04
3.796312247008467537e-04
3.430520630530886779e-04
3.742866914729538067e-04
3.500396723312708576e-04
3.404536699677180775e-04
2.405743963567890688e-04
1.778328169228076132e-04
1.611008870083956471e-04
1.519943548583671598e-04
1.600348812665650458e-04
1.872136101643588017e-04
2.203637959140125439e-04
2.692443699227111418e-04
3.021870061483883699e-04
3.138274649203126728e-04
2.820071874825647094e-04
1.847088626085122154e-04
1.360070047426837855e-04
1.169708702115508083e-04
9.104453097456198475e-05
6.091544991929883398e-05
4.983566467536684264e-05
3.529182966053472282e-05
3.177837016309344805e-05
3.057136820154826009e-05
3.143664295021941373e-05
3.017318954369493556e-05
2.765370641192916009e-05
2.423386502949194515e-05
2.252346805585196126e-05
2.139230875508241528e-05
2.028888103585792978e-05
1.845157358232781675e-05
1.945507833195632110e-05
2.130693867796627029e-05
2.149343850792953135e-05
2.381776111197029245e-05
2.920358189935946881e-05
3.407470126406652298e-05
3.707327344447854253e-05
3.916089397079327737e-05
3.611471151671356920e-05
2.810038415397183895e-05
2.369777887725497286e-05
2.880281917779896485e-05
4.291665207754225860e-05
5.092431239723029939e-05
5.083312798509971077e-05
4.802886091740809772e-05
4.296285972357686124e-05
3.908762079863721463e-05
4.682942187377672511e-05
6.164581404579043530e-05
7.293919657757331186e-05
7.983552705724255986e-05
7.958121728062863870e-05
7.119527095798163624e-05
5.078025852162526831e-05
4.371277671150787931e-05
4.717956078275039239e-05
6.060480810127237870e-05
7.221013473731946117e-05
7.764116936381714406e-05
9.302780914498680093e-05
9.141848785476492495e-05
7.250198210836085260e-05
6.981961843617860047e-05
5.806554474026439885e-05
4.490096299443008888e-05
3.783932826760115931e-05
4.081767170126964389e-05
4.387907787381810278e-05
5.258637855025165910e-05
6.417725054716717965e-05
5.413726689082018793e-05
3.957136595080593133e-05
3.977288177900700756e-05
4.557938640749641861e-05
6.105218778387041438e-05
8.915446223007992979e-05
1.226448280607023232e-04
1.229589269910202106e-04
1.043375840077069138e-04
8.173972530427858969e-05
6.127658229509617494e-05
5.237572354413737064e-05
4.701406823122949156e-05
4.042256138795263814e-05
3.562793057373275264e-05
3.064473314999226070e-05
2.858653072622552050e-05
2.943361899877166757e-05
2.412371339896768988e-05
2.045389385105431915e-05
1.840627807606499871e-05
1.689657339009010691e-05
1.615365776843144738e-05
1.548753296158857776e-05
1.469009915054602270e-05
1.489466035177402691e-05
1.487543212530262315e-05
1.442965333220943716e-05
1.443148896356936931e-05
1.416721277362880944e-05
1.366843801746163171e-05
1.431407341442920790e-05
1.518270161906277654e-05
1.570394620934444332e-05
1.529957268646304437e-05
1.624274525562635703e-05
1.538632015545701062e-05
1.468033626453747726e-05
1.468711181451763817e-05
1.466757850396599409e-05
1.451092389586672077e-05
1.641992325455057987e-05
1.705653740099909507e-05
1.628979108627421881e-05
1.650618264790690450e-05
1.877163608933091367e-05
2.095810187435783833e-05
1.958188047254495471e-05
1.968537026606230939e-05
2.047757507003238612e-05
2.034454697256343734e-05
1.650435856054603082e-05
1.724500030481672050e-05
1.783326266091034916e-05
1.714618222096404772e-05
1.957249291182324702e-05
1.984311952288030789e-05
1.587530368629746981e-05
1.404846528610155323e-05
1.423179289863241864e-05
1.513031008192707528e-05
1.721971567836878033e-05
1.725092323933841973e-05
1.483899857782288569e-05
1.286192032831433021e-05
1.242655799315022144e-05
1.199504280202182759e-05
1.189572342896505190e-05
9.681865899165093147e-06
8.845174283562868241e-06
8.846940653489641723e-06
9.106884764325020307e-06
9.056896250343940486e-06
9.764698193567563305e-06
9.822958838148803984e-06
8.933392051084087455e-06
7.936216869029297626e-06
7.555828997374180812e-06
7.927041044463972353e-06
8.159846467095971688e-06
8.443564296558577582e-06
7.873772451565408064e-06
7.403063223153445527e-06
7.211769688263353003e-06
7.621482292190014405e-06
7.979286546585603952e-06
7.688983214974660357e-06
7.758336528076394172e-06
7.610209873933504979e-06
7.196522422177115292e-06
6.982949588558479717e-06
7.141705154422779993e-06
6.672496076537826766e-06
7.092818390100634387e-06
7.417500882675855368e-06
7.500900594395345723e-06
8.313545246378086835e-06
8.397872941358888374e-06
8.881072032790138335e-06
9.732921281351834648e-06
1.084669763298991104e-05
1.182904961488697853e-05
1.253585476466239367e-05
1.471826102510981331e-05
1.715292523373602936e-05
1.983468459574388396e-05
2.182755520540056787e-05
2.341798682403799169e-05
2.767764695186432648e-05
3.548897790891977880e-05
4.316545844857992486e-05
5.243008839625919583e-05
6.470682004265824951e-05
8.060570381197256081e-05
9.783058833873487100e-05
1.186652147566706476e-04
1.491010841056781590e-04
1.919825267640286836e-04
2.445844697304727275e-04
3.169510944678751948e-04
4.077884814229819029e-04
5.386994409746783362e-04
7.311383453337828289e-04
9.823140133329289186e-04
1.369575864591474198e-03
1.853390914335380528e-03
2.512237693593028995e-03
3.214048090787083312e-03
4.360251042013277289e-03
5.063882050217886725e-03
5.635685716292258667e-03
5.137492603541125510e-03
3.946637469215519105e-03
2.735355753360365055e-03
1.704369835541424960e-03
9.981296169286944884e-04
5.643011520198883395e-04
3.034249334909444292e-04
1.604946302915524422e-04
9.107684717545017333e-05
5.765829230081978167e-05
4.270856183961303993e-05
3.623496912688594517e-05
3.466160354588031196e-05
3.453640709636620932e-05
3.490138101316444272e-05
3.519750804138142017e-05
3.549820682113472665e-05
3.572840133937733441e-05
3.586700303460724768e-05
