9.382878088604298411e-07
1.161445548156161430e-05
2.847185762761136277e-04
2.836325673505773071e-03
1.479924229699356927e-02
3.785827547054821524e-02
4.785929142480006837e-02
4.001299025808138787e-02
2.840465559550270705e-02
2.061160884175844768e-02
1.516452320636397198e-02
1.120634183678919336e-02
8.684773856054850069e-03
6.999595292731868208e-03
5.770011771892230926e-03
4.693389643766942600e-03
4.057865681558345261e-03
3.327289681986786256e-03
2.945003598039753860e-03
2.757639161921854928e-03
2.471734273498965833e-03
2.371810168929287897e-03
2.319758738166549476e-03
2.210357249874758505e-03
2.114359634185000204e-03
2.084082062667256489e-03
2.001251978380178421e-03
2.051783759279857469e-03
1.945589898248586795e-03
1.939873524438710285e-03
1.943319110999972878e-03
1.815826606639353753e-03
1.856802339994724493e-03
1.879543359051095942e-03
1.890895468242156279e-03
1.860650298482741062e-03
1.832453178814018226e-03
1.896954793288121348e-03
1.900653295967820108e-03
1.850023985058388276e-03
1.783418572858039590e-03
1.887468245509413582e-03
2.011045969688259310e-03
1.995861121455174293e-03
1.978507090125370283e-03
1.849571388672370054e-03
1.798514456276180005e-03
1.720319574711039710e-03
1.680653471688620072e-03
1.772333414820100646e-03
1.772410831790356082e-03
1.776891272562951219e-03
1.788888084911958087e-03
1.842937914124916175e-03
1.821539429035178318e-03
1.802989086209008099e-03
1.787360577369311422e-03
1.776676837413734313e-03
1.765039285279893606e-03
1.819467807862928639e-03
1.829693233122488185e-03
1.804399233684675277e-03
1.921560564389937237e-03
1.921661761753849741e-03
1.883104152435706013e-03
1.878703351853302801e-03
1.862680945292945070e-03
1.893353337992331568e-03
1.919399012847498691e-03
2.043213894521623761e-03
2.301952237858950756e-03
2.456944587583374719e-03
2.378695543244716253e-03
2.240594257192097746e-03
2.183720068371131778e-03
2.209495490071572421e-03
2.154395774640904294e-03
2.046663671128392224e-03
2.065417787354851403e-03
2.157807667718495814e-03
2.298197304129343758e-03
2.597232776229610636e-03
2.739648357432854058e-03
3.131594781104937806e-03
3.677932706323264276e-03
4.262978191403398072e-03
4.245420593730013688e-03
3.787080414021680181e-03
3.185530905426565973e-03
2.866950222690736998e-03
2.849525760495773014e-03
2.820457140306859185e-03
2.795389150433116605e-03
2.957983521248510033e-03
3.385622422782617966e-03
3.676059296618221488e-03
3.873591788714108794e-03
4.348421563330678863e-03
5.218170673098866848e-03
5.659262538189553660e-03
5.272429066438388996e-03
4.777252829395449082e-03
4.526662141499841231e-03
4.302465596262631392e-03
4.060708089662542694e-03
4.261535630395258886e-03
4.779663774389669544e-03
5.658679719859457426e-03
7.020546712771713084e-03
8.270419896631606843e-03
9.888803182884145157e-03
1.134072549710240553e-02
1.193690906030007298e-02
1.026102148738416812e-02
8.900607601229449523e-03
7.794589185531565143e-03
7.768733457037056526e-03
7.731634443870335702e-03
7.704774207076416949e-03
8.043116945741743060e-03
8.564080406784949431e-03
9.112752552881225182e-03
9.786090706404168560e-03
1.025272542133338037e-02
1.066641686486233080e-02
1.171950936520819476e-02
1.322196430641932145e-02
1.565207354419692262e-02
1.899811723820761175e-02
2.143289746016318123e-02
2.163405744711117615e-02
2.104558636819123252e-02
2.341907858268024376e-02
3.538407364097120172e-02
6.888026220167943470e-02
1.308823522382202842e-01
2.356907306602728513e-01
3.550976147213654732e-01
4.628970954084316025e-01
6.700380879291941705e-01
9.159473402372028117e-01
1.540523359979685702e+00
2.746403539668272664e+00
4.548323137610732481e+00
6.937412437896024464e+00
1.048898786658768678e+01
1.386379647942247928e+01
1.698652673466052221e+01
2.127895648794685002e+01
2.561828365218584835e+01
3.106886069831698549e+01
3.377080289921178746e+01
4.071728807911926395e+01
4.511502912965582368e+01
5.960637609370871104e+01
5.984576126098718873e+01
7.008620235608491100e+01
7.301156207409232479e+01
7.317031898941273482e+01
6.984094398409980897e+01
6.902924914790767730e+01
6.393114079080400103e+01
5.895777473286904780e+01
5.829293780006875636e+01
5.415272322507674829e+01
4.561411596038152538e+01
3.641583745337709388e+01
2.940462837266411356e+01
2.357445562984417364e+01
1.804982806700493470e+01
1.465743967421866323e+01
7.442403397903674112e+00
4.171171204228752316e+00
2.983979733990916650e+00
2.288779043139035796e+00
1.519565495834276359e+00
8.348666336076541183e-01
5.651704853194580158e-01
4.725261219192017914e-01
4.025036521978034298e-01
2.036556523639305172e-01
1.048979406596052405e-01
5.216573557053856558e-02
3.487706802453774402e-02
3.063646725763520193e-02
2.897401591274955529e-02
2.768533714956260272e-02
2.649486905144345095e-02
2.320253551235885309e-02
2.076530383446155079e-02
1.797459876314775815e-02
1.605850487024079384e-02
1.487441172984499231e-02
1.400902145325873260e-02
1.328172045424010246e-02
1.292291681165681771e-02
1.230376663526031727e-02
1.149590241539519102e-02
1.110689028319597829e-02
1.123496186771236888e-02
1.207921051107298423e-02
1.333639427856509602e-02
1.469194784866278622e-02
1.430081001669528638e-02
1.394870096832684543e-02
1.277673907281078741e-02
1.354121034511163689e-02
1.237391479924986916e-02
1.093289667861532116e-02
8.752280178412350300e-03
7.732163250935197331e-03
8.150469194605526602e-03
9.742197980752207928e-03
1.439104430061438102e-02
1.791179577609145618e-02
2.190983697087905621e-02
2.072650668081712361e-02
2.078113999416088264e-02
1.640902601942913555e-02
1.248547139425427478e-02
9.217036749237669802e-03
7.700209965630619262e-03
5.934217955612338703e-03
4.792605582857931319e-03
5.516779824626806376e-03
7.315903652497599691e-03
1.062526540804579860e-02
1.291531428097308400e-02
1.787633756337775326e-02
1.837016776192485629e-02
2.283328003658260247e-02
2.125051297119636903e-02
1.946955392183802661e-02
1.510972075005981817e-02
1.032567880129253539e-02
5.914901045581079896e-03
4.455676258464485485e-03
5.224832289279439379e-03
8.333868529259351107e-03
1.614864066779781934e-02
2.245091680702351183e-02
3.371568503386969395e-02
4.019019510427544045e-02
4.033677727764097692e-02
2.400600062636793278e-02
1.606022887525406645e-02
1.052412705784700787e-02
6.462194686890125606e-03
3.669132902430707714e-03
2.916099782164814375e-03
3.671932680214449584e-03
5.964935057927651593e-03
1.116259227551246250e-02
1.255288587418573396e-02
1.552762017053402853e-02
1.513260509410787984e-02
1.954554083643030363e-02
1.578167669067492840e-02
1.373916970317187562e-02
1.015987597350368442e-02
7.794052262322836294e-03
4.940641916978186048e-03
3.849978787635528407e-03
4.843452556319027130e-03
8.708418882658695154e-03
1.569251160967052861e-02
1.789859540176272704e-02
1.795587610548550830e-02
2.327361311631677074e-02
2.007260712391068999e-02
1.894009658701918328e-02
2.042260529376206321e-02
1.876187142165898838e-02
1.448115309485036549e-02
7.366700630309900959e-03
3.206242527994983011e-03
4.289781372524616512e-03
1.094906779894445729e-02
2.214726975618352967e-02
3.069427676959095644e-02
3.291172129699731358e-02
2.886163714950649647e-02
3.031985004065397213e-02
3.666953248802477111e-02
3.624598577926305826e-02
2.998749811989854033e-02
1.944128887500532962e-02
1.096278592419022181e-02
5.959344769311926762e-03
5.247349692033413324e-03
8.989926582407091818e-03
1.685992454098225388e-02
2.440077846145243673e-02
3.222959151739000078e-02
2.851753402138282323e-02
3.085524507232352207e-02
3.148190548493314672e-02
3.349989570866346300e-02
2.310274496105118452e-02
1.653313680424121565e-02
7.733725115819396062e-03
4.564289985471354713e-03
5.628329203912630328e-03
1.170347786441784145e-02
2.658780153187627338e-02
3.646028512394088733e-02
4.339390995942168233e-02
3.571901329497974287e-02
3.010560590048330307e-02
3.264924961895621786e-02
3.617222417939802009e-02
2.051089090041854218e-02
1.074133494841196003e-02
6.314933962781017242e-03
5.628519337302919333e-03
6.319105593506131602e-03
1.106719110541386566e-02
2.194983306521074151e-02
2.968596311721072994e-02
3.532177270624214244e-02
3.096960492109047253e-02
2.558185746994402071e-02
1.735237202873314219e-02
1.537933354681792104e-02
1.169515883892309135e-02
9.073222081726839416e-03
6.738429057103216893e-03
4.251595116531693523e-03
3.824575376122545632e-03
8.070615908664922553e-03
1.978263829082174685e-02
3.705648595764567121e-02
5.916806186025549280e-02
8.711816864019432394e-02
9.870552758225012435e-02
9.026108668743791641e-02
8.326412407767838642e-02
7.441571632329936625e-02
5.335676996495938157e-02
2.898535389805453541e-02
1.383764338668754500e-02
6.111148504292215032e-03
8.120056971774626542e-03
1.240120719403815970e-02
1.941142786373544968e-02
3.034750187370912136e-02
4.217239980284626794e-02
5.280627617610669094e-02
4.959434848055367662e-02
4.316222418678731382e-02
3.437736639793642635e-02
2.555262446956269376e-02
1.520485779176868751e-02
5.804122654752517062e-03
3.031578901271985912e-03
5.886877952967459714e-03
1.615624977776750765e-02
3.061867604001247689e-02
4.628188894644032214e-02
5.005696439590875957e-02
5.740907258739446489e-02
5.825727437090882227e-02
6.567549870939741463e-02
6.978008494907989023e-02
5.772387854398579321e-02
3.752808011482872824e-02
1.857506512821553712e-02
8.815418856365147410e-03
1.099724342477222463e-02
2.037783832392635677e-02
3.246062088545343532e-02
4.246093326113428018e-02
4.423861556433639902e-02
3.638540049521310493e-02
2.957972518318313648e-02
2.444664506347111327e-02
2.273894359907619594e-02
2.034261799796003786e-02
1.218475837341912935e-02
5.307900972211675693e-03
2.934327784457783916e-03
4.501600820801805562e-03
1.181063999126194357e-02
2.423187417814974542e-02
4.409268869571987548e-02
5.393947660336501776e-02
6.269670585990184952e-02
6.439042354544252666e-02
6.094682625243380558e-02
5.125716518889943812e-02
3.613841382194175195e-02
2.119278906045939451e-02
1.100123218733554259e-02
4.818352991679524661e-03
5.684280504218306752e-03
1.158954864399595538e-02
2.494146046644859019e-02
4.459594143962333779e-02
5.940067909101152260e-02
6.354307862597574630e-02
5.584419923944485692e-02
4.564495035871546369e-02
3.345849649672938408e-02
2.768037949675039924e-02
2.008247808786708943e-02
1.122865338361631049e-02
4.025804701686282010e-03
4.171083830158092351e-03
1.071264483527870071e-02
1.567382440186801743e-02
2.222874626904487380e-02
2.182011164883776791e-02
1.811211438856748582e-02
1.247733461627507229e-02
1.046214998414180496e-02
7.100045512724479334e-03
6.573796181529411101e-03
6.088307640556393785e-03
3.374988543106712587e-03
1.863545843855669891e-03
2.649184492005623049e-03
6.594522633992030113e-03
1.158402524657354410e-02
1.590274916552822729e-02
1.672941162885838509e-02
1.539409186113258401e-02
1.046397649529085157e-02
8.214957378371013502e-03
7.066002090145884727e-03
6.090315445751397390e-03
3.646147390941478165e-03
1.938895333062593722e-03
7.444651982999140683e-04
4.936826875207690020e-04
7.369370783592795772e-04
1.003362497737702447e-03
1.183279141052218271e-03
1.300622612682391776e-03
1.742689029478726274e-03
1.888670024030621739e-03
1.736691808875394025e-03
1.196656174815311684e-03
7.181721114391049002e-04
2.588046168709650730e-04
9.582061497912083749e-05
4.602880982905697022e-05
5.986189840300243825e-05
1.106871581003933245e-04
1.506224584886150164e-04
1.983525384256749772e-04
2.012580475894035854e-04
2.086373910073665823e-04
1.893193569354396412e-04
1.508021408000458411e-04
8.957082568521129533e-05
5.904848870718251138e-05
4.778684202942596134e-05
3.152103500205897548e-05
1.716005419342757587e-05
7.809893430198412026e-06
3.361751518990710743e-06
1.801332081302192162e-06
1.296476950005188739e-06
1.051449829871019250e-06
8.761704430069789251e-07
6.929068167245743430e-07
5.291358792879759210e-07
3.846553643362624145e-07
2.776183070482324053e-07
2.112242842918815554e-07
1.714667265128040907e-07
1.424625685024428890e-07
1.178795678368294147e-07
9.474203413717206891e-08
7.554060200137333169e-08
6.051933183400535267e-08
4.862581534385801322e-08
3.816193978481273750e-08
2.810041462525566703e-08
1.953662167224726495e-08
1.368846660460459160e-08
9.633829030856621661e-09
6.473118492613185328e-09
4.354279873412994379e-09
2.924524083926316306e-09
1.972946972805270801e-09
1.330702410386991020e-09
8.900616064457091965e-10
5.887771868660780820e-10
3.823779021247202436e-10
2.447478926144832214e-10
1.530059700319346357e-10
9.411549566130981726e-11
5.629693336909413726e-11
3.291023027742662214e-11
1.869688680908087609e-11
1.024623962060000817e-11
5.493561056353301321e-12
2.809366886504682805e-12
1.444199086320234584e-12
7.078856436765892709e-13
3.827293185927935637e-13
2.221668697655250653e-13
1.585084047822245102e-13
1.319704068150451371e-13
1.205315300841478882e-13
1.165814830102559600e-13
1.137173062373135809e-13
1.122440935157102546e-13
1.110277909601813636e-13
1.102173651034788835e-13
1.097164074757554061e-13
