3.354498112759616803e-09
1.139964647627383057e-09
1.712783970077292643e-09
1.872288959197975887e-09
2.229508701133399242e-09
2.310989295996108225e-09
2.115841076355241484e-09
2.591236511256448268e-09
1.841407288694165616e-09
8.144182360327518092e-10
1.227976914837065625e-09
3.247246010015626414e-09
7.731326599219511841e-09
9.544815516213674246e-09
1.070638878767387720e-08
1.798153555717665059e-08
3.054255616992785387e-08
3.932780105226285195e-08
5.504286579714110384e-08
7.816186392975805084e-08
9.169155667897375115e-08
8.677137980573910006e-08
9.785475225925436404e-08
1.100365303817540935e-07
1.232917823749649618e-07
1.487007624042047175e-07
1.638118435819218762e-07
2.043431413505247866e-07
2.510412845120818174e-07
3.000789253489722166e-07
3.422413930790814809e-07
4.062412098697018865e-07
4.786796329848462507e-07
5.761174870942278522e-07
7.032065738655016713e-07
8.155015814395948343e-07
8.966500514693182964e-07
1.049105913194424554e-06
1.224462254218963064e-06
1.433124236896331242e-06
1.650115853884165284e-06
1.898500071282746009e-06
2.063646972924240166e-06
2.039427199930143392e-06
1.973997346422174749e-06
1.999741214283068983e-06
2.076384350614488858e-06
2.404650773172471658e-06
2.869271978825835516e-06
3.401513006895741916e-06
3.896351919641409187e-06
4.255045175361441660e-06
4.225983114926711868e-06
4.366086810400300800e-06
4.843088587940653436e-06
5.048175865529151878e-06
5.282220115846871403e-06
5.416889450959182040e-06
5.848044856677309396e-06
5.831024073499989284e-06
5.892380321267912060e-06
5.863369146662536617e-06
5.948582083892411479e-06
5.835771277916487092e-06
5.751278373619920227e-06
5.544817823951933538e-06
5.140242864575541089e-06
4.802201367340040460e-06
4.453110880826549420e-06
4.347988676052447989e-06
3.944720306574137010e-06
3.600207328156719906e-06
3.267909399617904588e-06
3.075518263976905861e-06
2.759467815744753548e-06
2.602771318900181534e-06
2.330644032412869513e-06
2.082869849768564448e-06
1.854759728572564665e-06
1.742722401017567998e-06
1.545372432994793829e-06
1.369875669787782299e-06
1.242654356305476079e-06
1.129475735619483594e-06
9.683994808713448400e-07
7.873864926548543983e-07
6.255110550479067636e-07
5.125929370207230574e-07
4.474795300775065552e-07
3.848211007145267599e-07
3.151817341346707054e-07
2.465623137633270124e-07
2.034631739617901810e-07
1.675927059324411049e-07
1.435413335904537420e-07
1.177454284518815728e-07
9.455618391976679813e-08
7.363319072214439384e-08
6.185222823867062765e-08
4.709539412349617192e-08
3.732126986068314478e-08
2.818632014100482150e-08
2.091301470409476881e-08
1.481145772980162976e-08
1.028055469625590911e-08
7.117078181971319210e-09
5.167408497019205427e-09
3.456906088970168784e-09
2.302713194428268547e-09
1.437455994040382356e-09
9.496540865737146545e-10
6.157059403584634179e-10
3.963865692905840425e-10
2.544085315513492906e-10
1.932000722626220172e-10
1.742783530450101709e-10
1.802683061331939206e-10
1.930578051147981122e-10
2.136978572369868770e-10
2.325424342490046824e-10
2.402946600165281348e-10
2.530879621491179185e-10
2.661836457338190723e-10
2.757252727369644677e-10
2.784616880519536948e-10
2.696804776970972365e-10
2.561844793993372557e-10
2.489671854786623217e-10
2.547274014243136183e-10
2.571165039938623048e-10
2.335033037117445290e-10
2.132101374600488807e-10
2.055623694071556712e-10
2.006131915043957442e-10
1.904704682006845644e-10
1.780292643132706104e-10
1.569913631457057813e-10
1.481443861513001781e-10
1.497980841798625091e-10
1.455931739604623904e-10
1.392926343098396785e-10
1.273313506427367894e-10
1.170454746621361701e-10
1.117207354756759700e-10
1.117350848364872208e-10
1.026872551067377270e-10
9.578048176076766815e-11
9.429605979825446177e-11
9.041143657583386345e-11
8.926923528205305031e-11
9.260109150658293156e-11
9.233553183358468345e-11
9.514654998664787141e-11
9.467486056327223961e-11
9.629195243237273477e-11
9.601250936985056647e-11
9.488882361559664638e-11
9.678405240536453843e-11
9.906280923206711490e-11
1.006862526714152377e-10
1.010130212113493392e-10
9.906575875265394703e-11
9.994485696517964974e-11
1.049631117279152923e-10
1.092589890342098093e-10
1.083607066248710223e-10
1.087305283381406585e-10
1.123037814015090694e-10
1.125465324161784541e-10
1.158411937226402807e-10
1.189468129447091305e-10
1.175709474007740198e-10
1.148619922470492039e-10
1.140596672463813547e-10
1.106885449739239209e-10
1.080448499564953057e-10
1.097496437572743929e-10
1.110031261725157024e-10
1.079770939893887988e-10
1.048805046865978270e-10
1.051769688416723903e-10
1.062705853534928755e-10
1.049477051766797786e-10
1.082553029827701177e-10
1.098802401396615582e-10
1.096944231703684958e-10
1.054882621710617850e-10
1.034290556460912625e-10
1.052368980313088469e-10
1.036670102024860286e-10
1.051381951400239806e-10
1.046874933317970681e-10
1.051502211714988766e-10
1.070390342293408114e-10
1.033971480675778590e-10
1.035578171060505667e-10
1.045004461805402725e-10
1.044403916330059766e-10
1.062527212788758868e-10
1.054363493501137381e-10
1.048101387161069938e-10
1.053506505315956764e-10
1.060795147785998437e-10
1.072072580838299643e-10
1.026772053400635496e-10
1.018066868474657259e-10
1.013307417422602300e-10
1.007212285959464601e-10
9.575834175686707400e-11
9.503773785331889426e-11
9.351629170975392530e-11
9.143537650821109852e-11
9.233575838721608704e-11
9.218713739822940923e-11
9.383164014360810955e-11
8.739292377430379840e-11
8.655221466909583751e-11
8.478267770881130385e-11
8.539120975232404539e-11
8.344462088496402785e-11
8.080989575536141919e-11
7.983257910355323488e-11
7.747079125314770782e-11
7.603303777637056198e-11
7.112592784714249569e-11
7.028813876538614455e-11
6.843757587071666707e-11
6.781169378272521016e-11
6.541566720968296180e-11
6.191362751279017639e-11
6.026990619446567686e-11
6.064077098612462288e-11
6.124834495906912861e-11
5.897624830832545198e-11
5.905283535889471430e-11
5.698575067533625416e-11
5.494116370571695807e-11
5.161270199705447359e-11
5.027293135398747453e-11
5.017373095841124730e-11
4.815773566871498221e-11
4.399897326797358472e-11
4.057236324024516976e-11
3.916572476023398311e-11
3.721016914457511920e-11
3.664027135463987468e-11
3.627789556588176900e-11
3.550751222341411675e-11
3.531785694511458020e-11
3.419659151293247355e-11
3.549550272873259548e-11
3.539296646948008239e-11
3.440319728467341551e-11
3.354641986483016846e-11
3.333671407265226307e-11
3.167981065326173437e-11
3.179107226935893868e-11
3.175640428838253661e-11
2.947313105210186497e-11
2.764419204344375590e-11
2.690954629977567296e-11
2.631723264852706239e-11
2.519614066471621607e-11
2.334860366386003052e-11
2.336105397142498272e-11
2.318280735655343648e-11
2.135102958762468568e-11
2.101622455217738059e-11
2.097215962153568839e-11
1.979974659506467653e-11
1.871210088568614066e-11
1.856864899160407061e-11
1.876075324599961104e-11
1.818043269377052205e-11
1.763882595993659350e-11
1.720668272585169382e-11
1.715098066889559295e-11
1.696435221611323333e-11
1.640986785412027488e-11
1.532083840274331649e-11
1.516699698265831293e-11
1.411452479158350660e-11
1.368936592636748296e-11
1.308037467282656093e-11
1.249036930492948776e-11
1.195488956623631133e-11
1.185258061481301946e-11
1.171440884599264891e-11
1.161121010662286178e-11
1.172458957891659355e-11
1.195439821826419539e-11
1.201140562351047421e-11
1.231508529430835993e-11
1.226737663754955153e-11
1.178825310943450233e-11
1.146976553749440296e-11
1.130031212592240731e-11
1.063601456970111881e-11
1.016281036771979906e-11
9.782656759808067509e-12
9.695130744735733459e-12
9.396132821900218894e-12
9.265792177195518984e-12
8.947561458724115515e-12
9.167437723198039402e-12
9.493960817365045943e-12
1.032117704190039180e-11
1.054228499459976980e-11
1.003699323089580441e-11
9.990119137736346416e-12
9.906212922404092492e-12
1.015786277336258475e-11
1.067804521819305702e-11
1.037570630232538596e-11
9.833330332678572881e-12
9.658105277391739053e-12
9.677253361857774741e-12
9.902819925259920063e-12
1.001007036488027137e-11
9.716645028175607115e-12
9.378683917616826194e-12
9.418497716544845136e-12
9.476487892991087980e-12
9.378202732179626938e-12
9.430609501464493845e-12
9.406452875783079743e-12
9.029981730478045659e-12
9.119828606049331284e-12
9.427473893230383599e-12
9.743839405547892156e-12
9.198587064435051119e-12
9.154498610475999533e-12
9.211577300765813212e-12
9.058752027681800230e-12
9.046383687068417485e-12
9.202815637414344867e-12
9.172861505777987250e-12
8.861380490648814696e-12
8.627927601587609405e-12
8.519621637791691165e-12
8.522317382716681581e-12
8.517850684981536032e-12
9.315046931410836568e-12
1.530240033289020454e-11
1.146574143159807238e-11
8.185572404487792076e-12
8.015756374109125363e-12
7.558853421443093281e-12
7.536336522173189207e-12
8.237594807208219662e-12
9.039581232123004160e-12
7.647191139891778305e-12
6.987315489967272142e-12
6.906747161594842476e-12
6.961839543800387829e-12
7.305488572343735029e-12
9.925874434456754190e-12
9.874066445589840239e-12
7.347000786702956698e-12
6.986282790179187909e-12
6.876919645355426444e-12
6.660741265545813586e-12
6.361143986877164880e-12
6.361682845726349595e-12
6.212125924817485280e-12
8.957542543711506892e-12
1.602899782898475602e-11
1.409269646574999777e-11
1.764846607138919747e-11
1.744130099582873313e-11
1.143103804811949799e-11
1.658649347280554186e-11
1.239726743135101587e-11
5.408976951992554197e-12
4.614511357040949122e-12
4.426007830846100187e-12
4.439269529916621463e-12
4.395680644316572953e-12
4.323229916249217025e-12
4.167231616265172190e-12
4.059758613880667100e-12
3.979215604513644265e-12
3.841455835674324835e-12
3.606359919296337595e-12
3.341078895476654412e-12
3.113615357418245354e-12
2.901840217041727044e-12
2.842377538094683936e-12
2.897314630177353892e-12
2.937705225327070446e-12
2.788577724791544546e-12
2.533940622771738566e-12
2.440574828027427251e-12
2.633660166514219060e-12
2.697771656208937098e-12
2.606530351913349538e-12
2.446246702809306617e-12
2.349582325392488214e-12
2.259266284500847271e-12
2.179269768452050523e-12
2.175613807664000464e-12
2.127430614816634723e-12
1.970378170357312787e-12
1.826515146602308584e-12
1.750689441400148675e-12
1.679705748672659954e-12
1.599786573350956716e-12
1.528433671493734341e-12
1.496609042283282026e-12
1.459714764744911808e-12
1.437208722830720624e-12
1.466023514548353708e-12
1.505453410909800569e-12
1.455621717741910175e-12
1.346826739593188580e-12
1.195990181222074313e-12
1.153674674383611648e-12
1.273287206016670366e-12
1.277567332481757409e-12
1.137715947958197360e-12
1.042229445616639656e-12
1.020434196285937568e-12
1.000700792320734714e-12
1.042497253777672343e-12
1.053961323928311020e-12
1.026926115156719067e-12
1.038360583798613909e-12
1.007413864070339843e-12
9.705014691769354541e-13
9.557850908526889387e-13
9.781011947952789434e-13
1.025300657215266318e-12
1.049527569454149696e-12
1.061268220729302612e-12
1.132262825102773636e-12
1.982924118368397462e-12
1.908207287582699132e-12
1.111932199804489265e-12
1.079233560092245130e-12
1.097460576769643242e-12
1.244437360552730595e-12
1.369346469877533001e-12
1.414026411327917518e-12
1.413752784042831449e-12
1.457949035327713561e-12
1.555751043724358518e-12
1.743801193396335237e-12
2.083389127453785618e-12
2.345677287225133099e-12
2.483697358660936538e-12
2.487161677233439589e-12
2.647363632079719524e-12
3.096770090024089931e-12
3.651623311769066818e-12
4.711133796164135008e-12
9.400163281786685000e-12
3.225163400264443650e-11
2.091710042256424871e-10
3.292150584511632329e-10
1.647207528122490416e-10
3.332848170955188301e-10
5.438276034216705847e-10
2.843741974883043438e-10
2.861189235704455367e-10
7.444909234301526098e-10
4.697982245277955967e-10
8.250616563358566979e-11
3.153681983262183322e-11
2.699757159288547868e-11
2.960444616314687517e-11
3.389538612890164819e-11
4.008792485448834326e-11
4.607261089438772861e-11
5.292821063550242977e-11
6.103742421768912436e-11
7.809742171402151435e-11
9.635269587230537679e-11
1.166061737481875324e-10
1.446449837165881592e-10
1.812845883066956996e-10
2.292383065083332918e-10
2.981809335938143376e-10
3.904081679069463959e-10
5.254884742697739941e-10
6.875632450316894259e-10
8.494684903572721883e-10
1.130872048141155257e-09
1.524770045842615381e-09
2.062856674258521320e-09
2.479879241689721798e-09
3.146926142314891185e-09
3.365169157730867652e-09
3.568303313674721988e-09
3.205274219199756335e-09
2.531585735551663364e-09
1.762291526960423420e-09
1.054805756025181400e-09
6.194917292972248198e-10
4.739968727407552525e-10
2.813905863476612320e-10
1.426909637155865491e-10
6.466017612841973614e-11
3.715367114382281250e-11
3.010635470674499140e-11
2.240699537970852359e-11
2.122686443609116321e-11
2.122683471075103992e-11
2.142249752461842602e-11
2.165558811120653503e-11
2.187671294081118710e-11
2.203149312547561800e-11
2.212708077534330369e-11
