9.434585815646806539e-01
1.272947335233072907e+00
1.253740526977366265e+00
1.230167503800951634e+00
1.120590180196072483e+00
1.064449341528452830e+00
9.564840006100782110e-01
8.255560138328460473e-01
6.790229507350334925e-01
5.409478772507611000e-01
4.146548559477546414e-01
3.289747002982328361e-01
2.686161803085689859e-01
2.084022174095636615e-01
1.639430151279956671e-01
1.342234230251114213e-01
1.174638022545990146e-01
9.685496737868108663e-02
8.490642246520248293e-02
7.557243284347305023e-02
6.798635400371867699e-02
5.675888838004316400e-02
5.074992865419726551e-02
4.717262754302733313e-02
4.210507753328751601e-02
3.919315162396030949e-02
3.787559913515477911e-02
3.445192777184005045e-02
3.093737309714933090e-02
2.933653780780871509e-02
2.772424991033127506e-02
2.542318515572599899e-02
2.399146105616480409e-02
2.233868810645822656e-02
2.215264531295032396e-02
2.099643040871290028e-02
1.889291413038637207e-02
1.749299160676579673e-02
1.701418847025681566e-02
1.595624363931816975e-02
1.518552420220958994e-02
1.457138901006332400e-02
1.466849228790902994e-02
1.395465618133630466e-02
1.261406617975082377e-02
1.207082148569098290e-02
1.158346217364812983e-02
1.169407184062898342e-02
1.153311127958753755e-02
1.122230209716264249e-02
1.145325040397043685e-02
1.204499157085740790e-02
1.125213726117813180e-02
1.042407179643155442e-02
1.009495937935006755e-02
9.781951371383330873e-03
9.143595716341112317e-03
8.592333249150690272e-03
8.672560468176283496e-03
8.543209896069664175e-03
8.557623004537176503e-03
8.238397780589866784e-03
7.602872983111776117e-03
7.204919569759699223e-03
6.985504565926490585e-03
6.861297101012059536e-03
6.754031736666269402e-03
6.574821734186251515e-03
6.006545550948853666e-03
6.058473637915832120e-03
6.309273809518602116e-03
6.683851964894361661e-03
7.526622747333378514e-03
9.589045045842020318e-03
1.031304174987479443e-02
8.753120206516747798e-03
7.008025338842830722e-03
6.067400263256662700e-03
6.752774595597818043e-03
9.219760388856140451e-03
1.123313013484474564e-02
1.153759984212233969e-02
1.167136682155191056e-02
1.161181942084485094e-02
1.006970546419099118e-02
8.256268328575211077e-03
8.470197890284894907e-03
8.989090261850490871e-03
8.061493423181661025e-03
7.553076415790014979e-03
6.526394198807991369e-03
5.748379965062049013e-03
4.993493654729050379e-03
4.694229243376764338e-03
7.607923177620374948e-03
1.376563537086624572e-02
1.969984684988965173e-02
2.393845730959900941e-02
2.262089382484994138e-02
1.630816179416281694e-02
1.961203573173080431e-02
3.573956213682564359e-02
5.490774369967883761e-02
7.386645814293019141e-02
8.681996587688688150e-02
9.004399332448377591e-02
8.730209708525696333e-02
7.132516600976962495e-02
5.718295906788836702e-02
4.717195684814646378e-02
4.124474149360374264e-02
3.815171562537249261e-02
2.754734065669077817e-02
1.671164911815799237e-02
1.858509329929159543e-02
3.176441174246907861e-02
6.453398363243031954e-02
1.126344833208610258e-01
1.698542279730961280e-01
2.147523120038192235e-01
2.478419992262970994e-01
2.972429935246087007e-01
3.194748672303533432e-01
3.008993303914156425e-01
2.582853397755724423e-01
2.227667382992707945e-01
2.160266759046412521e-01
2.784352562218165295e-01
3.563950490290921924e-01
3.977568002773678724e-01
4.008027210790903183e-01
3.979684179973597691e-01
4.018534308951365874e-01
4.022367163338027574e-01
3.938179233003854529e-01
3.688406556895820754e-01
3.320959986660586005e-01
3.071636867664181980e-01
2.870552751296548966e-01
2.455119753284106254e-01
2.257173514209076248e-01
2.210727159676464937e-01
2.100573409156492044e-01
1.946315956385171742e-01
1.873637812885286802e-01
1.690606557809280208e-01
1.539825499549080934e-01
1.464521495786120231e-01
1.327264602657578230e-01
1.224135319619932133e-01
1.089802151054202334e-01
9.404078147980203528e-02
8.281517765205978487e-02
6.053292318638277270e-02
4.313356525781129186e-02
4.725207585239638020e-02
3.766020847461093446e-02
2.860227238953011453e-02
2.627553170190597906e-02
2.991417985546833413e-02
2.899452442753041106e-02
2.172225543352923963e-02
1.283761720923822132e-02
9.931937735311677923e-03
1.315174476742588493e-02
1.683946457227923632e-02
1.553423317622355804e-02
1.680243747868315207e-02
2.171717822984236407e-02
1.869917708065346393e-02
1.886941086634268822e-02
1.958181880924406496e-02
1.946807622086036207e-02
1.948651150073981916e-02
1.929465523236395183e-02
1.800332839718198422e-02
2.087631633410528750e-02
2.310398132428607282e-02
2.755297261545290935e-02
4.225940420148087406e-02
6.494390949431970428e-02
7.873104593765448134e-02
8.756797221696142886e-02
9.130185120180923930e-02
6.931146371013462149e-02
4.277862816506421834e-02
2.991238822732379676e-02
2.554205122226853308e-02
2.848378198641005402e-02
3.544946681041661468e-02
5.011066783092271715e-02
5.623018247480062598e-02
6.231660207126349382e-02
7.699488700457238211e-02
8.119185298914291526e-02
7.749409319454297895e-02
6.451324094621135874e-02
6.331751525599715880e-02
8.960937368255272872e-02
1.276046032812736541e-01
1.721135616716509831e-01
2.042863844835651754e-01
2.122357851553539621e-01
1.757453152117337547e-01
1.271907525260097815e-01
9.321003520866917580e-02
8.136353158176973244e-02
7.770364113459524158e-02
4.420418296134446395e-02
4.685595035246058193e-02
7.231954531065151737e-02
9.984382882586073649e-02
1.212793378077986067e-01
1.402798793279414480e-01
1.533059032562796020e-01
1.409524751813574228e-01
1.199631300466453693e-01
7.306452564333802691e-02
5.272126699501569758e-02
5.443393324301855352e-02
5.459242388375103172e-02
3.877194027478306909e-02
7.048766288413216285e-02
1.402123048512741998e-01
1.594895875625477466e-01
1.261877729140405135e-01
7.554935841297638621e-02
5.023584576107361505e-02
5.297948160795888650e-02
5.600442381873053238e-02
5.846609125912755056e-02
4.919637040456827787e-02
3.486716188936966193e-02
3.073737264982875916e-02
6.725929229645871699e-02
1.122028027123838784e-01
1.438471583102579610e-01
1.345701491525039817e-01
8.883560389096521737e-02
6.026456638315081521e-02
3.829714185638628809e-02
3.449144165812368518e-02
3.635679064013785933e-02
4.175556857119623599e-02
7.548257638498601096e-02
1.280445011772533837e-01
1.350893080768805765e-01
9.901853448556117987e-02
6.057942205178112188e-02
3.503576766386747032e-02
2.109000495211211731e-02
3.850361012647457448e-02
1.264955675588978756e-01
2.645135946852871234e-01
4.050325648405864731e-01
3.801362233659160705e-01
3.009603233466011107e-01
2.073060665385842438e-01
1.096123475524122814e-01
6.670021084427107949e-02
7.111893966813306878e-02
1.768675379600752884e-01
3.912618068648975322e-01
5.326671216953160481e-01
6.496756183605144619e-01
8.733715384599198828e-01
9.816130840963216420e-01
9.516105582190079737e-01
6.537999731193772091e-01
4.077191527165495155e-01
2.712455431845094411e-01
2.570438795783715480e-01
2.315655093076095794e-01
1.839732455323142002e-01
1.849041029115274792e-01
1.681890151690629276e-01
1.318162799603569968e-01
1.943996885695744581e-01
2.443448356797365828e-01
2.785657788924777445e-01
3.390570204052058001e-01
2.945280958823986994e-01
2.732261453263153395e-01
2.377008389880053973e-01
2.498843527203944426e-01
3.994047439320650428e-01
6.458678291927820725e-01
7.065755969688158888e-01
5.322328410582800595e-01
4.438675831385126558e-01
3.106842144208065148e-01
2.619194304602205370e-01
3.080897676360048743e-01
3.776962754280531742e-01
3.536228084320466314e-01
3.375389964410001054e-01
3.084540538817044930e-01
2.170851047276831092e-01
1.271116660282144983e-01
7.305150054558118278e-02
7.673310172428203513e-02
1.122332438444805236e-01
1.680354693455694826e-01
2.439931688596422288e-01
3.222963967885886793e-01
3.353617405991808353e-01
1.987090837607604354e-01
8.294661137284377317e-02
5.573264794065006106e-02
1.157494845166910230e-01
2.028936668171441027e-01
3.008577198226836669e-01
3.774180058171430763e-01
2.960667191746937932e-01
1.793807606752844119e-01
1.690420562412789374e-01
1.973147658927408843e-01
1.795750790761553028e-01
2.172369594952033578e-01
2.375753857859459750e-01
1.664161849335999976e-01
8.934453719358687040e-02
9.428223530675113040e-02
1.005896383551011380e-01
1.277002518903995743e-01
2.035901485005462974e-01
1.593412158433271109e-01
1.633641266397604930e-01
3.158791101851116112e-01
4.793023864833083625e-01
6.461240625368263046e-01
7.364609050696400150e-01
6.969944420966415199e-01
4.027229213422269805e-01
2.675720892057052991e-01
2.922625154563522898e-01
3.315502793336020382e-01
3.914908797357736225e-01
4.402279139338517999e-01
5.157319973557230597e-01
5.903740500774588007e-01
7.922800230783630937e-01
1.240121419528586566e+00
2.090887115387214834e+00
2.838628089888044048e+00
2.934397413644549868e+00
3.148280743337047660e+00
3.408958375951641084e+00
3.684604039401885078e+00
4.019326632560868973e+00
4.400184523350803012e+00
4.199889385783108331e+00
4.004658365107481188e+00
3.957964769714175546e+00
3.539786013278462651e+00
2.881771571958179123e+00
2.435554376567095503e+00
1.944248452823568174e+00
1.462895555266991998e+00
8.741110648167689234e-01
5.317944544508147464e-01
4.732243684691722629e-01
5.223034741737658804e-01
4.698577652021517226e-01
4.121400620011469451e-01
3.495738840178059248e-01
3.983867446073072749e-01
5.267214693314227203e-01
7.884923606270767271e-01
1.186814956681743638e+00
1.893830542119588900e+00
2.947766900159111358e+00
3.575830607373581493e+00
3.530896409814506143e+00
3.407463471848472203e+00
3.371933850786918541e+00
2.911045360932081216e+00
2.221788573679739809e+00
1.728000350783699401e+00
1.510622216803788609e+00
1.358213691321846106e+00
1.218810027217144487e+00
1.093129421763886500e+00
1.225513343220820062e+00
1.797558170022636403e+00
2.416686248443431495e+00
2.668517394839795553e+00
2.960392037301684542e+00
3.348903684964774197e+00
3.914290647630994879e+00
4.080292022576172961e+00
3.482306414445942355e+00
2.985228425773024608e+00
2.416956972901528111e+00
1.821507379371073876e+00
1.287128679002062626e+00
1.085080876391494309e+00
1.004584559150278666e+00
1.058315679737423798e+00
1.010658510898752249e+00
9.183924986507605581e-01
9.349190148720948335e-01
8.052958807217743820e-01
4.256418788635778494e-01
2.249232519686664433e-01
1.446819303722520489e-01
1.994923064899505050e-01
2.512014709900041165e-01
2.877936874243958720e-01
2.680311843505561731e-01
2.778524582028241152e-01
3.343241946524960206e-01
4.123987312583890508e-01
4.048991022172225840e-01
5.011619957526979308e-01
4.362435937273151931e-01
3.376909860125174023e-01
3.284833656861859130e-01
2.224633414843172896e-01
1.263345657169947789e-01
1.015178242843343404e-01
1.377530025212545806e-01
1.620735745965601882e-01
2.013854546976883708e-01
2.793468896576374316e-01
3.204030382072964311e-01
3.031317741896566997e-01
2.389733775920638570e-01
1.960444637626080622e-01
1.430365231738638943e-01
7.837276756408416423e-02
8.384439327427843647e-02
1.136100795836296334e-01
1.874193700288192266e-01
2.224920395792192029e-01
2.103592673379741651e-01
1.683795040298990409e-01
1.023973277217815336e-01
7.064220244548244376e-02
5.210544822247659830e-02
7.032412751853324429e-02
1.224275956707117641e-01
1.547157314566593167e-01
1.372578495635427553e-01
9.916313743151364268e-02
6.714114914482910423e-02
4.958130770292970557e-02
6.284870192560143565e-02
1.075788236075475718e-01
1.588391812947884951e-01
2.151535047698238945e-01
2.183381046934001757e-01
1.693034905409837310e-01
8.372177436067181067e-02
5.748224087045598202e-02
6.589333702403195325e-02
9.917051498177271995e-02
2.160406486466015241e-01
3.963566486525278987e-01
6.146136537787816323e-01
8.051352193541015945e-01
9.108142736276331197e-01
8.821153495421923951e-01
7.209392674349940355e-01
5.492058014182421566e-01
4.378534433207306176e-01
3.660074256535881254e-01
3.999222317716505382e-01
4.535248364635836027e-01
4.743615322465964956e-01
5.594567994735745176e-01
5.967554479895486041e-01
5.771721355653374186e-01
5.578282573111713605e-01
4.587684139893132840e-01
3.716719002125309923e-01
3.647209796652051694e-01
3.591761472655133902e-01
3.800744599682762126e-01
4.283663615999223628e-01
4.859830193759337447e-01
5.801236372405463859e-01
7.136619666621372149e-01
8.932748545698750986e-01
1.151896066844658284e+00
1.443679373449526793e+00
1.929104053466650592e+00
2.500221326207163752e+00
3.383932655070880369e+00
4.313351567305566903e+00
5.854617843696515500e+00
6.733437300317346441e+00
7.319955015637337858e+00
6.581322224153354661e+00
5.094600876916018706e+00
3.680038863921275993e+00
2.498182764960793278e+00
1.704052787842308181e+00
1.234543613318296762e+00
9.670943894895804860e-01
8.274166910605068592e-01
7.628554954363123697e-01
7.443322603909151569e-01
7.420833129470526535e-01
7.500938028796662049e-01
7.592339006555187675e-01
7.689248320755494026e-01
7.779113007100745270e-01
7.858103912879014219e-01
7.921197077006302267e-01
7.966647870480320082e-01
7.994254737986937753e-01
