1.097023108430551286e+00
1.201076945679465435e+00
1.217391657219865531e+00
1.217362178991068022e+00
1.114890370303563749e+00
1.033209823302401631e+00
9.039070841474093898e-01
7.211849232212387273e-01
5.727591646770642253e-01
4.277638274325867296e-01
3.469021870918360118e-01
2.529572948591103376e-01
1.768277876639145485e-01
1.266881023642571491e-01
1.000097490598590155e-01
8.030000357133297573e-02
6.624098843737220854e-02
5.282528009916864775e-02
4.382562804069115719e-02
3.920873598377572905e-02
3.408893627864775788e-02
2.802022507286536929e-02
2.567483848687767550e-02
2.321565941482090986e-02
1.983090436175545881e-02
1.818868111113933553e-02
1.734992307349449842e-02
1.665810055438797163e-02
1.440900008307467554e-02
1.326282305240843347e-02
1.262340671129507687e-02
1.175731270456756815e-02
1.126876691435442675e-02
1.023358172708032851e-02
9.947833070608843101e-03
9.226476400947803552e-03
8.459803061840773936e-03
8.057979306050518098e-03
7.721691157185853888e-03
7.144674633358515971e-03
6.794064882263174676e-03
6.655904784557507316e-03
6.251013410090831661e-03
5.891779644249989061e-03
5.446875306435635007e-03
5.390960481620250822e-03
5.096575974780262475e-03
4.993619707698697743e-03
5.031940835652280383e-03
4.781388960264594534e-03
4.318872869782021222e-03
4.187593671775747747e-03
3.933504331806325464e-03
3.759592951498222195e-03
3.678360818693993985e-03
3.445899345676869605e-03
3.250362498743039619e-03
3.119715419234257454e-03
3.011381687616011479e-03
2.940725700483158393e-03
3.024345568328338282e-03
2.908749268860050946e-03
2.732701585108032478e-03
2.758396944563029553e-03
2.814543205284573274e-03
2.857362234926691825e-03
2.821785942507603045e-03
2.735467287680611644e-03
2.577887067912716310e-03
2.625122489189400492e-03
2.536475598067991239e-03
2.422991974562902374e-03
2.735086025873582211e-03
3.551930482623216583e-03
3.915823806484203772e-03
3.700885068101023630e-03
3.236288188009924828e-03
2.835869488750742545e-03
2.924646098745187738e-03
3.296185010390852762e-03
2.833620952737244802e-03
2.158591624294478161e-03
1.865355971833569963e-03
2.075675423494499801e-03
2.227194522740618202e-03
1.964364967448991705e-03
1.813249739943696226e-03
1.750707395267873338e-03
1.573918030061512412e-03
1.569337149551012275e-03
1.752230506301907537e-03
2.075928243020765725e-03
2.467594791823060716e-03
2.314858121047425922e-03
6.248331088555458303e-03
1.355046283656156057e-02
1.881373799056390225e-02
2.012874556657733016e-02
1.763343806956628110e-02
1.867596094433222192e-02
2.305291581682455959e-02
2.845602438318748512e-02
3.341064689538583710e-02
3.763956947877383080e-02
3.509201493526417637e-02
2.766136337707695778e-02
2.195310083464493620e-02
2.005248184921060856e-02
2.225674528275245825e-02
2.229022529977687725e-02
2.053007583308497086e-02
1.570381835102733006e-02
9.990564700717298810e-03
9.878207823572087223e-03
1.707286867739200159e-02
2.960571295420866278e-02
5.841582576607796951e-02
9.381676278821700354e-02
1.210747690992736436e-01
1.252064418332583251e-01
1.079024234128352216e-01
9.432134369798078621e-02
8.413981893803837431e-02
7.887227368123166105e-02
7.448925821282399717e-02
5.696815554840132384e-02
3.892528243013701483e-02
6.431378378224907044e-02
1.237206379747044366e-01
1.713736162114679329e-01
1.658647945520299871e-01
1.633320620817012570e-01
1.790171588264368452e-01
2.018527289428932725e-01
2.133199315518786165e-01
2.030122940558875821e-01
1.739409321776699269e-01
1.618443123723976029e-01
1.687972119668756377e-01
1.807661503754573185e-01
1.938445436089124008e-01
2.550685749585542283e-01
2.689735319110040934e-01
2.647769404419632044e-01
2.791538035033644394e-01
2.762248030006251853e-01
2.754711281043123461e-01
2.643320306127635022e-01
2.489877880850934200e-01
2.459695527426753181e-01
2.498393395047998344e-01
2.459888032648284428e-01
2.647966260705049701e-01
3.007390390938294855e-01
3.217697534116704672e-01
3.078189102083347395e-01
2.890058979908063930e-01
2.550841346278985844e-01
2.394725778895052393e-01
2.246490977100470965e-01
1.691209127125737621e-01
1.216685335281532110e-01
1.025312341601219979e-01
1.057362711378910941e-01
8.326289731445347952e-02
6.044788380094710117e-02
4.517204990119180752e-02
4.345523023716743594e-02
3.962235870483493683e-02
4.461269488076773093e-02
4.764256663131090364e-02
4.472820429383079360e-02
3.597967583822062748e-02
2.546977814431109280e-02
1.624765192921419008e-02
9.044641607035892872e-03
8.574470219553449041e-03
1.860658918947733290e-02
3.603750538022132410e-02
7.040145639650284559e-02
7.782013146280022942e-02
3.908820341172293544e-02
1.955776900195929993e-02
5.134096901227781784e-02
6.469530972310393035e-02
4.377800705336557657e-02
3.250880171988764639e-02
2.937182438495615847e-02
3.402327000671311052e-02
3.575351916139354186e-02
4.365817024190432605e-02
5.658701963844989247e-02
6.520877123535810671e-02
9.627057108398166807e-02
1.667203657076601342e-01
2.308695105241171108e-01
1.854142802416945124e-01
9.567644608523943883e-02
6.988736027263196815e-02
6.829742845945914465e-02
8.171505168327540536e-02
1.180506065884457390e-01
1.266657873294845527e-01
8.412164642172931250e-02
4.422785095529990079e-02
6.385592867219984370e-02
1.068079735209196135e-01
1.373139343739935569e-01
1.246913703393852241e-01
1.303632294345953291e-01
1.585315857564573438e-01
1.409486088397029491e-01
1.220275566187797173e-01
9.738877150984177888e-02
9.064451215222704694e-02
7.935352987819309367e-02
5.017516955457467648e-02
3.491470146737497837e-02
7.213077159275389783e-02
1.638448608199463696e-01
2.184537394435940028e-01
2.254225199846937033e-01
3.062994743845076639e-01
4.552796268761589715e-01
4.967653527085913456e-01
3.557178155352279103e-01
1.559835472885975349e-01
1.042625980215239334e-01
1.768506849191617547e-01
2.372499191192129209e-01
2.395577922418388461e-01
1.732131659508807930e-01
9.858619531664856994e-02
7.902129637095857417e-02
1.317890904298924248e-01
1.822056654787159446e-01
1.744564522893269076e-01
2.076904443732284500e-01
2.607198084414671935e-01
2.300707564198479493e-01
1.566502739250659471e-01
7.655808570588717998e-02
5.393923684472275853e-02
6.278786335207288405e-02
3.536582064192581726e-02
2.574588667377027823e-02
4.222992808896047084e-02
7.509064928705433406e-02
8.268086668841412301e-02
4.865785816940289277e-02
4.099605191849590990e-02
5.053790615657532265e-02
1.095028373712658154e-01
1.977773369459656927e-01
3.075064425039508165e-01
4.064441642430921542e-01
4.223277831361054724e-01
3.542734223401228233e-01
3.007335886612987341e-01
2.346199028635907735e-01
2.131948218119478489e-01
2.444771008716869476e-01
2.052638106667470097e-01
1.632804859649978901e-01
1.280436630659341768e-01
1.584522712797689914e-01
2.271824330048839991e-01
2.923653973026995034e-01
3.444182332097582289e-01
2.859405554238663161e-01
1.863276208552061830e-01
1.284608949991729310e-01
8.208597738995708493e-02
7.441687213278977420e-02
7.694268506698960508e-02
8.045702247097213933e-02
7.825953908568071549e-02
1.127318339932245478e-01
8.356368163880067979e-02
8.562549704788807725e-02
1.198620356518357855e-01
1.688590444051353556e-01
2.055776748186922964e-01
2.652188857392615562e-01
4.351015597733298157e-01
5.685999907331820147e-01
8.550833670822782784e-01
1.032301469208524836e+00
9.220298772277129018e-01
6.724122677988448871e-01
5.252540403514762701e-01
6.756384522646489144e-01
6.450604136671573841e-01
5.013924371020023196e-01
2.956463345824368871e-01
2.510636182311405395e-01
2.830112216374467415e-01
3.090988904787487779e-01
3.303726999060115910e-01
3.773004472538928900e-01
3.939269200754201838e-01
3.084684501555400860e-01
2.812589065025485890e-01
2.108602086756576621e-01
2.069271990150152452e-01
1.974246295174143240e-01
2.361606754906272199e-01
3.176937439752964276e-01
5.025535855029404919e-01
7.104159352359572521e-01
6.949691258228880564e-01
4.076778947963800581e-01
1.427800350521158113e-01
6.953074378174628478e-02
1.405068371366156865e-01
1.997367586108561022e-01
1.999006035779882784e-01
2.020552188095085522e-01
2.360208411031241016e-01
2.662207378650199296e-01
3.424932891213942621e-01
3.446175527692024176e-01
3.448744400703205870e-01
3.677028495026807287e-01
4.607650121384729291e-01
4.989065060319356482e-01
3.999338685441113928e-01
3.627015726462076151e-01
3.212342352736186624e-01
2.588437112879940494e-01
2.408507767115340426e-01
2.666387285954641695e-01
3.343574253164646182e-01
2.400386049941541644e-01
1.999711636388173119e-01
2.342128683288148550e-01
2.632059882349702118e-01
4.142527825888093762e-01
4.559565843072024283e-01
4.492425272577090789e-01
5.424687188417890438e-01
6.358081055894286848e-01
7.246267167931952358e-01
8.122348356653281698e-01
8.183828323599346977e-01
5.478177700525346250e-01
4.110813281716178547e-01
6.809915864888801407e-01
9.395850172497949293e-01
7.874827588330343131e-01
5.211026769395818992e-01
2.824863507400049434e-01
2.608614175516764111e-01
7.543836094298995709e-01
1.925736538863070058e+00
2.954426276349187752e+00
3.002579031933195530e+00
2.812292365743213729e+00
2.488439293647369599e+00
1.755286753374897035e+00
1.330512765783508744e+00
1.061720282767287582e+00
9.114197038935775153e-01
5.786814141636591469e-01
4.761137001860055729e-01
6.005672664684631457e-01
5.342551604973049262e-01
3.757439142472181470e-01
1.999386040525344410e-01
1.531855602958052398e-01
1.391260866129856721e-01
1.666866521603839191e-01
3.293131068775447812e-01
5.513574140726617001e-01
9.346590419810383299e-01
1.421467193952811847e+00
1.755464210275544668e+00
1.703000557893211475e+00
1.511969364084986056e+00
1.387589177243516936e+00
9.891946178732217154e-01
9.058500554651489622e-01
9.672803495170498866e-01
1.044302318260025730e+00
9.750308283887112459e-01
6.795584577385467284e-01
4.908243739473791556e-01
3.405656376232120697e-01
2.586192164648078995e-01
2.274667882240252459e-01
1.714252013124565321e-01
2.721576476943476375e-01
3.967162379352138224e-01
4.572639291974963105e-01
5.720765300065018266e-01
5.254385832581783822e-01
5.574205072396545280e-01
7.052942875971671688e-01
7.914975451743262447e-01
8.379827854120139863e-01
8.032337724273849178e-01
5.680678172711018936e-01
5.056466238117778289e-01
5.115499855550429409e-01
5.001972038511028895e-01
3.840577904522453068e-01
2.769349224866655135e-01
2.462903698497549421e-01
2.243731523784530946e-01
2.005737839996158678e-01
1.438453611989406744e-01
1.000173801299734655e-01
1.175743020364714703e-01
1.527908436078626586e-01
1.987602284549178644e-01
2.591008642405983053e-01
2.455752744414636812e-01
2.138602293834678814e-01
2.129187839497538315e-01
1.663319356844364383e-01
9.438794749235893122e-02
6.392824710633862595e-02
5.790649627332035421e-02
4.528709600493398268e-02
2.530357306538104020e-02
2.639893498500080898e-02
3.406222593869118187e-02
3.784794745891102014e-02
4.619096960729307533e-02
4.613302360339906899e-02
6.237517752617289385e-02
7.039706706625864507e-02
9.761718623149180651e-02
1.304527489011020058e-01
1.963888225853064329e-01
2.522562443765001827e-01
2.580689137224587704e-01
2.604228856666017666e-01
2.837774717221246967e-01
2.517378834570093704e-01
1.536158474148392739e-01
1.054978320330043490e-01
8.416018382100282080e-02
6.907890430353801070e-02
6.792801782665863763e-02
5.868597956395278648e-02
5.045157021572248962e-02
5.132567113953682980e-02
4.218679899569728609e-02
2.849047889285083457e-02
2.718208518188415523e-02
2.272184417145081681e-02
1.906085894625918209e-02
2.111307942491877018e-02
3.341666755745805600e-02
4.528590362799926605e-02
4.692001594538344061e-02
6.001923465556480153e-02
9.881577748365800995e-02
1.193129394449622405e-01
1.378205355963995904e-01
1.281620166068863087e-01
1.105549590111547659e-01
9.487289146266909834e-02
7.516561040324563903e-02
6.527025168875531802e-02
5.244422989290754150e-02
4.212721663891064172e-02
4.304474881325837804e-02
4.476531542278548714e-02
4.356201798528776953e-02
4.739348411711261783e-02
5.506838783074904931e-02
7.385874693297041216e-02
1.009275359410023998e-01
1.420771947101787391e-01
1.917546939201330847e-01
2.363855024317796649e-01
2.446070355963487208e-01
2.604681922373149328e-01
3.074225156688282778e-01
3.846853057323859071e-01
4.578364182152542261e-01
5.434718258199795482e-01
7.132750301504150459e-01
9.315250372414886071e-01
1.255511372151360883e+00
1.694591108613187957e+00
2.290373430196071869e+00
2.919304812846697850e+00
3.896391184573551048e+00
4.557392200063015153e+00
5.055534089530302033e+00
4.736444434261234626e+00
3.659107536813411166e+00
2.622384407786209959e+00
1.726425758378134390e+00
1.114740404783804317e+00
7.483164804307979034e-01
5.148130690287858746e-01
4.055558268012469658e-01
3.475767045745254413e-01
3.235311545298459324e-01
3.122862170406413562e-01
3.102170602428425683e-01
3.119822578777695643e-01
3.134316641925903868e-01
3.156837335507326481e-01
3.174147066913621251e-01
3.189502561067058539e-01
3.200055243532176075e-01
3.206538140200616005e-01
