9.904565573569978909e-01
1.183149185065540010e+00
1.201798434407141736e+00
1.117048928297445398e+00
1.052310107598795952e+00
9.151777027002849785e-01
7.914817890699228364e-01
6.593244129878385040e-01
4.970810724254895452e-01
3.636474479170360152e-01
2.546018161830300719e-01
1.774784278526750358e-01
1.262107413899380137e-01
8.720992933030957683e-02
6.212517488599766935e-02
4.535158922144620630e-02
3.456908389752725436e-02
2.617915231523687547e-02
2.064728473906217443e-02
1.670367151789436955e-02
1.455450980092150466e-02
1.166524041479334931e-02
9.812639865914407622e-03
8.748825886885582340e-03
7.355121317983258702e-03
6.732053005063849509e-03
6.132936427547031055e-03
5.560842074464517754e-03
4.855545338124584928e-03
4.343657843777018641e-03
4.046297531689323559e-03
3.840015433468763062e-03
3.697730094825389495e-03
3.272123518924064355e-03
3.048558670936452487e-03
2.819417675367588520e-03
2.626853170762929578e-03
2.448322167684916038e-03
2.403664539713959523e-03
2.214266370987790725e-03
2.064613793717099723e-03
1.910814467782554925e-03
1.905055243469278708e-03
1.815546739120518175e-03
1.531967510199376201e-03
1.466651205440643469e-03
1.387583568055859688e-03
1.316301591122705011e-03
1.251566917812241102e-03
1.201611517310941912e-03
1.151224468313528319e-03
1.111369475704481738e-03
1.021250362733054119e-03
9.610860414945230886e-04
9.279136815260344371e-04
8.563860370126924948e-04
8.045904790991258160e-04
7.481453304879546844e-04
7.310253812782361443e-04
7.012477593313183122e-04
6.751062481107976106e-04
6.445412629986968164e-04
6.318897660751540040e-04
5.925924826229208697e-04
5.549376563767820583e-04
5.533147315671020985e-04
5.170192076604892455e-04
5.013055654317679884e-04
4.694778662009998615e-04
4.453754579002775068e-04
4.125270872420217557e-04
3.984900668874014756e-04
3.850993300701150324e-04
3.826788449918076557e-04
3.693956724507794771e-04
3.752734753350773665e-04
3.539885280336683981e-04
3.276557575093843135e-04
3.163212736217738347e-04
3.089211780039402338e-04
2.997443497694016559e-04
2.841924339782136684e-04
2.831843383566438823e-04
2.775266705651783074e-04
2.679280221055923270e-04
2.653400010516219825e-04
2.517978791516577793e-04
2.364658442191446171e-04
2.338361192569739136e-04
2.363380161989590302e-04
2.280030824567295196e-04
2.129468142912151760e-04
2.066758865585545922e-04
2.095978309756649932e-04
2.045577867723301607e-04
1.964228436897332811e-04
1.843374577340676026e-04
1.743692712571888405e-04
1.783511347666696533e-04
1.781375715389397162e-04
1.719169869989670249e-04
1.622597658734088201e-04
1.536144683836575123e-04
1.606649683316109186e-04
1.548567177694264510e-04
1.562309297865187329e-04
1.469372180634432039e-04
1.462215376051302889e-04
1.431702133591495208e-04
1.449698143047947914e-04
1.466568231814948384e-04
1.383658666885504026e-04
1.325182297737416805e-04
1.311035452613945292e-04
1.347132651647565081e-04
1.309027348941069278e-04
1.273892670597684201e-04
1.207428079482961608e-04
1.206982490622647786e-04
1.219600364697298963e-04
1.143381253926357299e-04
1.090841618416616690e-04
1.100068124432570013e-04
1.102791777081807775e-04
1.050495015611198427e-04
1.007109375399323697e-04
9.524309733098708375e-05
9.679628817403526609e-05
1.111537883655498553e-04
9.977193692238196701e-05
9.325535925513795462e-05
9.108807943990573659e-05
8.868922044040994867e-05
8.838078451820456779e-05
8.501085423610672440e-05
8.367567257180520278e-05
8.031794626398878003e-05
8.209409284684627682e-05
8.110605600390734151e-05
7.729111079566531521e-05
7.481003495189741167e-05
7.854551407486285255e-05
7.578421725710429312e-05
7.270574295534853126e-05
7.421151895451337987e-05
7.071650129310887590e-05
7.026982765523604119e-05
6.976431529470675697e-05
6.541046629683810911e-05
6.407430233081550354e-05
6.666791556520137573e-05
6.322099311686322229e-05
6.445853279301410590e-05
6.521277972286098278e-05
6.362328949907657735e-05
6.025460047132798430e-05
5.767167582605884995e-05
5.887962786680743797e-05
5.859520491881793441e-05
5.916388757997464889e-05
5.747183018978940355e-05
5.467597161024545976e-05
5.299034054432175854e-05
5.456982158495523894e-05
5.493647086502815837e-05
5.308202876318649166e-05
5.191221425459969190e-05
5.299912924466047083e-05
5.038091568522815164e-05
4.942568533258984056e-05
5.038399784048819730e-05
4.945833981352387710e-05
4.783747842107788318e-05
4.775539474652384540e-05
4.699556770391032296e-05
4.668412907908342947e-05
4.922863497187783598e-05
5.029270063711156622e-05
4.726502147782685713e-05
4.672825570694708232e-05
4.552494304500024426e-05
4.589684045890137681e-05
4.475692666895967541e-05
4.566119252982091161e-05
4.457835841013467958e-05
4.370868009231616505e-05
4.164050163524526580e-05
4.041750031281196831e-05
4.048375353931654166e-05
4.173666198887839550e-05
4.248469325611250471e-05
4.083106623564209574e-05
4.045169617260579227e-05
4.038425191363030783e-05
4.049164229517059093e-05
3.969375016142378425e-05
3.909788994114443385e-05
3.761607051708817467e-05
3.687149391453805973e-05
3.824428853285569748e-05
3.765570160431914808e-05
3.700200806213510237e-05
3.709910023020888980e-05
3.766157610853355676e-05
3.590318740200455051e-05
3.501266900761105817e-05
3.582115858466216110e-05
3.570282091533100388e-05
3.434761266333254375e-05
3.394680355857763874e-05
3.364002477790848115e-05
3.246790949997743905e-05
3.277840589525007903e-05
3.341061136430516909e-05
3.347878251550568096e-05
3.237909387855444888e-05
3.206022990173189666e-05
3.127720967091380188e-05
3.130354500722405854e-05
3.205791765534349254e-05
4.461903680603081923e-05
6.891037748679426699e-05
4.337143764910325925e-05
3.359319540746176557e-05
3.140641091775974982e-05
3.074245839914088231e-05
3.078180693427018546e-05
3.134483425978199439e-05
3.041103544627926075e-05
2.847895501571887132e-05
2.819786932418300395e-05
2.806203231308901618e-05
2.889747052600051829e-05
2.856801239254204175e-05
2.955477411298674726e-05
2.930319637598708662e-05
2.831137900498690029e-05
2.777296755134193410e-05
2.768563544064062744e-05
2.642507996991273319e-05
2.642616385377569201e-05
2.692897530473589905e-05
2.669274846704027302e-05
2.753024846907993177e-05
2.692627658252923125e-05
2.578516343963786249e-05
2.544436956766604668e-05
2.458635557710304821e-05
2.490327610942214229e-05
2.436275670226413343e-05
2.486866063039025956e-05
2.502136434023508857e-05
2.443239531775879913e-05
2.406501579726434586e-05
2.336947866697767332e-05
2.369159794783805753e-05
2.584312740273860684e-05
2.543803783583844524e-05
2.370404808166329689e-05
2.257779340130333282e-05
2.237134915015130909e-05
2.324630118723875134e-05
2.275256779603313014e-05
2.156729644761262133e-05
2.286465274174717560e-05
2.428855620004828023e-05
2.267578039472885877e-05
2.237555144942738664e-05
2.285608938433801108e-05
2.219398298828814128e-05
2.191339925884113566e-05
2.232067052309706100e-05
2.303149270392265430e-05
2.240603528593738877e-05
2.194846648213998169e-05
2.158308920262124158e-05
2.128621581513547942e-05
2.246009780206253536e-05
2.251721851458839333e-05
2.164496161476430933e-05
2.150490780579928228e-05
2.074530595050909731e-05
2.055994266145679802e-05
2.088610404385284462e-05
2.043892634419002840e-05
2.005475931847419769e-05
2.137847488919244443e-05
2.120559345248618617e-05
1.991755618458534210e-05
1.974809696141478627e-05
1.989991490810585299e-05
1.962385243575091143e-05
2.048002761253563760e-05
2.045006905603532346e-05
1.975627723664651067e-05
1.927844090655960152e-05
1.914263516794787782e-05
1.860150014546130146e-05
1.853105479878480911e-05
1.905990139210317222e-05
1.903701481660268805e-05
1.866394795319399334e-05
1.900044148591097784e-05
1.880558128145061323e-05
1.814305657900711690e-05
1.763193583195557998e-05
1.862656687216389896e-05
1.896261181562283488e-05
1.802536957818559488e-05
1.810399681012897250e-05
1.828444697588662798e-05
1.805217720444778697e-05
1.851561168670194600e-05
1.769696850750648794e-05
1.687925573222275044e-05
1.718108925412596810e-05
1.774191645489197068e-05
1.838694118401935511e-05
1.828822096434007177e-05
1.775827556126848705e-05
1.697258167234508581e-05
1.762128276951037528e-05
1.746820968569462565e-05
1.726011950764776999e-05
1.729336771867160172e-05
1.735203661705468720e-05
1.663062213926643634e-05
1.671992245873440524e-05
1.702065950284764047e-05
1.686611451189125907e-05
1.582694066798441096e-05
1.639658273582748470e-05
1.644512661428951722e-05
1.582024413095132256e-05
1.615936766110806968e-05
1.657547771567074559e-05
1.590686439759812261e-05
1.556047331503558577e-05
1.519713336825003615e-05
1.588678287768969120e-05
1.555276346554423255e-05
1.540269083646681440e-05
1.542607232688125750e-05
1.575807794319943823e-05
1.619536934065878849e-05
1.502979349404651903e-05
1.476251704979118300e-05
1.482909526280793645e-05
1.516273584307978733e-05
1.509389250760023089e-05
1.529068488856355411e-05
1.502153179973234038e-05
1.438589523315984587e-05
1.455707922061649635e-05
1.514889568098045538e-05
1.548165623971196477e-05
1.542840742055212464e-05
1.527034455167508491e-05
1.577438670844381961e-05
1.528758796537519349e-05
1.497942212288303829e-05
1.467370160540866164e-05
1.505946022810558236e-05
1.528095886425252399e-05
1.483546003251757223e-05
1.479134486928013770e-05
1.433352183929059687e-05
1.443435421437642521e-05
1.490691334003760070e-05
1.420799216943895792e-05
1.382216614498093741e-05
1.401029498962708206e-05
1.339446852712808251e-05
1.357541017080549097e-05
1.349833702840528077e-05
1.403455958973935823e-05
1.356067140293523094e-05
1.285389335153237969e-05
1.282809795379059317e-05
1.328043623978142834e-05
1.334137534129898578e-05
1.365644930313610807e-05
1.352858859380806178e-05
1.273786370520011195e-05
1.269260558483392698e-05
1.302623338955081091e-05
1.295980153425625187e-05
1.269355876055193028e-05
1.260316896833678196e-05
1.272497413519495905e-05
1.297152021562224097e-05
1.255094369460717934e-05
1.201255180199294618e-05
1.263430771509048898e-05
1.256559081013281554e-05
1.289240788957385861e-05
1.246531176257153040e-05
1.232528895663484752e-05
1.230809734394616476e-05
1.175438535748176247e-05
1.175711206085290434e-05
1.192409532877719666e-05
1.153063484730676491e-05
1.140677596750978123e-05
1.132423552387247966e-05
1.068580959979660825e-05
1.087595694727390454e-05
1.050226343596207086e-05
1.062915021683568742e-05
1.052471231686591882e-05
9.977874400968689004e-06
1.010517025203780172e-05
9.938574666992395045e-06
9.604721154115246454e-06
9.968259498061299097e-06
9.658409291778674493e-06
8.882262884524296561e-06
9.112532810318814527e-06
9.266745983273753617e-06
8.537671806125813210e-06
8.354519793209019276e-06
8.402556789326892547e-06
8.292060365028057852e-06
8.157904082117773629e-06
7.917081430598921490e-06
7.447439200565845907e-06
7.129287705396098284e-06
6.773205029811672008e-06
6.756060269590492262e-06
6.522306720004015813e-06
6.502130498952969939e-06
6.314923826023094478e-06
6.112302303466268241e-06
6.082958041863587125e-06
5.995977911726026542e-06
5.658308756184713000e-06
5.566118594628779937e-06
5.591521860176192860e-06
5.387030645485089351e-06
5.262136656582756095e-06
5.373478245662268014e-06
5.589716894188930392e-06
5.487689700520078551e-06
5.258871361232733671e-06
4.944035864124669788e-06
4.777390256755469964e-06
4.764920459191622250e-06
4.919590048041863529e-06
4.945177670847573559e-06
5.085012876814081811e-06
4.913845892679990743e-06
4.959624206661007414e-06
4.966137472437757811e-06
4.896024743734750131e-06
4.642307325336062652e-06
4.784674951334598755e-06
4.872946478914850433e-06
4.894072971216208303e-06
5.011631876778563482e-06
4.702024835899351237e-06
4.806510874843744671e-06
4.884599003876456841e-06
5.013469887638778118e-06
5.130939778220562675e-06
5.153819729682104190e-06
5.104019249486207515e-06
5.227574327870194511e-06
5.290701063165833969e-06
5.306206028553660932e-06
5.287506736611662465e-06
5.508360093729744757e-06
5.769317893691488451e-06
5.871640662768126051e-06
6.396433482789459676e-06
6.672866715571016836e-06
7.083368434827159300e-06
7.603784239559034171e-06
8.116133717682495435e-06
8.763345338606986723e-06
9.946529442894234120e-06
1.130984576876893706e-05
1.316929032281070932e-05
1.577721482636860979e-05
1.910660197700899806e-05
2.397013192979997301e-05
2.989609142273429832e-05
3.896825744804956995e-05
5.044438621755115214e-05
6.589528691042361992e-05
8.168932598345795659e-05
1.087685356479412577e-04
1.236837891180356469e-04
1.360468398319919189e-04
1.222397465940287125e-04
9.612716529500414805e-05
6.929493602837838678e-05
4.548555260833418284e-05
2.989329960506355362e-05
2.059760216959282108e-05
1.506774696485871889e-05
1.207443059900551980e-05
1.085673413174305796e-05
1.010435431999215275e-05
9.819264162270947594e-06
9.767272933319106563e-06
9.807905272183307463e-06
9.825758118098934212e-06
9.873537118198905110e-06
9.908957756932372347e-06
9.937861146461973092e-06
9.960025343183936234e-06
9.973105597565242174e-06
