1.105310288203188884e+00
1.213148492629149144e+00
1.211616217407039731e+00
1.163615492345015934e+00
1.114186007079006391e+00
1.013942117651303043e+00
9.226338354042501466e-01
8.051060920260114662e-01
6.238099150834323092e-01
4.295745041589202340e-01
3.427282805246310571e-01
2.395462631579997337e-01
1.687673964862947129e-01
1.254303202181478727e-01
9.449363332561200313e-02
7.528759110960477063e-02
6.375857233079948450e-02
5.167772528494691403e-02
4.322015385229609902e-02
3.588561319726457643e-02
3.237131870230668812e-02
2.722126565412145288e-02
2.417053675759736966e-02
2.185751086428464052e-02
1.941952264315782023e-02
1.804111473542375360e-02
1.677401354931221805e-02
1.570705279853524747e-02
1.430511671584592387e-02
1.274039397936811355e-02
1.216238922176192741e-02
1.132827767579662644e-02
1.087506030858727789e-02
1.021511268364970297e-02
1.010173749554581051e-02
9.237483369566864416e-03
8.496163867914893753e-03
7.808306946245309639e-03
7.626900128479302543e-03
7.190227485298001861e-03
6.973597757035459276e-03
6.512927903855648265e-03
6.083063685076608822e-03
5.709948399674562823e-03
5.157143158987115457e-03
4.931244745274329655e-03
4.745367643371229890e-03
4.817890110043059754e-03
4.788950584737783518e-03
4.822301037509244166e-03
4.998731664774435333e-03
5.454253997911544249e-03
5.441896399230188724e-03
4.765245902755513123e-03
4.556011061801115009e-03
4.319746976585965050e-03
3.795678014222317580e-03
3.580868611402411410e-03
3.586674937627011388e-03
3.427798253409646261e-03
3.628074351769230727e-03
3.470035030604974070e-03
2.931111182061877860e-03
2.726902518156237333e-03
2.545291178909368963e-03
2.668545972655155234e-03
2.878842921890951111e-03
3.161002696710540384e-03
2.747988823465846112e-03
2.660202509063524373e-03
2.865129659093495172e-03
3.680717083479018853e-03
5.167633253384941103e-03
8.618554176739323322e-03
1.129381629932441414e-02
9.360399077306548465e-03
5.904075580824316542e-03
4.105410283484189557e-03
5.559487120400401564e-03
9.697564568775945276e-03
1.339682171167999244e-02
1.455933560104530518e-02
1.487278521496524300e-02
1.488253436081537692e-02
1.266870622179182976e-02
9.562770665502266093e-03
1.087142039475679986e-02
1.249597617497514267e-02
1.075682543930184254e-02
1.009824871083841481e-02
8.589963339880287915e-03
6.964937774140920676e-03
4.986958863411046321e-03
3.279604396787870121e-03
7.995107477172429603e-03
2.019031533606160250e-02
3.196919966823701109e-02
4.076699650003137720e-02
3.840882580135501767e-02
2.570504955192623106e-02
3.310394579496640788e-02
6.566708562344943101e-02
1.027839737911557527e-01
1.391331956893421817e-01
1.646914874329131473e-01
1.680998751417123738e-01
1.616894718711967827e-01
1.289450278515306414e-01
1.033865700400767307e-01
8.640685681012313935e-02
7.691767797343090907e-02
7.267005076685510712e-02
5.360704161578433435e-02
3.205853021052458562e-02
3.686696671216316973e-02
6.025140931217147500e-02
1.206372145277833235e-01
2.130880873980384171e-01
3.252469278355842874e-01
4.110318176861960660e-01
4.745580450428323327e-01
5.691774435461822712e-01
6.035360848458061200e-01
5.644556149662366407e-01
4.837400154126925700e-01
4.194031700268645579e-01
4.101332031465727002e-01
5.380741942443478809e-01
6.926100321592626452e-01
7.725915876323419251e-01
7.814108724168666864e-01
7.738491105770681777e-01
7.858413007241242809e-01
7.887825156735490673e-01
7.754085753464600161e-01
7.219123668533127258e-01
6.463756198556135368e-01
5.913653321699072762e-01
5.526652357840199370e-01
4.712317053845063719e-01
4.365002088241670686e-01
4.250913954791139537e-01
4.003912388415281076e-01
3.696347581039521879e-01
3.564341978973433744e-01
3.200764135465595794e-01
2.914295943631470820e-01
2.779607238252937429e-01
2.516712552328399521e-01
2.339618218247760117e-01
2.098381577894819494e-01
1.819327594221919198e-01
1.604168356327254352e-01
1.169302790355857269e-01
8.148940657482960093e-02
9.162914535454244613e-02
7.227025070200612800e-02
5.417495096162665974e-02
5.011858479539123279e-02
5.849832977013188356e-02
5.568081778696416795e-02
4.041988631526902132e-02
2.255846538465636555e-02
1.751211772730595570e-02
2.480739199401737344e-02
3.271812284302882956e-02
2.926715174677056372e-02
3.050244400039262352e-02
4.049398246871659807e-02
3.317724208675521674e-02
3.491787261115164576e-02
3.796404509387510395e-02
3.859730709738733168e-02
3.781991252154412453e-02
3.736757300074946414e-02
3.532955728094012288e-02
4.137019710675211848e-02
4.473340299537697379e-02
5.264460187998221130e-02
8.089622502646361124e-02
1.254097266785856590e-01
1.503333377420619232e-01
1.652618494043558428e-01
1.682909509602666664e-01
1.246314898357043788e-01
7.459607594312796242e-02
5.186821309858997975e-02
4.464564553202256952e-02
5.149554216576204824e-02
6.502127944220609246e-02
9.380255131169053240e-02
1.035567643945816824e-01
1.110592558284318465e-01
1.369210462994513711e-01
1.468041999502497363e-01
1.421524909417166138e-01
1.175562035998328342e-01
1.157017261038936762e-01
1.657327027909366035e-01
2.339223596475017708e-01
3.178072294885908033e-01
3.786729867965047402e-01
4.038350487936542277e-01
3.383807755179146226e-01
2.467684149134304339e-01
1.799356903865667323e-01
1.553675033266287420e-01
1.526085739469753011e-01
8.966562460001338553e-02
9.173246699716415542e-02
1.363902665440367701e-01
1.864318019508034718e-01
2.249374663680596409e-01
2.607148389692844348e-01
2.881967736325594664e-01
2.668484051317617234e-01
2.277649483374887818e-01
1.354463013890092327e-01
9.685009179987995320e-02
1.010607621681161861e-01
1.027623686474433418e-01
7.124733136959501834e-02
1.340069007985552063e-01
2.696944632443127321e-01
2.988082214303206530e-01
2.337674731545693052e-01
1.394855135167502591e-01
9.359408193748308680e-02
1.031156543025938399e-01
1.112694364493379690e-01
1.173880361716807957e-01
9.953301518335067044e-02
6.938930631076804800e-02
5.741298399237065170e-02
1.212289677808247867e-01
2.004984055694150336e-01
2.543439069427368970e-01
2.372584769923651582e-01
1.534621555061734532e-01
1.031927095361647867e-01
6.685759672613743321e-02
6.314090142503366032e-02
6.603984355721224941e-02
7.788582041427219438e-02
1.465181834743954914e-01
2.468389809305102101e-01
2.538356593334886724e-01
1.792187233064355123e-01
1.080491542209843642e-01
5.929819632120744699e-02
3.234703624529135235e-02
6.747555440237386348e-02
2.358101062114292823e-01
4.833177328877898415e-01
7.234827922260941291e-01
6.622520541728010857e-01
5.110798191561399806e-01
3.435982671011948986e-01
1.799639510707915502e-01
1.091533281260753663e-01
1.190473516904446555e-01
3.059729142500462462e-01
6.629587308300943782e-01
8.740747283983669735e-01
1.042206246796649527e+00
1.392891575661498571e+00
1.566185836879109949e+00
1.514990893318537202e+00
1.037803834616093601e+00
6.426157521078791346e-01
4.300145408994152652e-01
4.199249990849014402e-01
3.819628335739491121e-01
2.959060436019199103e-01
2.953387631760147625e-01
2.700968757811326726e-01
1.996307552310656874e-01
3.229916613319552821e-01
3.959781504888045811e-01
4.306448091693144131e-01
5.029043167746489740e-01
4.121548708233315761e-01
3.862479021628006381e-01
3.472793346064312892e-01
3.673787816279987517e-01
6.083564849199539770e-01
9.917357725097322163e-01
1.059108871736905488e+00
7.717847726304870593e-01
6.512646327862805506e-01
4.401975876710823021e-01
3.622640163952808301e-01
4.191130147639341996e-01
5.274575895822523064e-01
4.872283047258638700e-01
4.577722320834101688e-01
4.136033378273088479e-01
2.681045651631425719e-01
1.418429928191225209e-01
7.181505968209722646e-02
8.515203872016245679e-02
1.450838704273502699e-01
2.316834543848744488e-01
3.511404943646873056e-01
4.546556449573403436e-01
4.779026574657863624e-01
2.785929155328954465e-01
1.093605290678360958e-01
6.970870054544330008e-02
1.654077126049126045e-01
2.939765709440624319e-01
4.196898921201955845e-01
5.139184906784338702e-01
3.974607087086445278e-01
2.338288160864600007e-01
2.212091995029919489e-01
2.637443886327716092e-01
2.357816502176536266e-01
2.803371124911320234e-01
3.036552616890066947e-01
2.108309793947252819e-01
1.111952090762535345e-01
1.171770641145494646e-01
1.192383255112959006e-01
1.463675091995798871e-01
2.309747954935736092e-01
1.649470358436850859e-01
1.795706934242344843e-01
3.831843568446764992e-01
5.753376242380593419e-01
7.577577848354851708e-01
8.543102542826293000e-01
7.582554036105665363e-01
4.188851097883415919e-01
2.824168032464964284e-01
3.144589530397761679e-01
3.610306509341112413e-01
4.248287319707166332e-01
4.599553987065304606e-01
5.450949138766840729e-01
6.047319193306757157e-01
8.194371255364869544e-01
1.321216639665264703e+00
2.283765774146437888e+00
3.093405787174349886e+00
3.151969480791437572e+00
3.363184330703166580e+00
3.627407618256185629e+00
3.869557337438743083e+00
4.164763606281108643e+00
4.526566149216942669e+00
4.288497932693861259e+00
4.058139380989311817e+00
3.961731925409639032e+00
3.477175445158249278e+00
2.756358231707117579e+00
2.309480240609428581e+00
1.815950787209729578e+00
1.342632615860635870e+00
7.756184397188639057e-01
4.583795087045101080e-01
4.251727470478593451e-01
4.825130237311950898e-01
4.185742131078346584e-01
3.687994044580807373e-01
3.100200753735958825e-01
3.673737816942421741e-01
4.930626401753832044e-01
7.292084446416786658e-01
1.084136635991689745e+00
1.706074118785431804e+00
2.636055027439552667e+00
3.150968816483604495e+00
3.032953122392499701e+00
2.879226652647847828e+00
2.837638814292875011e+00
2.403376295715302202e+00
1.807538057707838375e+00
1.391551160836294265e+00
1.219793398709740018e+00
1.123859434416447645e+00
1.004151669052399720e+00
8.829172093675130562e-01
9.738324463568703848e-01
1.430058874191942442e+00
1.922196196545583158e+00
2.095594827228887347e+00
2.328628275551789084e+00
2.643328981437254033e+00
3.102368661896845126e+00
3.228683859274442458e+00
2.720630914387919042e+00
2.300807216591783444e+00
1.831160869280752390e+00
1.360888545540335448e+00
9.425363428096775742e-01
7.965502120145003806e-01
7.299173776760724541e-01
7.723409162591852173e-01
7.360930325805747909e-01
6.579399429843781899e-01
6.687451318871835415e-01
5.705970738974722734e-01
2.841235649449481704e-01
1.442415413878813668e-01
9.356733085470153588e-02
1.369486633408637521e-01
1.658910317744967944e-01
1.872484614867431230e-01
1.784621102012440008e-01
1.781721923984878053e-01
2.113741043465420522e-01
2.540945627089830072e-01
2.351908173752179643e-01
2.896312777680601913e-01
2.497078621048359481e-01
1.937368299512712000e-01
2.016662126806429978e-01
1.353377128246237571e-01
7.427235828618068691e-02
5.791439686165232581e-02
7.762931321941647644e-02
9.716536080184273727e-02
1.294580850600386968e-01
1.719996142383735938e-01
1.932696805612136026e-01
1.808170200956124019e-01
1.403266019864340131e-01
1.097064405381299595e-01
7.671648522946943050e-02
4.202443730895352031e-02
4.880936621973709644e-02
6.318623409890046505e-02
1.025388112924129624e-01
1.221819849870151020e-01
1.127088643414843466e-01
8.790196420108982445e-02
5.260846977244085926e-02
3.462913357136260945e-02
2.243131338676785172e-02
2.922793892157839191e-02
5.497586214578831926e-02
6.964756122581935993e-02
6.122253299157601886e-02
4.492766566066612455e-02
3.072629165295497414e-02
2.247316126643877920e-02
2.767622067696573832e-02
4.748596591426820085e-02
7.004907688497540030e-02
9.509398697144763601e-02
9.346540103256190113e-02
7.046415963019929396e-02
3.432072177978263972e-02
2.168234245760730997e-02
2.294239560629678099e-02
3.349203781856516932e-02
7.960937769369998140e-02
1.468181524908565572e-01
2.311933514968395886e-01
3.005072026756092085e-01
3.377191719182544571e-01
3.272421122422719542e-01
2.683901370293457767e-01
2.005057833313826920e-01
1.563673591751695569e-01
1.273585277791260961e-01
1.339268818959428731e-01
1.501930973344581810e-01
1.578921229405626236e-01
1.883886445095023510e-01
2.076736784980295625e-01
2.087831280217852248e-01
2.046764441389279654e-01
1.700494410586617655e-01
1.399643096096916395e-01
1.364015916438934550e-01
1.347857071460067391e-01
1.512095816571312756e-01
1.824168204816156991e-01
2.259188445526837397e-01
2.818957006074170879e-01
3.522137837730988097e-01
4.611348889677645002e-01
6.213075569869386250e-01
8.083562568608188004e-01
1.092549232743928345e+00
1.449321453340608024e+00
1.926646667276874947e+00
2.442453613732603834e+00
3.290249770018010000e+00
3.728818894340001133e+00
4.042207112458966023e+00
3.631904939415756317e+00
2.806884702571321721e+00
1.981563628543169475e+00
1.386604525001324362e+00
8.920349530680746764e-01
6.793479085916431792e-01
5.233026518096762780e-01
4.460729683231525189e-01
4.114080547110299801e-01
4.026378816686504991e-01
3.943776995319302481e-01
3.993624591882800612e-01
4.020138041376031257e-01
4.064616542489512541e-01
4.098747636647258052e-01
4.131702809552046385e-01
4.156496733081256889e-01
4.174841604776440285e-01
4.185902831965416238e-01
