1.033272720544516465e+00
1.213367305343921343e+00
1.169822985489964440e+00
1.107323284584838419e+00
1.039394731402611294e+00
9.551270155164039988e-01
8.463334656360775865e-01
6.909341052510866721e-01
5.100333549946589606e-01
3.901277247041707308e-01
2.683463690794494205e-01
1.855086370116427741e-01
1.263786114478224198e-01
8.934840418912499971e-02
6.403905335262861931e-02
4.547129955094264542e-02
3.589215648471542897e-02
2.765854891592275586e-02
2.230245227679084064e-02
1.753928128265259609e-02
1.422478965597201266e-02
1.106541044814491996e-02
9.630341318314526375e-03
8.560879111211252418e-03
7.226110999416554721e-03
6.597263928251598762e-03
6.090407860767353167e-03
5.643291581997916806e-03
4.889788767749464644e-03
4.397936247334858183e-03
4.152032261943719264e-03
4.005252080738524317e-03
3.749887870069596157e-03
3.336844762852021404e-03
3.079437101477911116e-03
2.895699059905201302e-03
2.657132661629324662e-03
2.339549429264957143e-03
2.278542327657105161e-03
2.192659534417699344e-03
2.127426783891587896e-03
1.950546889930878823e-03
1.948198436037583154e-03
1.953674158750740280e-03
1.676934685806943286e-03
1.570929808318372511e-03
1.427472284543145065e-03
1.346306968475857258e-03
1.288510452339626565e-03
1.195221494081593130e-03
1.147054854847138171e-03
1.099504895145751639e-03
9.896327482223337552e-04
9.505423742218083475e-04
9.184285202243507897e-04
8.604891121500853144e-04
8.069152604312025993e-04
7.784126124298299670e-04
7.760208560725353295e-04
7.325290703716543514e-04
6.801280949263394712e-04
6.399727107304671462e-04
6.422565101733380489e-04
6.157959750234217374e-04
5.649377578116584250e-04
5.559515213305423788e-04
5.229848460682824836e-04
4.993688806009497242e-04
4.815658623507840306e-04
4.636448553487136051e-04
4.380797895743495513e-04
4.123658303645827980e-04
4.003865834060695190e-04
3.947391330388811434e-04
3.839605034205034479e-04
3.783139414255453975e-04
3.617959951598515391e-04
3.354255884000192814e-04
3.224442113429245161e-04
3.190547348096545686e-04
3.176948264905960525e-04
2.929082615704307153e-04
2.739946206783319791e-04
2.761049322773259738e-04
2.881740143616492761e-04
2.801553651191984696e-04
2.583120680108927239e-04
2.292104503833765719e-04
2.287871250670726008e-04
2.336651495757947363e-04
2.158109099461176777e-04
2.039395429930675695e-04
2.124479634166526827e-04
2.065874669309297859e-04
2.037387104928228528e-04
1.950589054104347382e-04
1.871310937026536493e-04
1.807953511902386258e-04
1.838791165279348360e-04
1.823040231214274290e-04
1.760350861190560097e-04
1.675181372112104564e-04
1.609174429812461175e-04
1.621682604295159480e-04
1.631404437304665551e-04
1.751187470114204262e-04
1.606293969548762738e-04
1.573755277683571915e-04
1.482387160377987686e-04
1.427450566162753373e-04
1.442072024182598983e-04
1.412049638288253976e-04
1.367373094214138134e-04
1.301094482682815139e-04
1.358611370786794138e-04
1.270384385793803315e-04
1.254957776054315061e-04
1.205302202469135615e-04
1.218359580163385020e-04
1.223156463480570366e-04
1.152750611656302152e-04
1.151993871655873159e-04
1.155202767741710920e-04
1.104814918274052063e-04
1.041939104551961489e-04
9.781800433029093161e-05
1.005789527872918244e-04
1.062799058249667554e-04
1.172409918491784003e-04
1.055329087659547324e-04
9.722382885040824381e-05
9.059907763242927104e-05
8.806736008840367036e-05
8.660863530404203450e-05
8.491719818575136605e-05
8.492695121522951453e-05
8.263964497888443472e-05
8.446210530043939406e-05
8.576031731109687783e-05
8.337857664024782647e-05
7.753897433964703845e-05
7.789647960776488066e-05
7.707788390566901605e-05
7.722408215330240830e-05
7.644183138796115638e-05
7.263184591569334428e-05
6.961575540047893460e-05
6.757292297263836351e-05
6.615964624338996575e-05
6.509605933771540681e-05
6.539091882237195593e-05
6.289211916859670985e-05
6.593808351776333425e-05
6.379490057756013652e-05
6.204013484839049255e-05
5.757820750200944092e-05
5.789451803587926734e-05
5.793898545544584920e-05
5.999038564080512383e-05
6.018450542784186416e-05
5.910623894280111194e-05
5.719547097319921229e-05
5.420446869769312903e-05
5.374385320169262952e-05
5.541210150357755380e-05
5.365086839604654197e-05
5.224042444391111721e-05
5.038202175551298603e-05
4.940506844558555604e-05
5.041370597242539591e-05
5.082035234547158380e-05
4.845245863285399442e-05
4.648624614315233032e-05
4.620926664667347527e-05
4.673852796701634366e-05
4.744920654522526501e-05
4.822684701843463434e-05
4.927554307848539228e-05
4.884087891592407661e-05
4.742080518649341789e-05
4.678660411236677536e-05
4.762457138806211259e-05
4.682949749614255026e-05
4.746304473359190133e-05
4.450327694148883598e-05
4.301317935103988874e-05
4.021254095996139002e-05
4.084514131158555397e-05
4.240709573355337062e-05
4.159853301107372439e-05
4.146544799045297214e-05
4.134473242824526030e-05
4.149764919232918611e-05
4.191483017625760468e-05
4.057538528678641303e-05
3.976817354514814427e-05
3.988439102909435783e-05
3.904446352871823072e-05
3.816386751374905580e-05
3.841765421705402636e-05
3.728409761155028945e-05
3.720032975529792677e-05
3.713487706136822777e-05
3.707667802099891925e-05
3.582894011819024886e-05
3.535013018015984311e-05
3.543938031102053391e-05
3.627322480341920309e-05
3.559506844884215555e-05
3.535765294988857545e-05
3.418654954245803552e-05
3.345028872258644083e-05
3.399684306755446604e-05
3.356540397274468185e-05
3.449743015348904617e-05
3.264371187053959956e-05
3.306621025047935797e-05
3.223726753568467636e-05
3.207450778177636867e-05
3.304593476436175353e-05
4.770919450810186556e-05
7.276384305723508736e-05
4.305870189875167888e-05
3.211533666030653891e-05
3.033235973401396350e-05
3.063697557655221661e-05
3.156105509080778867e-05
3.145140152996741162e-05
3.054866231295778667e-05
2.936565335324481157e-05
2.895746070635617960e-05
2.974788419955762486e-05
3.025670500082719698e-05
2.782698942987190714e-05
2.853694086170465284e-05
2.820798235925083613e-05
2.739104614658862129e-05
2.706815110736884142e-05
2.757500934948549660e-05
2.772267652913604663e-05
2.712799230871862336e-05
2.636108087658010533e-05
2.617715066364141076e-05
2.748211540508242449e-05
2.751218229072032668e-05
2.613479987533035272e-05
2.561371464973615143e-05
2.546380817764708866e-05
2.647282291820819599e-05
2.450158733901208980e-05
2.497462011363028075e-05
2.546532072553192531e-05
2.388820035136979123e-05
2.338909235607987186e-05
2.364679603767427151e-05
2.344748683861842413e-05
2.623136144016887465e-05
2.627560797701948607e-05
2.465170059286065011e-05
2.351870564151107453e-05
2.317407187804181338e-05
2.313582931383374595e-05
2.296932336446428087e-05
2.200873081363274774e-05
2.219935451653753068e-05
2.311256317779839393e-05
2.270795380348676138e-05
2.249594242396862399e-05
2.337362867407234229e-05
2.207384733827434792e-05
2.036090999362778216e-05
2.032783422625068095e-05
2.118095339783366294e-05
2.130357457411366582e-05
2.127652234960489925e-05
2.146035678704151522e-05
2.168786964091763854e-05
2.219847220889732651e-05
2.085255701968560804e-05
2.076699240035861081e-05
2.133380542948635773e-05
2.057358088510845479e-05
2.122779590549023486e-05
1.993328781245750839e-05
1.953730455468379902e-05
1.960113840731876256e-05
1.939636315783013420e-05
1.968006807280808305e-05
1.958332318833073081e-05
1.976638466882329405e-05
1.940686575401317447e-05
2.017224741657501320e-05
2.061799088220025506e-05
2.006127498395291893e-05
1.903574546236279149e-05
1.863173682633598687e-05
1.893394469359952094e-05
1.869267113571415867e-05
1.855675438714030737e-05
1.904402029154812447e-05
1.881766648110064458e-05
1.824784790530532789e-05
1.837600203828738377e-05
1.750966688680969890e-05
1.766198323318718253e-05
1.743119706593844042e-05
1.774545478977660552e-05
1.814682610850173054e-05
1.745778371629363643e-05
1.796951875525274364e-05
1.781357029014735114e-05
1.750004818202101725e-05
1.771925900601556980e-05
1.749935547701275787e-05
1.667531886987057367e-05
1.681872056717773395e-05
1.749861302957818150e-05
1.873877408221209944e-05
1.880515663808339082e-05
1.752115002723556595e-05
1.668322088392195496e-05
1.745987614711838078e-05
1.759428182464844138e-05
1.681340507719001525e-05
1.685149219219681825e-05
1.664347442666596542e-05
1.603720694384540732e-05
1.697409459391873091e-05
1.641060503121583605e-05
1.572512856584638049e-05
1.497441829009755554e-05
1.537524153656196537e-05
1.620329103244275092e-05
1.627275812110083535e-05
1.554311993090302477e-05
1.562059348735456014e-05
1.564194313892765831e-05
1.548140686415201196e-05
1.544690102601884520e-05
1.536718261893425390e-05
1.534179665029038379e-05
1.526279422498043049e-05
1.495618731325685182e-05
1.554162318480658693e-05
1.594735269134670371e-05
1.501100538250167917e-05
1.514212249213537715e-05
1.480782893687195081e-05
1.459660142588718624e-05
1.490385000032931417e-05
1.509783916515119557e-05
1.453972220806632436e-05
1.426820500629530341e-05
1.407761359074879160e-05
1.480689464559797944e-05
1.583047319635095461e-05
1.528177472046370622e-05
1.513297258521984292e-05
1.608784811285208675e-05
1.540246496459356330e-05
1.537541391514543891e-05
1.477339054743406753e-05
1.427728632714102732e-05
1.468565273148633118e-05
1.476839230592422842e-05
1.501784311640072424e-05
1.435236830172171538e-05
1.439055745215941938e-05
1.499969248111987367e-05
1.491521200637788223e-05
1.421159101280964028e-05
1.365689718745763043e-05
1.375209681805111601e-05
1.389850762802011379e-05
1.379829383194289998e-05
1.386433157756504812e-05
1.411775738354221867e-05
1.391744509767200581e-05
1.384085272381585243e-05
1.365941097554474778e-05
1.344405248777179257e-05
1.384066178735801359e-05
1.383893863814603816e-05
1.343605847244758334e-05
1.289922033921773689e-05
1.277855440009144452e-05
1.323217871573506969e-05
1.277445320884711250e-05
1.254020955630237145e-05
1.304483852990245466e-05
1.284006045015439759e-05
1.291824878128613712e-05
1.277007645894151341e-05
1.299634031511268101e-05
1.225857280132984453e-05
1.223659636284024060e-05
1.228383825274151581e-05
1.205096102980640871e-05
1.224097089681253973e-05
1.170110136706820401e-05
1.191065595438531301e-05
1.237633776383099636e-05
1.111364170198612101e-05
1.113327731049811366e-05
1.124720699783181298e-05
1.073933855772394279e-05
1.111838538170412784e-05
1.023238704233796092e-05
1.035484536671203959e-05
1.034779310306671011e-05
9.745779532686882533e-06
1.010433538377660819e-05
9.616026065530616088e-06
9.343321376700991349e-06
1.011779101042382493e-05
9.663752698747779169e-06
8.855961507971932845e-06
9.448250678414952806e-06
9.516769714631392890e-06
8.941984421394410119e-06
8.804521965091260279e-06
8.494946818668800250e-06
8.106154578325113877e-06
7.914037084566670344e-06
7.553968945341998356e-06
7.083394752203197527e-06
7.357930884451343314e-06
6.976264221289352530e-06
6.698923019146616427e-06
6.518405440338273159e-06
6.263940931464182315e-06
6.021361262565247895e-06
5.976347794678430412e-06
5.955271495897976909e-06
5.952428258638942130e-06
5.579169194733509930e-06
5.549185564733639691e-06
5.450346545759344608e-06
5.358209520959072980e-06
5.270267203676132087e-06
5.363633565729828450e-06
5.414805048970166036e-06
5.180380415380424718e-06
4.965362018640830402e-06
5.044282144969017289e-06
4.624664436933808202e-06
4.538027781658058503e-06
4.739735513875020701e-06
5.122949278486168893e-06
5.092469570104734242e-06
4.824487664902097150e-06
5.019348268786945833e-06
4.772558204418149942e-06
4.533694002912878270e-06
4.541497746190185716e-06
4.677051641229924439e-06
4.608150155819618634e-06
4.701693427055775637e-06
4.851185106442306417e-06
4.611687266843810417e-06
4.747675143466788446e-06
4.994856420423686003e-06
4.955688036339154590e-06
5.050344554827689468e-06
5.033185181356388129e-06
5.117539941715075023e-06
4.992916476801190815e-06
5.158330576940493053e-06
5.167153713049842349e-06
5.168572437844230768e-06
5.368539576572222345e-06
5.676078545549022356e-06
5.783174003592590806e-06
6.374558252545768413e-06
6.654287379173628234e-06
6.836234916883417992e-06
7.513324525504290009e-06
7.906301211525987405e-06
8.748374454478337971e-06
9.937758285140661828e-06
1.125349024739813492e-05
1.312550136394134913e-05
1.544445715625751423e-05
1.868980356132895782e-05
2.343920129882000691e-05
3.008806482079437952e-05
3.950397672410615329e-05
5.076484178847381678e-05
6.667129925727094039e-05
8.335209884968783204e-05
1.104050929956998020e-04
1.251836780959525821e-04
1.369314796708742492e-04
1.257167832485614413e-04
9.627055914351679091e-05
7.077775626005618236e-05
4.490588728242312348e-05
2.999459250806800093e-05
2.031953780774693445e-05
1.433396693222846364e-05
1.169601809727423138e-05
9.781325778829612837e-06
9.431092602262402611e-06
9.012704269403238762e-06
8.942252033385977543e-06
8.942816858468343271e-06
8.959644743752280392e-06
8.985095126086942066e-06
9.012250455317629354e-06
9.031243222229724135e-06
9.045523555417180715e-06
9.054307716582151667e-06
