8.347154164901297326e-07
1.178714919377499049e-05
2.659287293683574509e-04
3.041770061927335719e-03
1.600269307281972433e-02
3.891730601921564864e-02
5.168494286326897474e-02
4.407225219613979117e-02
3.083547554938025764e-02
2.148888156596052285e-02
1.727833788179925292e-02
1.422053161896652713e-02
1.090566504870524311e-02
9.404749896883101215e-03
7.949436579640367651e-03
6.644975781570130677e-03
5.901721379027234475e-03
5.231377084395686348e-03
4.850090631987494065e-03
4.806535680608459149e-03
4.684429868407894576e-03
4.536000072768550835e-03
4.272129582096833786e-03
4.052169276604625919e-03
4.058264474201767058e-03
3.939604215858369569e-03
3.929681902636416972e-03
4.007976897086261078e-03
3.882895829091688022e-03
3.849457168888499679e-03
4.005776571627281922e-03
3.838024278858253105e-03
3.704330177074008270e-03
3.701048429918541056e-03
3.658797404613960916e-03
3.536431981310251844e-03
3.681061612305604452e-03
3.686235453035469761e-03
3.626221165977625525e-03
3.668045251319995183e-03
3.544441066621644570e-03
3.636589904168486577e-03
3.814675763371977186e-03
3.810553455770043178e-03
3.600871527392356629e-03
3.523441818197018804e-03
3.531123797142851888e-03
3.465642901177229309e-03
3.341157501909470130e-03
3.391935339062144682e-03
3.504099187190320638e-03
3.539422197568208289e-03
3.569258197099888560e-03
3.574799223009593463e-03
3.751825700655474043e-03
3.720709819361887796e-03
3.700221094509859639e-03
3.605635886171267707e-03
3.804625753672787221e-03
4.079417497506460620e-03
4.266495319496661255e-03
4.321266071955269690e-03
4.170393861152406866e-03
3.900856651259123307e-03
3.785780845420179484e-03
3.735757733357364992e-03
3.916418399339174211e-03
4.218078181696352513e-03
4.517764270291239545e-03
4.101138598898071592e-03
3.828104338687040361e-03
3.776443628440668415e-03
3.778363543418388707e-03
3.671950024408879645e-03
3.674431088859746956e-03
3.804292704597925494e-03
4.187852780660929718e-03
4.563160185868466584e-03
4.773358579151970420e-03
5.127407612051171522e-03
5.450328543222849459e-03
6.070725977307752860e-03
6.921959799409353915e-03
8.001232993685464256e-03
8.623999147933521583e-03
9.180961733975435621e-03
1.071060802612585836e-02
1.260950701100220679e-02
1.395184586828189174e-02
1.507447971414807575e-02
1.678884403440337666e-02
1.923890019839252785e-02
2.184479578870893862e-02
2.273195735802767403e-02
2.219225675580995330e-02
2.477566564971250482e-02
2.989594524837582007e-02
3.329209725210645343e-02
3.221180559026587398e-02
3.092619474097970528e-02
3.330261105304770097e-02
3.882201832720316714e-02
4.558869723149857472e-02
5.220881306317757403e-02
5.687501506718329464e-02
5.597844353500439074e-02
5.645109293545418766e-02
6.324846224718858045e-02
6.907521338331105987e-02
5.278693689387996962e-02
4.172558392319227621e-02
3.368526627494285164e-02
2.323797242716695716e-02
1.656951524698035624e-02
2.576914366807882620e-02
4.521737647309750918e-02
5.970491982048437007e-02
6.377753471101745009e-02
6.102151204489773828e-02
5.240044724358715322e-02
3.953179683220690854e-02
2.471758496725897508e-02
1.244351051030198434e-02
7.206486518975199415e-03
7.342237756082144531e-03
8.955336414225131131e-03
1.243159840566987820e-02
1.476291073914427071e-02
1.694075033543744266e-02
2.134467563858680542e-02
2.630773473822359959e-02
3.311136022749835983e-02
4.425167692155253935e-02
5.676930017051886462e-02
6.307229330759078767e-02
5.930785664804393703e-02
5.441210815511079990e-02
5.240738133575088831e-02
5.121652505644439662e-02
4.472309114936591501e-02
3.488073380873680379e-02
3.523451212031109003e-02
3.261616763919515660e-02
3.004156507233109175e-02
3.023665164348723899e-02
3.100783096185726409e-02
2.872945800992690937e-02
3.141032720265846817e-02
3.605201069989851653e-02
3.814318545762677981e-02
3.355587949860392577e-02
2.745849879743710031e-02
2.396689884713872065e-02
2.290458969006610793e-02
1.777109183170246312e-02
1.572959839372055010e-02
1.980877961441088533e-02
2.109811423173275566e-02
2.336846730219593882e-02
3.925011655345886363e-02
6.127056148670861208e-02
7.021022576553978545e-02
6.570545040618304411e-02
5.969039091084891308e-02
5.454413670916491430e-02
4.513965202129565507e-02
3.928668300165625432e-02
3.608789877513189637e-02
3.486960636619135939e-02
3.403438140978532617e-02
3.407150008445542638e-02
3.092070343533257978e-02
2.841638398131801635e-02
2.318358407389907797e-02
2.354117237894007980e-02
2.885191856993481879e-02
3.580783749642316161e-02
5.236480196485196470e-02
5.612993496743844124e-02
7.009313575546907704e-02
1.118795167388902390e-01
1.269756951001930756e-01
1.956263810888941856e-01
2.220889775027629909e-01
1.619210421996205851e-01
1.214521703571370126e-01
9.153316044611883862e-02
7.503137936871849545e-02
7.758176036820262078e-02
6.926961787841037776e-02
5.834849754039000969e-02
6.165142266706501867e-02
6.601593989540091578e-02
6.716139234592241603e-02
6.978248801237660337e-02
7.639042260846115595e-02
1.474302240527871066e-01
1.689930065104290335e-01
1.335651140653355551e-01
1.491305659672601813e-01
1.643544770426392798e-01
1.830419133545761190e-01
1.901883197336721731e-01
1.765414123769969146e-01
1.643571584191918511e-01
1.877471757256687634e-01
1.952249775339667259e-01
1.632747499719861273e-01
1.080476583229663251e-01
6.965532480524455616e-02
5.319414723466883016e-02
7.362451038922418478e-02
1.029818825631541035e-01
1.509793928501844684e-01
2.001789280667982118e-01
2.792464806946310940e-01
3.716126078472421490e-01
4.670457030093313477e-01
6.830218930896685414e-01
1.112815502999715989e+00
1.609049974711383335e+00
1.710444683029654245e+00
1.443417673230163567e+00
1.433302051076935868e+00
1.316052708955074868e+00
1.382168000115360673e+00
1.096946507414262584e+00
6.321077545822363364e-01
4.398271671486182477e-01
4.025112835538293687e-01
4.362819974159140024e-01
4.019803455345526411e-01
3.216207663240324699e-01
2.367298776388126191e-01
1.930244247877937469e-01
1.433259414244774932e-01
1.296130603893934641e-01
1.637023343799233477e-01
3.231712797287131789e-01
5.129046792737410598e-01
6.264567599552472998e-01
7.710418161898179301e-01
9.416865232945783593e-01
8.650721108262938719e-01
5.933530667845952067e-01
3.512838805477522253e-01
3.393764198670335408e-01
3.969538259347500375e-01
4.904932569386701302e-01
4.953663858333295922e-01
4.695213905422288558e-01
4.006096842814630965e-01
5.030766802720707531e-01
5.816240632884817074e-01
5.227425624622196176e-01
3.106990236153780449e-01
2.199605177730576122e-01
1.608940035086344478e-01
2.168643176692200414e-01
3.685836406633162809e-01
5.467959300982608850e-01
7.678754314255336055e-01
7.918869316286616389e-01
9.550187754462263756e-01
1.823696746641301436e+00
2.324675436395864381e+00
2.464985962256875052e+00
2.283085297590777163e+00
2.116703884572118000e+00
1.849103412630288767e+00
1.378038387689942468e+00
8.192702457531102489e-01
4.837302661704934170e-01
6.042342115041869910e-01
9.635151710315826845e-01
1.173308671885708199e+00
1.438154479747786763e+00
1.580839799417031122e+00
1.918484443421092367e+00
1.689680879711875416e+00
1.556530675776554684e+00
1.473832469319330762e+00
1.476949251256122420e+00
1.920185808304246011e+00
2.538070815403728364e+00
2.877124634513976265e+00
2.588432203639344120e+00
1.758046806834825615e+00
1.299917807898198108e+00
1.548454379393346514e+00
1.978274024462223668e+00
1.785131423864871225e+00
1.749595826368194995e+00
1.097316959929612201e+00
8.963098750631656175e-01
9.552478808596329696e-01
9.123195426729273638e-01
1.258668710197693663e+00
1.898725398979031143e+00
2.773642148464599444e+00
3.475900541448485370e+00
4.674382432237277563e+00
5.564099108777762481e+00
5.890972097263229124e+00
4.851918877232908933e+00
4.645141349057398727e+00
4.328533560305860561e+00
3.360122134281989581e+00
2.632297712578739013e+00
2.502088313342890391e+00
1.636392117973983540e+00
1.388873493407972726e+00
1.350318822314610534e+00
1.701138774834156875e+00
2.164160601077526724e+00
2.029829316781358806e+00
1.773671408347839540e+00
2.146097317509330082e+00
2.569204000577366642e+00
2.744262032978637578e+00
2.770329841286152561e+00
2.568015679757882364e+00
2.034747767400299168e+00
2.129678411792120585e+00
2.640625784061478853e+00
4.995862756157613660e+00
8.107248017579438581e+00
6.240987606738852556e+00
4.957370970318218717e+00
3.532992915280678936e+00
2.183265080154501714e+00
1.290917296088963218e+00
1.085965892419023415e+00
2.295369084956311312e+00
2.441518751607626658e+00
2.166103543775438123e+00
2.345899993100009961e+00
2.066648429300802725e+00
1.491875111098522000e+00
2.249100006638593552e+00
3.670987134837644827e+00
5.217901861894458371e+00
5.883559708449541681e+00
5.324661138687745598e+00
4.129938218914796622e+00
2.313750063650246158e+00
2.164435625231504012e+00
2.758653579465947026e+00
3.639989199545622167e+00
3.315367496988519402e+00
2.934490868031728095e+00
3.644152279195860267e+00
3.956856450001998038e+00
3.772376646129767863e+00
3.561574844884646929e+00
3.079809760675058961e+00
2.491125563377716290e+00
1.575993848845661516e+00
1.515584681197473582e+00
2.323045261383937188e+00
4.407174492783369146e+00
7.156658510486122005e+00
6.149779229845436568e+00
3.289831865786762233e+00
2.217121439027249341e+00
2.857311469633401657e+00
6.049374474039106886e+00
1.147413434828515832e+01
1.681287675863508468e+01
1.836247080913123142e+01
1.795423794872169765e+01
1.569100832127935341e+01
1.227290322526581789e+01
1.195092814958970706e+01
1.357037616270734226e+01
1.292235369702671299e+01
1.015221079310884811e+01
8.405525417346376926e+00
8.861028546733685118e+00
1.162094221040780440e+01
1.027656812549080279e+01
6.222252654410740824e+00
3.222592217772527690e+00
4.181147387602066168e+00
5.534462788626472118e+00
4.043301071814258130e+00
3.631535441245334450e+00
5.791795670108514926e+00
5.924154174631094172e+00
4.511988293690441409e+00
5.558183581710538945e+00
7.824016729986977836e+00
6.008676757851395323e+00
6.497226459957563982e+00
8.739948050644608557e+00
9.439020202589150088e+00
1.118024617955116362e+01
1.157627387103198124e+01
8.631491079913674369e+00
6.394424472340261900e+00
5.494393476355923234e+00
3.287590693411835296e+00
2.549518339867977268e+00
3.435247428800787706e+00
4.482543510576050494e+00
5.237973067701877206e+00
4.122073797919293625e+00
4.779162315148965057e+00
6.171378498719789718e+00
7.325241727862745300e+00
8.512625551524880763e+00
7.849191427517472341e+00
6.377889660871438160e+00
3.015154998802307862e+00
2.135357060563142451e+00
3.123366255724206120e+00
3.718161207478258845e+00
4.018876803909938289e+00
3.641695666824158018e+00
2.985526817142384548e+00
2.089510610862839624e+00
1.482862825203325130e+00
1.266322697581006240e+00
1.697729305089870078e+00
1.775478363190085007e+00
1.378020548418490199e+00
9.036891009503532635e-01
6.686085321530370607e-01
8.331020140316186540e-01
7.972922147665785220e-01
4.486989123877869745e-01
3.962235543254296055e-01
4.788852377325836795e-01
4.569949660735710961e-01
3.278376634082111329e-01
3.608727467253136090e-01
3.051053205899735277e-01
2.264756988209108979e-01
1.588761869399641646e-01
1.245993546222891324e-01
1.117124808697753657e-01
8.410741921896604245e-02
8.791882240007306559e-02
7.207089311888707772e-02
6.012196090388349790e-02
5.224733299572555806e-02
5.246641880364264626e-02
5.225676408925006983e-02
4.562638669333990427e-02
3.802347209843998099e-02
2.967906535686384156e-02
2.061765246720085806e-02
1.630897814468633411e-02
1.217485158255914024e-02
7.502041469840436613e-03
4.242183093898654542e-03
2.869721738655141817e-03
2.220014822077076306e-03
1.308712303174414246e-03
6.780936905257875383e-04
3.971721777187804995e-04
2.363661386278247481e-04
1.359418494486134101e-04
9.089933837156682103e-05
7.779965157225333732e-05
7.493741202692416668e-05
4.952442777271598770e-05
2.598436444607668758e-05
1.358062237289844561e-05
1.201765399722778752e-05
1.257497264822140994e-05
1.290196892891835845e-05
1.162648942047284824e-05
9.236920624534171041e-06
5.827751899868438769e-06
3.558403292716448178e-06
2.461699055523078143e-06
1.449760610114032362e-06
8.083685713558913577e-07
5.072310649115436298e-07
3.317285364864838472e-07
2.252784515753472970e-07
1.534576057238476685e-07
1.041420097488242548e-07
7.225702719480385505e-08
4.895236592898341245e-08
3.335456289493806943e-08
2.174412766671722540e-08
1.410889554411357077e-08
8.829227148921974843e-09
5.462190958467082817e-09
3.353895882526694751e-09
2.000179700496902202e-09
1.180132381732279976e-09
6.735971948593040695e-10
3.862553252765685375e-10
2.256389028520734063e-10
1.249573470732202967e-10
7.077048940170101589e-11
4.416099090154130177e-11
3.079669514113366413e-11
2.306912018145288872e-11
2.009713965838101853e-11
1.820961173230028793e-11
1.696276122328894036e-11
1.652924878659733086e-11
1.612163865116385522e-11
1.576712085190780934e-11
1.549418130290382690e-11
1.529511653483815256e-11
1.515500035171603803e-11
1.507090941909673521e-11
