1.399372505715012907e-06
1.302907598411209764e-05
3.140398557677402062e-04
3.687809619829812702e-03
2.150106863507309299e-02
6.284682861372339890e-02
9.488601279645716979e-02
9.861579603450476572e-02
9.578228544004419032e-02
9.037184744593500241e-02
8.430469656371684939e-02
7.821056482576803359e-02
7.798330329536720673e-02
7.627548883370502408e-02
7.320556421790780366e-02
7.038472289765801415e-02
7.016961965953612268e-02
7.011766653084780532e-02
6.996688233577377791e-02
6.920721889365585855e-02
6.853695157533171156e-02
6.679417367484200008e-02
6.706882531940898395e-02
6.741810863709934987e-02
6.816148908136138163e-02
6.865647388163589881e-02
7.005152747580649375e-02
7.073680265780429854e-02
7.021794425256014383e-02
7.005922318787670411e-02
7.120141585174076526e-02
7.081353720328924239e-02
7.130153258959538720e-02
7.180709724376972691e-02
7.240473173130569651e-02
7.198131081527953112e-02
7.318809512628951519e-02
7.397109482640422395e-02
7.513546712616223089e-02
7.645128026382355668e-02
7.754407462524949557e-02
7.777574148095310613e-02
7.974516170804561710e-02
7.749335466683904272e-02
7.555568139504516278e-02
7.536943424285240389e-02
7.682942763179691215e-02
7.849849734995198447e-02
7.876423583468154799e-02
7.922658683825280213e-02
7.791604462733547898e-02
7.650491224612676611e-02
7.716466991983060575e-02
7.771580069100585131e-02
7.799228122658657947e-02
8.086793066451684886e-02
8.210254637027708524e-02
8.017753333948510197e-02
7.551732799465001034e-02
6.983868408729469734e-02
6.693693348893228756e-02
7.140838614756567226e-02
7.865065468067915233e-02
7.997529947566950348e-02
7.448172543203665508e-02
7.071344800020927523e-02
6.718319758438458245e-02
6.248562530231187989e-02
5.672886442357497061e-02
5.593476962519346174e-02
5.871370502822493426e-02
6.054499479118601729e-02
6.293981725657327164e-02
6.676022708742891665e-02
6.675733822391205496e-02
6.352651793496318089e-02
5.924186847043156484e-02
5.601725184668694679e-02
5.617305857338126401e-02
6.060753562499133357e-02
6.537157218970099382e-02
6.723648359891164217e-02
6.509195744775853054e-02
6.025862180191567108e-02
5.540400165326656717e-02
5.713044160015497142e-02
6.750750005824618372e-02
7.741793516704519040e-02
8.185460226863687516e-02
8.014689558830091765e-02
6.891976528900309318e-02
6.047825668649087910e-02
6.386589071515627603e-02
7.826207834410918440e-02
9.348703384486688195e-02
9.897831191224595870e-02
9.369375713639918613e-02
8.853325862902661214e-02
9.108433816617915457e-02
1.016869970038680737e-01
1.165047028121011796e-01
1.274579769300953902e-01
1.331591819072029392e-01
1.326604166879976066e-01
1.234844753696228425e-01
1.118847284505598005e-01
1.041036074374399184e-01
9.562457632670787189e-02
9.158798448513344459e-02
9.762943285402275739e-02
1.052083597159193806e-01
1.172674624947498273e-01
1.323502630865135143e-01
1.379437866182937622e-01
1.439611147838747995e-01
1.432199770470407307e-01
1.379226345103101992e-01
1.234404208331479347e-01
1.088763070781923470e-01
1.172289060929421201e-01
1.506946853135699982e-01
1.915543232606862212e-01
2.351979569890689514e-01
2.702874318604490123e-01
2.816127969168827905e-01
2.745135550082088982e-01
2.662144803055689346e-01
2.509980324804399476e-01
2.293765345227964103e-01
2.209891505364981190e-01
2.354592062828805010e-01
2.448296802663359473e-01
2.509051466885032777e-01
2.489334709844066296e-01
2.384881935300520450e-01
2.159109317140196216e-01
2.036014249546541643e-01
2.123988875935895748e-01
2.421156618794433335e-01
2.617265522213292339e-01
2.957170567714327847e-01
3.020490715300696016e-01
3.031686031067579168e-01
2.999241301824538963e-01
3.088878958732739766e-01
3.182869968476108591e-01
3.477350197527018794e-01
3.738884067619624996e-01
4.018161486095969681e-01
4.023991329100151670e-01
4.112242257509364785e-01
3.979164455895196628e-01
3.841149883884339422e-01
3.860606949913595320e-01
3.971346426120482276e-01
3.991017494447854363e-01
4.066832316565514582e-01
4.410872873078914291e-01
4.546759960565304182e-01
4.703476415142810452e-01
5.439424154666316902e-01
5.827037468691678157e-01
5.569321996103677730e-01
5.110880449496648659e-01
4.912986066482753489e-01
4.880514864501397931e-01
4.919622232541699947e-01
5.029001960303332019e-01
5.207574406439957615e-01
5.346068534370223002e-01
4.940272062642284134e-01
4.942585715415764858e-01
5.261311871419623865e-01
5.257151281195919790e-01
5.441040978833494579e-01
5.919009190086361727e-01
6.389188210309959537e-01
6.902550772152780123e-01
7.623294624326951707e-01
6.960584901149532433e-01
5.647886892657898450e-01
4.746738824547591662e-01
4.949554638101859028e-01
5.638456076355513602e-01
6.206632587180017646e-01
7.138344834128435012e-01
8.180392808992894560e-01
9.472023011769107326e-01
1.024272273139402722e+00
9.630739786691961957e-01
8.336517654483907025e-01
7.144424292478434024e-01
5.734991799412487712e-01
4.982616145074251768e-01
5.410970990688509508e-01
6.218416053705847490e-01
7.944597144136842370e-01
1.070688222748221508e+00
1.356872811623840214e+00
1.344496371470323526e+00
1.160249802327610880e+00
1.106505572715693386e+00
1.211843919657369373e+00
1.283143183146159716e+00
1.440212340340476516e+00
1.596415585224624678e+00
1.759856937337722638e+00
1.760237141750688572e+00
1.641223500192554807e+00
1.827410889713887876e+00
1.550507584163213659e+00
1.334998333786759028e+00
1.240117115583980745e+00
1.109868490642869299e+00
8.928396630362978037e-01
7.141646078735616188e-01
6.140116195278340072e-01
5.995220157231421210e-01
5.723291640550225434e-01
6.214901749082183402e-01
6.929483442564240425e-01
7.693157764423258493e-01
8.907974225958051884e-01
7.687798693680710782e-01
4.564086752280815951e-01
3.363458189526676856e-01
2.838991112406312189e-01
3.070523023526934847e-01
4.121608004014374327e-01
4.719269950207355957e-01
5.044515486168700269e-01
7.491948546271491871e-01
1.377551382279461389e+00
1.694556875128696349e+00
1.877455952964399044e+00
1.920409810972849129e+00
2.258156517291657117e+00
2.714307821622505834e+00
2.758331568509058584e+00
2.967270736892091421e+00
3.490602673245427834e+00
4.128078758954654148e+00
4.533523270736188771e+00
3.848773008312277977e+00
3.512679801838340943e+00
2.629819746357259014e+00
3.010027178632554090e+00
2.352836961061672394e+00
2.035263098733644416e+00
1.957192662536834771e+00
1.336232028392599247e+00
1.237609974114126654e+00
1.719182681330995832e+00
2.760514992004540424e+00
3.530629565204677078e+00
3.737329842033345173e+00
3.540435684108330427e+00
3.439265646576744828e+00
3.370081229887686547e+00
3.042003938213639902e+00
3.882367382086522767e+00
4.709343190695908454e+00
5.670717754194235738e+00
4.598926191545602116e+00
3.966365960137674396e+00
3.609905752113764521e+00
2.786272352529600038e+00
2.357087978149443153e+00
2.272586619716483014e+00
2.713794372333517391e+00
3.935966868065949864e+00
3.040828815689348819e+00
2.294794231486094738e+00
2.041256537336417320e+00
1.855703237042826803e+00
3.270737246360999162e+00
6.143509064123756858e+00
8.085577801043530854e+00
1.101443121481121246e+01
1.178983421449282787e+01
9.454882190158985011e+00
6.989268832058002090e+00
5.405957717357753545e+00
3.649497077547445123e+00
3.729165697435714133e+00
3.341703678680633338e+00
1.701339970421717807e+00
1.359927160937441926e+00
1.662045948812467699e+00
2.005081495611169107e+00
2.044453348553552985e+00
2.286556510689636834e+00
2.084025592972957419e+00
2.747356053287603572e+00
2.593404543561156572e+00
3.491634718152170525e+00
5.467738268787351252e+00
8.466424253025939706e+00
1.076815307526213772e+01
1.337525736020944223e+01
1.323664492943734494e+01
1.546918088238840205e+01
1.580340005023598948e+01
1.697194278357450870e+01
1.702874232445625680e+01
1.238845624625355057e+01
1.073384863944577461e+01
9.147434668152698123e+00
6.684772520847554134e+00
4.440007741103874750e+00
3.670381278657438795e+00
4.256659647471281893e+00
4.857494570664957045e+00
8.308957794538070374e+00
1.101431109774690142e+01
1.759982433332069718e+01
1.747121336969095751e+01
1.695282946282260994e+01
1.630827919575373386e+01
1.711857431881087521e+01
1.641416411105115003e+01
1.724483659300235416e+01
1.149803406657340155e+01
6.583858844579717484e+00
6.171556970428627942e+00
4.927654597548531967e+00
4.240492401418483936e+00
3.376311933712984104e+00
2.966442489944376426e+00
4.187494310703065992e+00
8.524827172910681483e+00
6.915755934000004324e+00
7.741714661336107639e+00
1.270334320527565453e+01
1.723499768862146198e+01
2.089553557935350625e+01
2.690985365602602641e+01
2.789690490241616772e+01
3.080203747663165359e+01
2.921542719311024783e+01
2.378466024826653324e+01
1.263939365868425391e+01
1.178321286307744664e+01
1.696588850883848920e+01
2.546292089491510424e+01
4.446356224995771100e+01
7.164330497312944601e+01
9.228028295542169701e+01
9.943857990033394856e+01
1.071330450086152126e+02
1.174333675931195131e+02
1.086473772988126143e+02
1.098280577005924528e+02
1.091443835869760335e+02
1.068550463868054976e+02
9.080374771876407181e+01
7.787794092644915622e+01
7.552714552172321305e+01
8.317963201080172553e+01
8.040803404076814331e+01
7.752994621669536457e+01
6.916142992257024957e+01
7.862687812957692302e+01
8.960621684487080074e+01
9.497592907836242659e+01
9.725445874940326974e+01
8.821661670388292009e+01
8.499287542509281934e+01
7.951841040420571005e+01
6.899377103189898719e+01
5.704368036413231380e+01
6.256622095001677053e+01
8.117276698429510873e+01
8.953854741011113560e+01
1.043601728140946818e+02
1.145035556896047808e+02
1.252748739813096961e+02
1.342044271371752018e+02
1.593317559950837108e+02
1.537571501616750425e+02
1.276184550551876242e+02
8.372662685120087644e+01
6.384113033710081453e+01
6.008976239947774900e+01
7.803139239334413446e+01
9.185045450061224415e+01
1.094473194812848220e+02
8.354390505123248545e+01
6.931236306588628793e+01
6.521474569497806328e+01
6.942307149328894411e+01
6.190172202708650673e+01
5.034019028252543393e+01
4.341174291697063126e+01
5.252819609060823325e+01
4.784901957621526236e+01
3.441887095550487885e+01
2.014523998287878115e+01
1.973344570655266494e+01
2.449187370468554192e+01
2.566032326459392721e+01
2.279515947873929349e+01
1.648546764484782656e+01
1.450464046678626140e+01
1.560423752492063976e+01
2.060300768358220225e+01
3.023750822811670957e+01
4.903102992131612581e+01
5.929911575321652606e+01
6.732207833723539636e+01
5.405206303133452650e+01
4.229335273884051105e+01
2.899316523768355935e+01
2.293277526840513758e+01
2.125280855789070955e+01
1.819716170505510533e+01
1.218948644718722463e+01
1.767489775757572446e+01
3.028669278275271282e+01
3.601821436117265307e+01
3.148062440760453384e+01
3.312311843247527321e+01
4.012454291973759979e+01
4.036637150025412524e+01
3.658394503572340284e+01
2.468573116943126777e+01
1.865747036455443464e+01
1.155014678193198385e+01
9.587085032981974564e+00
9.253098056850021180e+00
8.005517546847036314e+00
5.421827899265918127e+00
2.876223677935847434e+00
2.025066948988990312e+00
1.677458027521105732e+00
1.663037987457947287e+00
2.372425381098443253e+00
3.326145185193726928e+00
3.834498011461216382e+00
4.271705579258826546e+00
4.461095081021507980e+00
4.174442185149471740e+00
3.476792364006251912e+00
2.724802983236349618e+00
2.358832201436795728e+00
1.915216698314019972e+00
1.298306242553275425e+00
8.186134860865190710e-01
5.293434768906685184e-01
3.506216819789285677e-01
1.943191450601483017e-01
1.077559183931264403e-01
8.242003558870790447e-02
6.344031549222343969e-02
4.191110614964217024e-02
3.029802040424487905e-02
2.599961079108068299e-02
2.170745804291072598e-02
2.354617059781723143e-02
2.340879357129489399e-02
1.881790029772910725e-02
1.348729106648144209e-02
9.791787979626789123e-03
7.746832338453967480e-03
5.876672550701972191e-03
4.042231544519269380e-03
2.455374744154507297e-03
1.461438482317083858e-03
8.715514159753482738e-04
5.000715050029087838e-04
2.829244586482270265e-04
1.484189198860570442e-04
8.993399187811685269e-05
6.454079469281421492e-05
3.998920095927653562e-05
2.163435596129090980e-05
1.155865075639237495e-05
5.077622506839518494e-06
2.103693817496969254e-06
1.429217785743905039e-06
1.179228785275660088e-06
7.829921165549612152e-07
4.610215594638854010e-07
2.865148554954454776e-07
2.022099540329024132e-07
1.330236521737342351e-07
7.760274808253814206e-08
4.401307799888197292e-08
2.658930688548173712e-08
1.440735962720669335e-08
7.947632928948841428e-09
4.659611020279106244e-09
2.529643219879854328e-09
1.541424189940305156e-09
9.336775062126864584e-10
6.551652794483031924e-10
5.288409193091637430e-10
3.899844463137944563e-10
3.500162001415452082e-10
3.017358265179926399e-10
2.769525618119930426e-10
2.550979496914519080e-10
2.429220664342992027e-10
2.317893628898091339e-10
2.222141054234756434e-10
2.154481222543900962e-10
2.087906916584476084e-10
2.036314660470233100e-10
1.994440326496236440e-10
1.962034342305745117e-10
1.939277475905513757e-10
1.925713291770972739e-10
