9.221099966160850485e-07
1.179334368719899090e-05
2.927396414753765373e-04
3.061836443775951822e-03
1.533863817165181422e-02
3.836848705359584971e-02
4.703957123873217516e-02
3.763581602781785468e-02
2.803552321381872284e-02
2.089529235375477828e-02
1.482114009174841270e-02
1.090912264504117699e-02
8.507716639460679089e-03
6.469555741545537746e-03
5.444658451057612925e-03
4.465589595582418296e-03
3.675669233034030772e-03
3.270259959189323207e-03
2.840343510416899666e-03
2.521872281789985532e-03
2.278952920414251647e-03
2.192506388797959421e-03
2.027968488169810349e-03
1.888586035344084037e-03
1.800432348538859697e-03
1.670470082378143224e-03
1.629095396279841949e-03
1.599436993687990268e-03
1.507688731743552770e-03
1.550001271978616564e-03
1.518525111961821494e-03
1.474255857274911269e-03
1.414913057196154778e-03
1.362967007861521414e-03
1.436426158192256582e-03
1.406689400993052378e-03
1.409615249591014436e-03
1.459877099598887130e-03
1.488800737818469925e-03
1.438871293263932439e-03
1.386179512854124373e-03
1.393741289706963921e-03
1.489199432548611590e-03
1.555541647083975723e-03
1.361045723911301526e-03
1.280230340781964102e-03
1.302821106299297503e-03
1.287553446622260317e-03
1.274664184238643227e-03
1.204442333819984688e-03
1.220990661887118170e-03
1.256149039211136098e-03
1.266090781252490532e-03
1.328268000547343708e-03
1.463717615546154859e-03
1.534085956097076646e-03
1.387470775947860458e-03
1.345681568441301889e-03
1.543299080342312810e-03
1.791377640299820573e-03
2.091379243073862235e-03
2.249454604301489614e-03
2.029956107674476835e-03
1.642286872203881348e-03
1.466996401419990489e-03
1.616201747029983931e-03
2.108350652797638149e-03
2.669646636618736805e-03
2.851538966967688028e-03
2.433878317809520884e-03
1.836231825526210126e-03
1.595330244917908492e-03
1.628985042366557423e-03
1.451537950594329303e-03
1.413520368102043779e-03
1.679708137656439225e-03
2.495407445716571557e-03
3.362919399749494161e-03
3.949632370195497316e-03
4.674798571082632546e-03
5.709705069673339829e-03
7.058004776133376852e-03
9.219058622154687604e-03
1.160913045217438350e-02
1.266354405212853466e-02
1.442358079535495559e-02
1.782399551947550995e-02
2.066833228631857408e-02
2.348218515733647288e-02
2.515635741310483231e-02
2.847147352624327180e-02
3.365470312109997142e-02
3.912340131451164105e-02
4.097370732308612540e-02
4.021761728309208861e-02
4.440689987000459582e-02
5.389799501743274684e-02
6.121086533585626960e-02
6.215950836788454448e-02
6.400091167718657825e-02
7.451249035713738977e-02
8.947079192985779583e-02
1.048853561046730470e-01
1.180970481690102880e-01
1.231010167140729195e-01
1.181329253767529897e-01
1.164699753798906917e-01
1.268554336342772038e-01
1.352761284213136184e-01
1.029402121036667589e-01
8.056860928827752621e-02
6.525163627378575970e-02
4.364315141503891105e-02
3.007780996732960579e-02
4.757888179280638646e-02
8.972670084230664755e-02
1.238396889691965735e-01
1.362958190913723111e-01
1.292887058337301165e-01
1.095897385150659681e-01
8.078645830222407065e-02
4.861573864046592197e-02
2.169909539789776493e-02
1.103318223324932512e-02
1.053894061139444907e-02
1.275348434260109055e-02
1.824484248898458269e-02
2.199598115560645259e-02
2.719539571162785108e-02
3.873043630287576616e-02
4.845541406736254136e-02
6.429203664263191675e-02
9.201735434134480918e-02
1.227256572330574919e-01
1.356751963481424017e-01
1.246301891918248639e-01
1.126125411152089223e-01
1.073138127472895442e-01
1.038476083573837694e-01
9.230561064354723955e-02
6.815093579638500931e-02
6.534995958478281852e-02
5.912024689901845820e-02
5.353397746293137027e-02
5.451877176011021148e-02
5.651756262587622620e-02
5.239642753851518620e-02
6.062118979535630059e-02
7.239134589003350106e-02
7.700812556148181609e-02
6.782163011054657964e-02
5.349939380185008558e-02
4.506948792066817894e-02
4.193251479483466743e-02
3.093267731732468606e-02
2.409963171822791447e-02
3.162378137296791708e-02
3.532738840672495356e-02
3.704558238386424646e-02
6.921396933365234205e-02
1.149997145768209827e-01
1.365749383552950780e-01
1.295254681085822035e-01
1.184440387366671316e-01
1.109397583064823667e-01
8.599470726046028191e-02
7.020518400612185683e-02
6.770966698351443824e-02
6.732785103884138256e-02
6.397083862911802365e-02
5.882187672140089252e-02
5.410950442020066864e-02
5.652409844638099645e-02
4.560783457241796707e-02
4.856157292900595973e-02
5.654656816325561580e-02
6.646467402163576399e-02
9.485859504751012472e-02
1.080842731485956582e-01
1.550045744979170748e-01
2.707386598804107369e-01
3.214181299706578288e-01
4.734039539509387051e-01
5.235897306218691982e-01
3.852058007832752096e-01
2.819284000871515872e-01
1.996916119343255525e-01
1.580603955115446879e-01
1.725479736806040110e-01
1.556884639508488988e-01
1.226489675389399736e-01
1.274784995717816727e-01
1.302062259639820141e-01
1.328763726330092765e-01
1.360538645759315490e-01
1.532462758725245955e-01
3.054059895325962892e-01
3.660019032947781636e-01
3.004647718612680762e-01
3.088149430609407053e-01
3.410939789182563242e-01
3.939392862933678296e-01
4.226345146911675288e-01
3.930223064341127337e-01
3.660734064146832223e-01
4.243275435001213070e-01
4.330126739397270330e-01
3.584557763300355582e-01
2.262527068585562795e-01
1.366337862928443392e-01
1.131021672791281268e-01
1.626874541922268824e-01
2.181963339651877276e-01
3.381668856551786062e-01
4.347544604083112274e-01
5.654926113641153274e-01
7.598539253553043826e-01
9.612268960602626811e-01
1.458252617656114802e+00
2.402752162640819034e+00
3.412287310900722570e+00
3.556017371426868134e+00
2.992283047063287960e+00
2.900994720901930002e+00
2.748731433122518997e+00
2.875379664837366622e+00
2.242802525153938298e+00
1.278630808508973704e+00
8.552010120612364430e-01
7.997841192334049776e-01
8.939835434692089411e-01
7.840380502803911966e-01
6.244031845444349971e-01
4.850810318264916488e-01
4.019189473972700766e-01
2.615222976114286446e-01
2.310932733959448482e-01
3.051898170907332841e-01
6.037486649872590982e-01
1.009281846747641875e+00
1.231890613793729550e+00
1.577184731287322172e+00
2.007781923627507403e+00
1.842103966383871194e+00
1.232410153017821974e+00
6.909462667544621350e-01
6.130522671439710969e-01
7.459160088242242637e-01
9.307318526823955551e-01
9.938249734418475034e-01
1.026111412364203002e+00
9.271525632706415498e-01
1.045183299310780356e+00
1.156024335094347766e+00
9.732639001892153807e-01
5.742033811133931964e-01
4.687075863274380860e-01
3.434997870000102704e-01
4.157942782321930597e-01
7.012445441212146191e-01
1.048442817841069852e+00
1.550788702610424341e+00
1.581257096353516411e+00
1.846881107454143800e+00
3.419399279632482358e+00
4.490167361420136061e+00
4.939540839763965963e+00
4.726328975884786843e+00
4.447187475863119133e+00
3.753495394769879034e+00
2.758898177216817071e+00
1.631804080300239379e+00
9.109337698527902871e-01
9.449766816118336799e-01
1.464869651208824397e+00
2.120226014097840395e+00
2.770118828906852571e+00
2.786592818399277860e+00
3.208761491684242184e+00
2.820541797838033826e+00
2.500099535336855805e+00
2.407807431242786844e+00
2.607796572442555583e+00
3.515274856246406454e+00
4.726243229053530115e+00
5.376576395497884242e+00
4.833151809999289839e+00
3.366583545806921318e+00
2.476134396961291007e+00
2.945990032501423883e+00
3.945923523235003838e+00
3.532025916529568654e+00
3.431934087255026355e+00
2.012334823441264575e+00
1.551208195708343895e+00
1.541082119869560563e+00
1.400276955674874202e+00
1.788246293959733890e+00
2.827503568450490334e+00
4.391747416855579011e+00
5.406514850718393994e+00
7.257540760266348201e+00
8.736788604866887908e+00
9.574385026826361056e+00
7.854731283532868424e+00
6.733396479170570714e+00
6.719030010300385491e+00
5.565655061911063406e+00
3.930874484674130365e+00
3.283880183807721842e+00
2.048165720953589286e+00
1.663260679710724554e+00
1.686014610386092460e+00
2.290167528717054868e+00
3.109759758441165367e+00
2.827712378223336653e+00
2.392101713972722532e+00
3.271579278244656219e+00
4.091690490399537694e+00
4.470487930312829761e+00
4.473864638831879681e+00
4.155345673958995789e+00
3.138816958763930742e+00
2.996144813316777178e+00
3.688358313041676162e+00
6.399937744999586009e+00
1.013025870490244351e+01
8.325772175546147125e+00
7.008323115741568188e+00
5.118338201315653535e+00
3.145940827560783415e+00
1.986260326794185627e+00
1.719808710879412894e+00
2.833616885337671754e+00
2.823589697549465871e+00
2.700753544040748189e+00
2.844440234286351288e+00
2.216550333101418691e+00
1.815074659093251830e+00
2.601664956683360064e+00
4.650770647280719317e+00
6.334294460163216733e+00
7.180830315771290273e+00
6.941870568107875172e+00
5.560786985014711803e+00
2.971285968331443872e+00
2.936867579517496551e+00
3.535663438752461030e+00
4.364735775665285367e+00
4.060457402309764596e+00
3.622463883057360778e+00
3.639410394848608732e+00
4.099090418100286293e+00
4.247342989119418100e+00
3.729117752379613293e+00
3.113988034324993048e+00
2.420206910560966485e+00
1.526795014387624105e+00
1.358979091323564869e+00
2.194475712819341950e+00
4.459774926641248527e+00
7.378710417673625344e+00
6.593711096051584342e+00
3.526520885495954438e+00
2.187412320973116664e+00
3.050666160498086921e+00
6.241258230732156242e+00
1.159605667765001336e+01
1.773373637191958707e+01
1.920488575043989243e+01
1.858615296493324820e+01
1.550159058090179087e+01
1.166551362974891681e+01
1.167811127298461393e+01
1.289386314173706971e+01
1.292798151962514375e+01
1.121949801376108624e+01
8.680898903512257903e+00
8.449549170409449417e+00
1.114522078582235665e+01
9.695569956184597160e+00
5.636860262400007926e+00
3.169194106662952315e+00
4.319048526535394394e+00
5.180006556332767964e+00
3.531335279133354987e+00
2.872369978939132373e+00
4.535637754798705679e+00
4.235719737770255122e+00
2.893811824091152118e+00
4.178070960949287205e+00
5.754039234586757701e+00
4.179594050524525706e+00
5.316190535011668494e+00
7.643737441800874777e+00
7.491077753180085175e+00
8.413787856578416324e+00
8.092190332234791228e+00
6.038375613061138125e+00
4.787679833150049191e+00
3.990909191206915896e+00
2.250180075440249894e+00
1.629223166912723286e+00
2.314639892321293413e+00
3.304221226322316962e+00
3.704643402093572568e+00
3.168235609528196939e+00
3.885280184244181978e+00
4.202482814628975660e+00
4.586260982545369735e+00
5.297352515331902545e+00
4.926270198563176272e+00
3.838914292163007946e+00
1.680596755167128364e+00
1.317695233996908577e+00
2.430708965202488692e+00
2.994168477697561226e+00
3.248040753005765335e+00
2.632597768884737288e+00
1.756072886908633723e+00
1.161558060056446129e+00
8.348725043630077502e-01
8.249402721256021698e-01
1.151781972460199199e+00
1.091463440260597606e+00
7.957118914670282539e-01
5.350645726476501718e-01
3.410065303534807191e-01
3.402429869710995591e-01
2.516723507906508672e-01
1.694617305148936881e-01
2.140525123275892061e-01
2.865794420673582477e-01
2.442397036020108048e-01
1.508610771964939146e-01
1.788583489122213543e-01
1.482249294946190177e-01
1.022693876992863543e-01
6.705286408549650246e-02
5.253435836880426812e-02
5.017093867421031084e-02
4.062418138510021787e-02
4.094872945582297280e-02
3.470699301528646502e-02
2.855949045990855556e-02
2.328549721030305497e-02
2.190635480173480296e-02
2.231315113242664586e-02
1.966197857965594140e-02
1.512287229747586587e-02
1.176290555459792025e-02
8.721686091214594233e-03
6.102073653427006472e-03
3.934781106486721393e-03
2.200489059146470625e-03
1.314728416514129427e-03
1.105764391831341644e-03
8.694499716201079410e-04
4.470813364248538472e-04
2.310372115309854266e-04
1.370236610322663926e-04
9.886275610908733138e-05
5.850045141335672610e-05
3.485226005579135204e-05
2.673151828970371873e-05
2.345402591800377568e-05
1.642995384863580973e-05
8.900012723400132445e-06
5.086817534526144275e-06
3.979070576094829295e-06
4.240409198139516279e-06
4.490292545663260232e-06
3.731619867480128926e-06
2.757853406195323319e-06
1.686110053197667614e-06
1.037745027551830952e-06
6.583750917791302104e-07
3.450685867316305959e-07
1.860233566460252181e-07
1.242371293580190893e-07
8.757890051849560230e-08
5.961956478847085662e-08
4.069406770839237966e-08
2.851788468458905837e-08
1.988053224195639822e-08
1.360860202195544487e-08
9.118718097131559254e-09
6.069451586392559278e-09
3.918685404347403241e-09
2.512722701380652968e-09
1.596995445475594361e-09
1.003266844077202786e-09
6.179052733284342791e-10
3.725535269168749619e-10
2.219481043549472956e-10
1.334697423227923952e-10
7.867968137131926702e-11
4.977101717163473492e-11
3.057115251062004312e-11
2.217474845704470198e-11
1.709967616700269415e-11
1.450788604686434534e-11
1.319829709287701643e-11
1.234188749552977239e-11
1.193907661456950665e-11
1.155016736850426248e-11
1.131404772981196705e-11
1.107501514921235303e-11
1.091554804209340215e-11
1.077949819512608546e-11
1.068701695400123993e-11
1.063151056722617289e-11
