9.485086168615047402e-07
1.102279694012067177e-05
2.802773989834452407e-04
3.099726523375694476e-03
1.544172684110728389e-02
3.839125212996695458e-02
4.792985244867904726e-02
4.126064111438063758e-02
3.050029693138691864e-02
2.155300235572007311e-02
1.668006993029202967e-02
1.285095516322925548e-02
1.028915958452472981e-02
7.917184267697986028e-03
6.743170949818100626e-03
5.985367533361021265e-03
5.348215190225554840e-03
4.859921708160699037e-03
4.415104397297127913e-03
4.178492187193240739e-03
3.949818438951741180e-03
3.933039418591332756e-03
3.549332716433579657e-03
3.465673009277580718e-03
3.384037686492118256e-03
3.373858692061428976e-03
3.406907471062751557e-03
3.440482274544710665e-03
3.399722059049707385e-03
3.340126700928858477e-03
3.553572017697919153e-03
3.637026527532115881e-03
3.486019161269228797e-03
3.378471312418918505e-03
3.270349662761704111e-03
3.521178571192094733e-03
3.411007448965502117e-03
3.401645086358318082e-03
3.603161721011985050e-03
3.664184603662986803e-03
3.764068590027579066e-03
4.027821838342512603e-03
4.339532266141382481e-03
3.877091823505991741e-03
3.896888794253051611e-03
3.675026768800654289e-03
3.748617506015603212e-03
4.797038878869496273e-03
6.538027621730845701e-03
9.451419970527230596e-03
1.513978011953288384e-02
2.273808313958453411e-02
2.838747497345930904e-02
2.621522622187855145e-02
2.609322608185154005e-02
2.714072632567017182e-02
2.256165614982151221e-02
1.907520177428381411e-02
1.728125901687527916e-02
1.776283504586180853e-02
2.752227425092565807e-02
2.921761591769463789e-02
1.807882464880010767e-02
9.887754908315988731e-03
9.126855080694067437e-03
1.389224907100834738e-02
2.318054370643297946e-02
2.883471931460547880e-02
1.818175162127441680e-02
1.876909638309041603e-02
3.020222535685028464e-02
6.784576598859633212e-02
1.253391126504261321e-01
2.681154073972488727e-01
3.918327093607404388e-01
3.326279715842643259e-01
2.017863428023281280e-01
1.260076165212163646e-01
1.979838168205121929e-01
4.238625280914700144e-01
6.490403633348095225e-01
7.720493614856283049e-01
7.934910422765681925e-01
7.615204613460480054e-01
6.350951678521261634e-01
4.802085158600903347e-01
5.784670818621988619e-01
6.826665867944868848e-01
5.857565256428518552e-01
5.062788806572411371e-01
4.048163837611610805e-01
3.208234462534281239e-01
1.958820231773061860e-01
1.095437869990063817e-01
4.892767390266608007e-01
1.355100953970273858e+00
2.218621388887096479e+00
2.834307345463727312e+00
2.587177324110500720e+00
1.776933818644080398e+00
2.276359091199608997e+00
4.607912845296581850e+00
7.452921958644219025e+00
9.968908779979662071e+00
1.188285216732121441e+01
1.224829452543601072e+01
1.172865036864018506e+01
9.641695933957306508e+00
8.168596309915804099e+00
7.151163036948935847e+00
6.594163205495569002e+00
6.490720200665478501e+00
4.929700708797030373e+00
2.754607090334643349e+00
2.563435037536369254e+00
4.231415596922410316e+00
8.930554300568514847e+00
1.614486088834975419e+01
2.419524298013516628e+01
3.060070711096308571e+01
3.678731902088606631e+01
4.323447740293784847e+01
4.479853183531330529e+01
4.199413084380054073e+01
3.694925837012375780e+01
3.259887507499797010e+01
3.188669585640369064e+01
4.154775456733727168e+01
5.232025209441005842e+01
5.617891461673091413e+01
5.711186917616844028e+01
5.640776981209865681e+01
5.627508185095108217e+01
5.570537114048534022e+01
5.478170082090310444e+01
4.957033292397858304e+01
4.516961417642627907e+01
4.066152196307411515e+01
3.666920888410644608e+01
3.132873341081954166e+01
2.849569075645415950e+01
2.682468035094274583e+01
2.521738971158045217e+01
2.306602321549864953e+01
2.091374530660756648e+01
1.888765947795672417e+01
1.719490741928104072e+01
1.591911827662218393e+01
1.451665534825160364e+01
1.327548695334582085e+01
1.120745023985774402e+01
9.430164689666366229e+00
7.804743201660873098e+00
5.461408492382025415e+00
3.636766261764812214e+00
3.894095926384514961e+00
3.034226864368252841e+00
2.150949800474901696e+00
1.912116324014440982e+00
2.233552487202825620e+00
2.133452451041529141e+00
1.550871719988887065e+00
8.368365520285988568e-01
6.608914822419603707e-01
9.218028116150875917e-01
1.194617175550263921e+00
1.032886724334309836e+00
1.079885361233589913e+00
1.420775890529577090e+00
1.114988459839038715e+00
1.080298829417396078e+00
1.152234034351004244e+00
1.172783250140398748e+00
1.126207304332969006e+00
1.043284533991416074e+00
9.141207522156002963e-01
9.651662583766235093e-01
1.018398259513729753e+00
1.174877849315333789e+00
1.745385008157803952e+00
2.505079217816971404e+00
2.766943002867899182e+00
2.895812223470416225e+00
2.826148021714102843e+00
2.061315620261249482e+00
1.212747202785800171e+00
8.223342049502411211e-01
7.098367923920906319e-01
7.756106301571891182e-01
9.083960516462749046e-01
1.146172486396329848e+00
1.181612248019726641e+00
1.195884689252435740e+00
1.422999985830400771e+00
1.539889128719701850e+00
1.437301798625277849e+00
1.102397543679377367e+00
9.632513217300558983e-01
1.244593992456833886e+00
1.701236703994912558e+00
2.228058433313144793e+00
2.516525298267456634e+00
2.523805699922581969e+00
2.027932505515121164e+00
1.431208251812309706e+00
9.717875957686650246e-01
7.661378357647194992e-01
6.776139945064287851e-01
3.646569237046762280e-01
2.990321244214890206e-01
4.322614613951439866e-01
5.840878756580751840e-01
6.625598593885292376e-01
7.130731238241992953e-01
7.140836867735942395e-01
6.358351468131278050e-01
4.802602270127558359e-01
2.553331009898471837e-01
1.572308575558636901e-01
1.513588434443078889e-01
1.436180278750760209e-01
8.192387326688005400e-02
1.325999181336829646e-01
2.407640391292412141e-01
2.474040272495408310e-01
1.685661890461209178e-01
8.800505833355361240e-02
5.137708913949739359e-02
5.254109970761874915e-02
5.471153934403188285e-02
5.230057924957950966e-02
3.851107692694616391e-02
2.255096775754033417e-02
1.482365171889262097e-02
2.121131107416041744e-02
2.917065211392740054e-02
2.950067706046218680e-02
2.309556295366042497e-02
1.281205296157998316e-02
6.957435543637379566e-03
4.043556573488652633e-03
2.795663281226719310e-03
2.209264343898171071e-03
1.875436646301932618e-03
1.752042648611110880e-03
1.555683031139021028e-03
1.481156908915390400e-03
1.522273233017659407e-03
1.602383425464073237e-03
1.530055658846205240e-03
1.553745956987990845e-03
2.796664707277749743e-03
7.969459913439882678e-03
1.777890845905841580e-02
2.913212738311410713e-02
3.111806618523622892e-02
2.690118198505410396e-02
1.983077492622062343e-02
1.304533390930399071e-02
9.745351490533708458e-03
9.692723733029224437e-03
2.327604242915123911e-02
5.438800466451989418e-02
8.261522620124757410e-02
1.053768670602336643e-01
1.467876688271717855e-01
1.834663870206882930e-01
1.820843728421699947e-01
1.222143982628486197e-01
8.089950249227884083e-02
5.821143977754169446e-02
5.521278828198105532e-02
4.995181399929665006e-02
4.170678822578874345e-02
4.147800858688511366e-02
3.964324081779586201e-02
3.114228266806481210e-02
4.510005011900754951e-02
5.478043091170634732e-02
5.628293658310801889e-02
5.727528110505353265e-02
4.849325782113689254e-02
4.389120870287539083e-02
4.065100771407130498e-02
4.148799205436375093e-02
6.431501014639849634e-02
1.012107266781518689e-01
1.080968125176197392e-01
7.758212295548724824e-02
6.230176035636514342e-02
4.014919235983201856e-02
2.845075965599575679e-02
2.935167822057103970e-02
3.529778642818048873e-02
3.273983912671404872e-02
2.994769170060718536e-02
2.657028463855272762e-02
1.731924299767011177e-02
9.168981470324114383e-03
4.689098954415175415e-03
4.485510885450803668e-03
6.572875879688844930e-03
9.772968782960741313e-03
1.311387496779788803e-02
1.511179710733244301e-02
1.554117248611407848e-02
8.851551516277988280e-03
3.771240561071960949e-03
2.934520638071438058e-03
5.569465834466240904e-03
7.751069289449239071e-03
8.919483014245541130e-03
8.700290491799130346e-03
6.372591147570382496e-03
3.905524876270216605e-03
2.882291538616954356e-03
2.765313981421258643e-03
2.365971534164036921e-03
2.191847710425551526e-03
2.009559381056102208e-03
1.635022596196892501e-03
1.087149978008717342e-03
9.259032308683530282e-04
9.512369801385955545e-04
8.842568476838525132e-04
9.164810668062551039e-04
8.478967549151625012e-04
7.840587669247720817e-04
8.443171868168198538e-04
8.534403489274506411e-04
9.086809859280498480e-04
1.011703915671704557e-03
1.125473787546453497e-03
1.014740950016201643e-03
1.065840160068046898e-03
1.139171207673072336e-03
1.204029544454124053e-03
1.438532480038915481e-03
1.704331821141586703e-03
1.929526221255139845e-03
2.079955577560755383e-03
2.713895186223079081e-03
4.189469417207086939e-03
7.041099413692651632e-03
9.901619863767264704e-03
1.098250297038147992e-02
1.244288571558261995e-02
1.377086433716544905e-02
1.435555192051979519e-02
1.485072649158674860e-02
1.654182206884727280e-02
2.103294367131065129e-02
2.014560221835470094e-02
1.475637801905798317e-02
1.215133486957316496e-02
9.046791236699975799e-03
7.340861997634545895e-03
5.770568581650863983e-03
4.191021282454841269e-03
2.607592388512092445e-03
1.762426062500096341e-03
1.654853339455023952e-03
1.854030698547755231e-03
1.544768725734269087e-03
1.308592185340404614e-03
1.183188956751316358e-03
1.137959764297084841e-03
1.236623229305079327e-03
1.346078038873795143e-03
1.538174311252710246e-03
1.717999566854519706e-03
1.955251756082271742e-03
2.061360541096828730e-03
1.842579338083563537e-03
1.597983649434927145e-03
1.593092527831255645e-03
1.580254727777253730e-03
1.498223664754729694e-03
1.491211957172037042e-03
1.561997408214292529e-03
1.786962924390978922e-03
1.899266581221499247e-03
1.982476525515759758e-03
2.527775794001662062e-03
3.997203011141950597e-03
6.073137014046120323e-03
7.767976074391484513e-03
1.046628163915831917e-02
1.417456425676221453e-02
1.858110705446964356e-02
2.154326423392313727e-02
2.107576415871583245e-02
1.986866201839771612e-02
1.735023117112478169e-02
1.421712948692446972e-02
1.080251049003919626e-02
9.878745673497292198e-03
9.505865255612429288e-03
1.054531639399704929e-02
1.120297421022528085e-02
1.139641793633541615e-02
1.228821758024135902e-02
1.117460758865924768e-02
6.470344280309815559e-03
3.708160158004307396e-03
2.775643843847719512e-03
3.675501310604872406e-03
4.241927326146180746e-03
4.419904049136932044e-03
4.292241199155265655e-03
4.780433080566569640e-03
5.484987077945794112e-03
6.182120121565399390e-03
5.131760775869301065e-03
5.462527984449637268e-03
4.871242371883422947e-03
4.073735702520017189e-03
4.227146515564104631e-03
2.758388500899280459e-03
1.767298028398786190e-03
1.399201125103552174e-03
1.632082018279824029e-03
2.242521100540206726e-03
2.899765905441325110e-03
3.497375931959744669e-03
3.580445481242803662e-03
3.167830539189102172e-03
2.411021296723070331e-03
1.722332389301111343e-03
1.172778857787121470e-03
7.238191864738493858e-04
6.739305774887804218e-04
7.105023950918428225e-04
8.179061764340719680e-04
8.039161417720586166e-04
6.413190469853146227e-04
4.359207543723141415e-04
2.520143738931996075e-04
1.550014093129951074e-04
8.718754701093350151e-05
6.837764933806127936e-05
8.245208637236373171e-05
7.649995408925287495e-05
5.484771204979732400e-05
3.635833016464271614e-05
2.340659792891235165e-05
1.606946076569049949e-05
1.550550741053518720e-05
1.638746474400996304e-05
1.615860138633880589e-05
1.563539385012223932e-05
1.086698789189938012e-05
6.228086830782680051e-06
2.884690175657805077e-06
1.647619225631450860e-06
1.370576396058431281e-06
1.400091780430172019e-06
1.642164663334971206e-06
1.790270380313571125e-06
1.825983785078087030e-06
1.516257651720310256e-06
1.093890285157631175e-06
7.046117261189744284e-07
4.043933678118848598e-07
2.341802878240710276e-07
1.488182105776349360e-07
9.985667056945565738e-08
7.575887393624809484e-08
5.760155816562560638e-08
4.124784586567514986e-08
3.117293836731922310e-08
2.362555298371499655e-08
1.794214851045361954e-08
1.323304726140958288e-08
9.596219847604647209e-09
7.000143127847634964e-09
5.248964094160189767e-09
3.873741515845612401e-09
2.873902086314738913e-09
2.112607859217787187e-09
1.555016769054407404e-09
1.129508195098975143e-09
8.076756481456374686e-10
5.696143878613208805e-10
4.018012986964694911e-10
2.771022490146064110e-10
1.897472823098638337e-10
1.281572797141864351e-10
8.485442405171104506e-11
5.541613292020682817e-11
3.549941233421163458e-11
2.219384482626595008e-11
1.368536240378162412e-11
8.234374112866345421e-12
4.797379998754912537e-12
2.742216264377295554e-12
1.523928057591708399e-12
8.152172031254336184e-13
4.235601966757632977e-13
2.202587374380003955e-13
1.160551909786228549e-13
6.273983447687783773e-14
4.041215831449513083e-14
3.097307310328088991e-14
2.574530525869754993e-14
2.434735932528510991e-14
2.359202737172733379e-14
2.299213564212436348e-14
2.267818656796237627e-14
2.243039061699164531e-14
2.224810525577551121e-14
2.214272153710836718e-14
