1.045876040232952775e+00
1.223171962629326037e+00
1.169763965852481880e+00
1.169825828025698566e+00
1.071120433550631246e+00
9.398739259374792043e-01
8.630493908523323432e-01
7.096768824003467646e-01
5.505310006800107070e-01
4.014218511164087677e-01
2.764438062433528520e-01
2.081502393336895906e-01
1.524100226277886050e-01
9.762133648681067810e-02
7.240755543383281534e-02
5.550596799472964221e-02
4.489946936666895649e-02
3.464581769707778675e-02
2.884528761977934661e-02
2.429401541937892609e-02
2.165313039479810353e-02
1.768567331064278131e-02
1.598591549571047946e-02
1.414066337679653965e-02
1.193426832090768545e-02
1.110422942485575493e-02
1.005133505886804737e-02
9.850413756985721206e-03
8.003600967794588864e-03
7.620945845085192426e-03
7.506053631910771483e-03
7.115423220707275433e-03
7.306399469152119810e-03
6.809159729725412433e-03
6.334583157806330037e-03
5.626055326690695794e-03
5.280413743902336726e-03
5.364063943105143971e-03
5.255603373140378155e-03
4.730748070756445739e-03
4.325480592144422508e-03
4.275483217362243717e-03
3.964302116722944087e-03
3.916026750123331041e-03
3.818380431655312313e-03
3.848260738065560106e-03
3.815347809746036465e-03
3.956786865667545790e-03
3.827378036152583735e-03
3.149653996827999573e-03
3.097835707398456824e-03
3.609462131980028382e-03
3.800870462502811686e-03
3.497322990437345611e-03
3.090920250150883987e-03
2.545343332249517653e-03
2.211678240664185970e-03
2.245580389290203864e-03
3.093744650447040681e-03
4.534380974261669785e-03
5.077281358224148590e-03
5.017988404166160744e-03
3.186999855119459438e-03
2.111891390363482713e-03
3.477160522485046087e-03
5.509193032695335057e-03
6.446116465542842990e-03
8.416365454193434903e-03
1.238912594688242400e-02
1.432573124009238821e-02
1.165925870283679965e-02
1.200872901061807163e-02
1.323273066177806274e-02
1.047985103902347379e-02
6.663391692488505186e-03
6.274474923891145382e-03
8.309805896430882619e-03
1.273554270989925817e-02
1.344322403536666634e-02
1.230420097912111703e-02
8.559103162256415098e-03
7.025647162329957951e-03
9.822264236864126224e-03
2.141320233116615276e-02
4.504245660666517104e-02
7.162653118053789736e-02
7.698326272578295826e-02
7.098045822993921672e-02
5.332060921835101580e-02
3.666241537385506871e-02
2.459644772818753503e-02
3.251269000785229901e-02
6.050312922531225074e-02
8.436470552972291648e-02
8.398576431090302996e-02
5.742035495196203682e-02
3.355389244972404456e-02
2.988522592443878384e-02
4.735743578793262520e-02
7.444723414862908228e-02
9.564309238744130026e-02
9.649999977140251428e-02
9.075871654432310365e-02
7.827152303363368868e-02
6.102446005903905402e-02
4.863083236014969363e-02
4.775576533877497892e-02
4.177476117901266633e-02
5.661328307838155854e-02
6.562343866503070333e-02
7.871063265942862541e-02
8.521790278056796952e-02
9.272192509614127220e-02
7.789918884837407353e-02
7.656015382169588379e-02
6.007353107207588638e-02
4.129444138164983791e-02
2.763138945297119800e-02
3.346781804429007495e-02
7.486264371811832130e-02
1.209674611543374856e-01
1.636912388500566251e-01
2.010628246233319427e-01
2.090519146570092579e-01
1.853812619173763887e-01
1.453563597771893035e-01
1.186874452348378600e-01
9.130899157076546868e-02
7.199842551925232648e-02
6.572406185840322379e-02
7.276687415010751891e-02
7.315307687462227482e-02
6.667172225002958308e-02
5.471791970967384428e-02
3.777774494700818220e-02
1.989917226179555715e-02
8.840133084780649533e-03
1.109535862026223875e-02
1.810294207484363163e-02
2.482785573193506748e-02
3.584213207361375275e-02
3.664448927634487291e-02
3.200877846894904788e-02
3.154897484077746200e-02
3.485149754731031724e-02
3.711747064962196002e-02
4.799861032385317056e-02
5.020918212313597861e-02
4.975650258370841600e-02
4.342215359163614091e-02
3.960607809750339020e-02
2.817760260495790273e-02
2.126033734424166016e-02
2.384978218959976984e-02
2.795857524184017576e-02
3.009940912553651232e-02
4.033384037327314431e-02
4.739071200724841865e-02
5.293300121661776575e-02
6.384103735607837837e-02
8.248494323074798129e-02
7.481220947992101022e-02
5.089724499307345107e-02
3.682880160401304226e-02
3.779289135795825538e-02
4.701650890081949391e-02
4.423828628232023136e-02
4.600026857963265131e-02
5.562010323678623358e-02
6.004013310484897226e-02
4.871110682859317031e-02
5.133346671801986005e-02
6.613910300240277707e-02
5.851421142593598440e-02
6.526562136121821789e-02
9.182065837326892910e-02
9.909829237776328348e-02
9.710802150179650982e-02
7.987881133916065191e-02
4.862039536917737992e-02
5.475625018496020624e-02
5.157125985232206833e-02
6.238092586840081333e-02
8.255318754789593705e-02
1.039468317710049022e-01
1.247787816996051569e-01
1.210471789688385147e-01
1.051296825312935668e-01
8.936217023810071047e-02
5.345161754161629336e-02
3.428077804363514891e-02
5.516416222168812888e-02
8.199904063393405329e-02
1.232973062660204233e-01
1.523867340236505219e-01
1.966800561658374469e-01
2.245262160959462239e-01
2.412084838208733706e-01
2.291464644720196953e-01
1.825641671483199391e-01
1.310724783710012775e-01
1.292092496263579637e-01
1.227912483002057270e-01
1.432361533605293336e-01
1.371628698591908502e-01
1.495005482372782357e-01
1.905887511908254395e-01
1.494593788384072641e-01
9.584271898066512585e-02
1.428368638760091347e-01
9.927246894622528128e-02
6.615598200285577324e-02
1.024601110119834901e-01
1.085911909425041622e-01
9.735083507782930912e-02
1.144855338490276958e-01
1.589011357470672681e-01
1.788516916521673272e-01
1.854962653269117689e-01
2.036155592915119272e-01
2.176570307230038526e-01
1.922768666120738823e-01
2.146187361725320486e-01
2.395430583974184069e-01
2.488985485824337651e-01
2.935485529548905181e-01
3.429832210747604804e-01
3.981406392203911682e-01
4.635452162369912421e-01
4.768004639718892990e-01
5.204441336989098499e-01
6.139590420698167739e-01
7.470080147114669389e-01
7.287453710079568880e-01
7.146864767720854106e-01
7.054773711969855032e-01
7.346384808415933332e-01
7.161391815561546359e-01
6.513228669986830255e-01
6.053781792235394255e-01
6.162588457479967197e-01
5.622325792364093466e-01
4.918577562377503543e-01
3.252065104415091668e-01
2.919777807688584415e-01
2.507628770407505647e-01
2.818684380427805558e-01
2.549432618970217668e-01
2.596123674302657225e-01
3.323660094749590899e-01
3.279405754594869604e-01
4.282297161582698242e-01
5.018569017980470948e-01
5.892970112216514567e-01
6.483072940107794668e-01
5.452644726231415939e-01
4.788554252716193949e-01
4.431376658825560977e-01
4.185184561342089049e-01
4.169190510749258283e-01
5.071787131057613474e-01
5.080673559936366157e-01
4.329661429781230808e-01
3.013470876410905830e-01
2.579138529092770415e-01
2.623759196512748804e-01
2.285751194474266168e-01
2.644971783822053224e-01
3.868529010434060278e-01
3.651345863243119494e-01
3.436550577379438587e-01
2.740959929274599527e-01
2.782186341800932383e-01
2.975524204794061101e-01
3.293162823459392929e-01
4.375194849322656676e-01
5.512255750890608930e-01
5.597594081869965432e-01
5.579190464593222210e-01
4.654425013508609044e-01
3.201111056345419259e-01
2.015118497305237732e-01
1.459023029831528762e-01
1.224598061361130558e-01
1.247510356762172729e-01
1.376366877336013261e-01
1.171058669548365599e-01
1.748672437887883457e-01
2.265531067883705674e-01
2.261053982882825497e-01
2.030190273898047626e-01
1.891371229798325948e-01
1.578446518368152862e-01
1.212680593002562757e-01
1.307066939980314757e-01
1.817376332239257208e-01
2.742037402729646800e-01
3.534934968078853879e-01
3.931119023810046853e-01
4.286499942693342002e-01
4.035423594090666866e-01
3.973394219323667098e-01
3.659521378392540658e-01
3.326972223264748063e-01
2.836884055991117370e-01
2.027218482269945998e-01
1.842258273678471781e-01
1.699266475835352896e-01
1.383222056999283966e-01
1.197670225403072025e-01
1.133013375356989316e-01
1.109929392493095579e-01
1.187491537274793230e-01
1.549127056739509345e-01
1.770486902532332207e-01
2.124970494694384537e-01
1.946442523113927348e-01
1.760953417545415289e-01
1.525359635906651523e-01
1.303311381430033999e-01
1.005881766788835202e-01
8.133728903988529657e-02
5.292262502193242901e-02
3.671838882592389636e-02
3.079457521458742880e-02
2.545384647089789926e-02
2.802921512260572387e-02
2.879782743130078829e-02
2.752067848133999892e-02
2.644243790077975206e-02
3.179239299977133781e-02
2.777883659509964437e-02
2.765545718034456354e-02
3.400110237282567144e-02
4.178226011046999588e-02
4.679550454479684124e-02
4.978386848228015527e-02
4.722320156621240272e-02
4.379146064967291002e-02
3.821336646402195836e-02
3.002343965241537418e-02
1.911059327403024852e-02
1.554539761240258770e-02
1.591675757846083492e-02
1.750047059022671186e-02
2.154691490540770749e-02
2.855502839634846066e-02
3.222241483205385421e-02
3.172467091744399226e-02
3.001457202353134679e-02
2.891766906544761956e-02
2.320523047316384868e-02
1.934254428224827654e-02
1.594116709886628930e-02
1.346622860212045789e-02
1.006934462310935322e-02
7.200518637999040253e-03
5.706526809423398058e-03
4.917187941372732317e-03
3.672546150750905306e-03
2.662905107676663292e-03
1.697138976222888713e-03
1.254433559800617213e-03
9.163110282347458699e-04
6.006103175652995887e-04
3.850168250509027209e-04
2.633961706987929339e-04
2.383355248618520606e-04
3.001959732129097372e-04
4.120773652141710851e-04
5.505760595094619150e-04
8.669702517413933581e-04
1.383835566602911651e-03
1.936161730646078841e-03
2.573402849009443719e-03
3.193611512637427145e-03
4.051845208900836832e-03
4.765289266976929089e-03
6.162582740135332145e-03
6.440921561421427202e-03
5.982966896318669611e-03
5.021484375547509427e-03
4.967363217744259936e-03
5.158736767136856347e-03
6.309384084657686589e-03
7.324093964181879572e-03
8.562594784187809935e-03
7.588247922460470210e-03
7.288470879386044904e-03
8.099673140134908828e-03
8.595393731946652377e-03
7.727945926668243828e-03
6.582484741153765521e-03
6.075774363912972605e-03
6.623444416193611725e-03
5.915031136627907186e-03
4.246606451424339741e-03
3.598420263654586622e-03
3.748276075489971951e-03
5.174307484000975101e-03
5.184243278640632106e-03
4.340146520305780686e-03
3.607020829015008395e-03
3.940016066608854027e-03
4.222278215811306641e-03
4.994974414926786621e-03
6.053888899444671845e-03
7.964512278602547263e-03
9.314398297421236719e-03
1.055233662744240256e-02
9.383459509324211523e-03
8.544267679650241823e-03
7.053833605116504452e-03
6.311778163476717933e-03
5.940761294211976962e-03
4.864959413996334907e-03
3.362215007525725698e-03
4.118693816977410729e-03
6.169157537593694153e-03
7.096351519400066234e-03
6.694042884586711047e-03
7.147687013328630525e-03
7.847100629947017375e-03
7.859097364693836546e-03
7.227147808863518437e-03
5.223298737988538686e-03
4.646336962929621499e-03
3.586600774536880930e-03
3.453487538733196385e-03
3.465434802474976535e-03
3.160188011872426192e-03
2.421857918463706048e-03
1.614910826132866326e-03
1.413062413114918228e-03
1.379553351921815199e-03
1.302134776736219328e-03
1.501032838947562913e-03
1.838500237415472771e-03
2.124314572249534194e-03
2.579896698988255656e-03
3.282691179301926946e-03
3.722537089408662920e-03
3.716649933747796352e-03
3.465410370937236587e-03
3.497399470214766857e-03
3.197321608454789955e-03
2.634731420271878895e-03
2.165090201080997062e-03
1.825349556982136827e-03
1.598023017768144443e-03
1.185551983844900263e-03
9.414935832226703060e-04
8.570722667265601733e-04
7.651269854734696254e-04
6.538227384574531479e-04
6.176035224644741252e-04
6.485759024560972408e-04
6.608675719296313537e-04
7.697319906427656884e-04
8.258404255641192031e-04
8.368845951692592327e-04
8.131983271836600502e-04
8.216920460433911654e-04
8.849965241388678145e-04
9.428296519257899988e-04
9.988559070952137114e-04
1.027519181140718703e-03
1.079630993789217844e-03
1.118841717210719393e-03
1.195504833124739564e-03
1.350624863023638152e-03
1.612609122556071936e-03
1.919426709192219608e-03
2.396073632264312386e-03
2.914974713517320612e-03
3.590437803077546446e-03
4.331292741526326061e-03
5.144338398582853390e-03
6.355199519964611042e-03
8.137058647136862291e-03
1.050414001962933497e-02
1.354019978364604145e-02
1.739034371440824345e-02
2.277653835652335493e-02
3.060895440190590858e-02
4.046690684128109033e-02
5.570021079135233089e-02
7.465421166623888161e-02
1.009931581385461602e-01
1.288835642964325512e-01
1.745509268512529799e-01
2.026881794924585700e-01
2.243205003300665912e-01
2.055210534966081803e-01
1.596641986461598828e-01
1.133193500463852976e-01
7.341294686822751048e-02
4.582856935784925673e-02
2.918822601400770586e-02
1.985738662695354234e-02
1.459508710557083817e-02
1.195419761492901717e-02
1.069621674782541589e-02
1.039156930254650675e-02
1.032219707418820243e-02
1.036522151095282084e-02
1.048761095947075075e-02
1.061748195654229482e-02
1.072556082548263914e-02
1.081162862475959670e-02
1.087572083638453993e-02
1.091448805586216729e-02
