1.038322544990889940e+00
1.226041486757940335e+00
1.168117691027247274e+00
1.178567032136667914e+00
1.070957495190734354e+00
9.276262248807652933e-01
8.429232350117029648e-01
7.030422750975388047e-01
5.426266180036889430e-01
4.008859069229088745e-01
2.813713621851380853e-01
1.965080787986496769e-01
1.356579618115597297e-01
9.328743556130113246e-02
6.595205250098466754e-02
4.907251753282553669e-02
3.805720014384245814e-02
2.927451857763170573e-02
2.346738599714850992e-02
1.814743968713774733e-02
1.547502851595888330e-02
1.257306008195500750e-02
1.069839824194849902e-02
9.799080979176510650e-03
8.355805990685027940e-03
7.634574270803255562e-03
7.192570728901973194e-03
6.600721058743573740e-03
5.899683709923292212e-03
5.332750931403356168e-03
4.769216771429150327e-03
4.584096628426948677e-03
4.344574806568126876e-03
3.999075722749387621e-03
4.034450248280127549e-03
3.797643798097144214e-03
3.447717032019552690e-03
3.170392577898957162e-03
2.963257355262830395e-03
2.858155098403625770e-03
2.709794868954835349e-03
2.624479909950721852e-03
2.581119671762344310e-03
2.549463527255429931e-03
2.406097810185132795e-03
2.263423927132048302e-03
2.053312757007339038e-03
2.028592043864163672e-03
2.159430249438390893e-03
2.115439904102741665e-03
2.008208798881976238e-03
2.551308811991213812e-03
4.312049739106862609e-03
5.211584089226709363e-03
3.755634667350346307e-03
2.481999898623125922e-03
2.550955727536326038e-03
2.551946251074484803e-03
2.029523911716629801e-03
2.022463493325540526e-03
1.772835873960330270e-03
1.636532019035985249e-03
1.674917252339443337e-03
1.785981916064514462e-03
2.301786154244219937e-03
3.289120589161519895e-03
4.531350211978196242e-03
5.593011479146410211e-03
7.258673737532621989e-03
1.005242808079087960e-02
9.849158482835358719e-03
1.003005282108781170e-02
1.893068934874873183e-02
3.816807195857113699e-02
4.761094131291545434e-02
4.350522210307373322e-02
3.652820133080358217e-02
3.317671561236584798e-02
3.555622000603349958e-02
4.206029282539331532e-02
2.854611317702216919e-02
1.575182355798100328e-02
1.342458385187447409e-02
1.749420092895517462e-02
1.746296907096088133e-02
1.311301522765776460e-02
1.520206204453172436e-02
1.377964563435502172e-02
1.028762638037835145e-02
9.243335326298094540e-03
1.477637994994107293e-02
2.383686478360363611e-02
3.203121740087902514e-02
2.861290817111852153e-02
1.004279195433201294e-01
2.332347416790519767e-01
3.281437655850149016e-01
3.524051803979626474e-01
2.992208478160245377e-01
3.062584483486219256e-01
3.797258132863285396e-01
4.818652786100076635e-01
5.676742308178567287e-01
6.330950146637984721e-01
5.741242243759904218e-01
4.392955357986141340e-01
3.487350502478706593e-01
3.269665062096011598e-01
3.723012676978246227e-01
3.695263105554633110e-01
3.416204546740735370e-01
2.633496114244618935e-01
1.701645896171310735e-01
1.543306238875844782e-01
2.527007871092648572e-01
4.350875357015509537e-01
8.716182935819450917e-01
1.386079837631704059e+00
1.757184982914456572e+00
1.784171882284367960e+00
1.519632554971312999e+00
1.327112048599070171e+00
1.203141971100749164e+00
1.110812598878675228e+00
1.020265326061815303e+00
7.787247948527437069e-01
5.382158368345686394e-01
8.229456513132034079e-01
1.476262536554101334e+00
1.975090019399853736e+00
1.864302607483392604e+00
1.797534295564576556e+00
1.916226557000973774e+00
2.124423903215568288e+00
2.214176035536246978e+00
2.060183987355439950e+00
1.739296842261314868e+00
1.588426310893334303e+00
1.631101475742717355e+00
1.729573428657731338e+00
1.815113112747327007e+00
2.312790132513758756e+00
2.373260192215548514e+00
2.295840401476422876e+00
2.347729752030864869e+00
2.223378413980424018e+00
2.139010492638255823e+00
1.999834650183088369e+00
1.828272808954142903e+00
1.754647209271982478e+00
1.728026374612022353e+00
1.634235636679141512e+00
1.669592104392879861e+00
1.814154134746650326e+00
1.873718202161733348e+00
1.730487811559615841e+00
1.583903150555311390e+00
1.364968658764811549e+00
1.241781826179901405e+00
1.131465655273532711e+00
8.154623822585577164e-01
5.615902951503868312e-01
4.497656877078385351e-01
4.520115027927678608e-01
3.473836205363939889e-01
2.493609479804133333e-01
1.756178051437232435e-01
1.597457014203056969e-01
1.358504549708453857e-01
1.476208507544442827e-01
1.482268100184193083e-01
1.359939693019356632e-01
1.041160939702233945e-01
6.895884209016434063e-02
4.099535685702111049e-02
1.943458548165253111e-02
1.773199004847814120e-02
3.740079514879199318e-02
6.642532946711703079e-02
1.301991909074636244e-01
1.406105067609402515e-01
7.037165559936514603e-02
3.333083825715218995e-02
7.598515341788229793e-02
8.865164125780503057e-02
5.687776358399090904e-02
4.053344068809667383e-02
3.418543531689113152e-02
3.754692867866660233e-02
3.627905551582648325e-02
4.102658086230013407e-02
5.104504720720327154e-02
5.622552330222906070e-02
7.645024568223054984e-02
1.231486799629683965e-01
1.636126100331835587e-01
1.246892767517766010e-01
6.064685891740666940e-02
4.206976828140361613e-02
3.792923518287830142e-02
4.018477963788889135e-02
5.245510319875023447e-02
5.150238523654260270e-02
3.281429692518943175e-02
1.734012292545120820e-02
2.209747251088057043e-02
3.289108959434165064e-02
3.896756902750067586e-02
3.322779383587547153e-02
3.172819925050914674e-02
3.512717025827382517e-02
2.866610949565191052e-02
2.309949602767589691e-02
1.684469952307461257e-02
1.432348151723691725e-02
1.151563884787097126e-02
6.742676998991449858e-03
4.178372147095908880e-03
7.304764245178019429e-03
1.481156164459638061e-02
1.797444061739086538e-02
1.584539938442474163e-02
1.805033732898583473e-02
2.353492122646903828e-02
2.364283797575365831e-02
1.587732846048606553e-02
6.651655931736549267e-03
3.605107049693840812e-03
4.696061037417541793e-03
5.293599792771474730e-03
4.675732279988422356e-03
3.047976102981108867e-03
1.523334857386162821e-03
9.167598582622596111e-04
1.096526521563482952e-03
1.266484871922577554e-03
9.876557904114327460e-04
8.392090628389746324e-04
7.623970048622542069e-04
5.035935154604860228e-04
2.698647647090225352e-04
1.326160339431798154e-04
8.654366712478328701e-05
7.193611431889943659e-05
6.131750945632986080e-05
5.526410482500953761e-05
5.409165588422581777e-05
6.340692067390284745e-05
7.096763240945451598e-05
6.762941733553222033e-05
7.967835877771797565e-05
9.591763537878098456e-05
1.878266526517725920e-04
3.476748548267432639e-04
6.009544996230390193e-04
9.118575883849427315e-04
1.086685957852541419e-03
1.025541720248265582e-03
9.822395950606398543e-04
8.359551614915519983e-04
8.367756451949301399e-04
1.032042919534306496e-03
8.883193788999923721e-04
7.690341565561718178e-04
6.264868494318180615e-04
7.901156076842321243e-04
1.167019376243511215e-03
1.447286306449956875e-03
1.775033065216614307e-03
1.534125179167912176e-03
1.054251194249140834e-03
7.890266564464405719e-04
5.151025124520428522e-04
4.829474827793931867e-04
4.976901902236639287e-04
4.912657058980015711e-04
4.419272166778626630e-04
6.517869697150871023e-04
4.689014154360582505e-04
4.630574515880046295e-04
6.063806475357167835e-04
8.481631716448724458e-04
9.756358659412016441e-04
1.228185200466706080e-03
2.032675717576572661e-03
2.474238277171464731e-03
3.629976193321100483e-03
4.222896030039953452e-03
3.691142906164181139e-03
2.698179689314376614e-03
1.996451202861589721e-03
2.434374671982216399e-03
2.176070473461712979e-03
1.650381071411446661e-03
9.498405244813220606e-04
7.381115902292134396e-04
7.763376495123743221e-04
7.982744326541786183e-04
7.699052427801396153e-04
7.885266595783864884e-04
7.815257566855033549e-04
5.654246905422889583e-04
4.784205688220887864e-04
3.264585604279017961e-04
3.045177914508642356e-04
2.733147670090413828e-04
2.892477124225184028e-04
3.292058375031446920e-04
4.546031509592511058e-04
5.819357907199658540e-04
5.242357074337787234e-04
2.966259479721521249e-04
1.170224216855113980e-04
6.227116241800845936e-05
8.913410429118377959e-05
1.040104459862509293e-04
9.354095274658041632e-05
8.291589821957401102e-05
7.700879079285808163e-05
6.896629941411121082e-05
6.889469820979319907e-05
6.058210894375837621e-05
5.300848056386697787e-05
4.536796923973107827e-05
4.161180794195210248e-05
3.892030504189774719e-05
3.179347678908035649e-05
2.817591894756667955e-05
2.463341072631349755e-05
2.293086169060797215e-05
2.211769038189361611e-05
2.321715101985113313e-05
2.395084035706973119e-05
2.333646655460075781e-05
2.423085889182176639e-05
2.445410797797356763e-05
2.627896236795537085e-05
3.199759386078110607e-05
3.400124850335263602e-05
3.620646102432578981e-05
4.400016426562471518e-05
4.919566913774874235e-05
5.397987523397666278e-05
6.123001550725645737e-05
6.642630320536285294e-05
5.417802335412030254e-05
4.723720389454413371e-05
6.678888864218110607e-05
8.314567274510157419e-05
7.195196114097030925e-05
5.432533088733056868e-05
4.142390312447427982e-05
3.878095498432702795e-05
6.958002335961621068e-05
1.454310285514837792e-04
2.049810934175817160e-04
1.983576882899112568e-04
1.809794042344319552e-04
1.595048230235809915e-04
1.124615931189612187e-04
8.357904833070520863e-05
7.287239280684766651e-05
7.507049749929531140e-05
4.605416013465274720e-05
3.182381565351937271e-05
3.273461825441871157e-05
2.973248583065699771e-05
2.597465251452169945e-05
2.200003513325545214e-05
1.953081906591022020e-05
1.897555723250971471e-05
1.839210571567999057e-05
1.826471772006441063e-05
1.847402502400800171e-05
1.880745609193411555e-05
2.172565310737218589e-05
2.578348317615156181e-05
2.893574972522768040e-05
3.317100372476240597e-05
3.788941356996475583e-05
3.585960710319006375e-05
4.166582473983708131e-05
4.862353841489121524e-05
5.849917745310122806e-05
6.473535828873820588e-05
5.667680137947895484e-05
5.057434913690393149e-05
4.446200811677038060e-05
4.268988582568038334e-05
4.254657116600131121e-05
3.768727105829230073e-05
5.516748855813015184e-05
7.770228775653021530e-05
9.654755702225946282e-05
1.244584744777699605e-04
1.187104552867694331e-04
1.350968126341132894e-04
1.844510021313624962e-04
2.108868704342776611e-04
2.430757739947256920e-04
2.491216786682062031e-04
1.832344506977391131e-04
1.778581478257014177e-04
1.857764172958966948e-04
1.898266349130808860e-04
1.537520763367312352e-04
1.153482964516722322e-04
1.104087900508960601e-04
1.067373084356945380e-04
9.862253302400985028e-05
7.290223934187962257e-05
5.582318547249499175e-05
6.759055640124692977e-05
8.545914884332185980e-05
1.093063938809119630e-04
1.502466600843509051e-04
1.466978800510367054e-04
1.262836927920573478e-04
1.264683821025383808e-04
1.033560138084271032e-04
6.397290674002186937e-05
4.585680427767820533e-05
4.181179337371086779e-05
3.378672643637100232e-05
2.360111728611998083e-05
2.331930063216887660e-05
2.698020919903482370e-05
2.873415649996325345e-05
3.329266765716237754e-05
3.281981617853692448e-05
4.124538618064290660e-05
4.545195649914870025e-05
5.930281991072427117e-05
7.296052085019875174e-05
1.050830112442387724e-04
1.279265921753174301e-04
1.273511313844623858e-04
1.268085368578757101e-04
1.322211732371243731e-04
1.170906322983721135e-04
6.943877138241711093e-05
4.976508703207100525e-05
3.947199233338816561e-05
3.163593136867240955e-05
2.957074663731557243e-05
2.492067365777574724e-05
2.139161681932918370e-05
2.225061416834239251e-05
1.955359209429799613e-05
1.577186311501776298e-05
1.542527668639815701e-05
1.438666015740366799e-05
1.263696134021911751e-05
1.335063366645482415e-05
1.607110037350709209e-05
1.891617249064812101e-05
2.044119173888407745e-05
2.274068790093364330e-05
3.058807836266265115e-05
3.233463253832570582e-05
3.550846694010834369e-05
3.712822087233079519e-05
3.811041225163096404e-05
3.915111254955624818e-05
3.945177472517921724e-05
4.195646408700223572e-05
4.977940372966472275e-05
5.612401350874084496e-05
6.637599290115918696e-05
7.506367545096575796e-05
8.905698749339549481e-05
1.106227100812533714e-04
1.347679339144710589e-04
1.676834152999625107e-04
2.110212310922720386e-04
2.678719924557711402e-04
3.318075409346980657e-04
4.031956367356668148e-04
5.094999864790417457e-04
6.635962711116251411e-04
8.558759249950721563e-04
1.123640651748394372e-03
1.449158241863351916e-03
1.930153689247711196e-03
2.634488387177085465e-03
3.535259392047238654e-03
4.922324675486569080e-03
6.674831043144196542e-03
9.133921827365068524e-03
1.171716268732440371e-02
1.593885754637763136e-02
1.874928033645934661e-02
2.082584012414035596e-02
1.902690333645126394e-02
1.479348142062121042e-02
1.039943637807543876e-02
6.440570471149584253e-03
3.835877278013577994e-03
2.223520702399518854e-03
1.188782433929821535e-03
6.557074926654059234e-04
4.006729638608309135e-04
2.523055671935552297e-04
1.863593807104933591e-04
1.681051064877348532e-04
1.591120602419737805e-04
1.574145515982877783e-04
1.594918823763882051e-04
1.607602275650123246e-04
1.619589241904816545e-04
1.629885376634644016e-04
1.635962669305230516e-04
