1.508384504971829632e+00
1.506363917579070399e+00
1.566384042176208746e+00
1.843480867962101311e+00
2.306433638754239901e+00
2.580527262465698524e+00
2.877509072552484781e+00
3.232320114303666614e+00
3.318050337599950161e+00
3.183068509365007959e+00
2.920376127390850840e+00
2.575297161709780625e+00
2.309999353375886244e+00
2.004899082971387969e+00
1.768219962943440970e+00
1.568254495085898093e+00
1.387781618202176270e+00
1.229889151878798437e+00
1.101990384035388626e+00
9.820669851995504906e-01
8.960442595906791263e-01
7.870823146988034091e-01
7.439233781110298205e-01
6.810572459560328973e-01
6.096012266725333584e-01
5.754673055165181461e-01
5.428981203840591574e-01
5.026982276719992315e-01
4.478868204891067739e-01
4.140648877656291638e-01
3.973436611766840154e-01
3.784156763628920284e-01
3.604680715509889777e-01
3.343472553151797255e-01
3.270868057305144072e-01
3.038091615991311834e-01
2.761339995968845051e-01
2.644341997532415611e-01
2.536346766003310660e-01
2.369671459244635237e-01
2.283581756752525171e-01
2.202619203058979458e-01
2.098614651419193344e-01
1.944987419559229824e-01
1.847999336651076630e-01
1.800983408369274952e-01
1.688225918302520279e-01
1.676755676599597789e-01
1.624037886166348477e-01
1.553169136958328367e-01
1.520189656533671996e-01
1.505786686659577045e-01
1.395573304667973025e-01
1.318011098260347402e-01
1.310592650896807432e-01
1.256558284562271366e-01
1.198738673979701796e-01
1.162482651883472717e-01
1.171850003928224249e-01
1.108375615897202043e-01
1.089078479477346151e-01
1.072538726055737857e-01
1.059757711627470622e-01
1.023655280939550632e-01
9.919247689913204824e-02
9.719167819498841787e-02
9.284405794783628929e-02
9.085070811305745453e-02
8.696960188308096307e-02
8.368807446596994437e-02
8.104049965452381210e-02
7.911508794349147999e-02
7.721770291038732026e-02
7.692393750077605730e-02
7.603322269191271909e-02
7.556822718104665160e-02
7.250275191234534233e-02
6.825236589884309257e-02
6.620109511564480076e-02
6.691780117112589021e-02
6.616003218593251300e-02
6.307703870301073490e-02
6.226645171927895628e-02
6.268869639424383411e-02
6.193743109676157210e-02
6.034992013821460777e-02
5.746967450467272559e-02
5.611608471544603238e-02
5.494533303582972011e-02
5.557554688622398653e-02
5.454365224027085679e-02
5.202832875758676284e-02
5.109330271593152256e-02
5.122731929278764168e-02
5.089309928691878454e-02
4.968496876037350324e-02
4.741917964711273026e-02
4.631404817374982358e-02
4.692812263732691613e-02
4.492626350320772649e-02
4.498349746596152360e-02
4.465202466443442958e-02
4.324977971407890226e-02
4.384938337232353184e-02
4.316553108601067779e-02
4.296776622946370250e-02
4.282788540411885947e-02
4.238155497286971024e-02
4.177377939419889274e-02
4.180088535064532124e-02
4.206690507758584913e-02
4.103394124876188348e-02
3.973617911941574460e-02
3.892091089956858235e-02
3.995128835648834031e-02
3.910735832521677197e-02
3.809025411998763488e-02
3.750311782136026006e-02
3.746293647320125819e-02
3.706921478679471582e-02
3.532660016899678845e-02
3.546049545917145940e-02
3.604148702180696301e-02
3.560923035341259646e-02
3.426986830822964514e-02
3.311173506941762074e-02
3.292593909380863576e-02
3.227469474117142939e-02
3.263929740065854568e-02
3.349472793883775251e-02
3.244362419637657202e-02
3.200138797911257493e-02
3.200929704106043189e-02
3.161418733867645686e-02
3.083563036265949200e-02
3.116681295967141385e-02
2.976118854053644985e-02
2.977232545501176664e-02
3.019527883511753663e-02
2.977035250863956789e-02
2.946028301707786720e-02
2.967514142349322523e-02
2.926340890843551895e-02
2.902248588438089902e-02
2.987194986270306704e-02
2.872782746148419553e-02
2.804357509300591314e-02
2.850564309145228736e-02
2.790964148199876968e-02
2.774088912785320493e-02
2.867155151323944398e-02
2.821044027021082229e-02
2.864723679496142955e-02
2.808049359678851595e-02
2.829209358621406420e-02
2.784073244220801324e-02
2.728522363422427113e-02
2.747739183011845346e-02
2.809971833639725303e-02
2.821111308975034898e-02
2.783477929365088185e-02
2.701456481270541818e-02
2.659377645053647224e-02
2.713454820877534215e-02
2.718777347028899713e-02
2.638518346257315988e-02
2.573186098466792929e-02
2.616293974979074996e-02
2.580234626501095099e-02
2.636291043661010552e-02
2.700398012947584359e-02
2.667454296132032443e-02
2.605446244659442509e-02
2.606733468361302486e-02
2.609748245792606683e-02
2.624424018307628531e-02
2.715076730660469576e-02
2.754222051597750645e-02
2.701538555064611491e-02
2.651507281043798472e-02
2.669008346361273487e-02
2.703050497366383045e-02
2.632500007161804254e-02
2.647600599511280156e-02
2.653810185540350641e-02
2.650975259121154948e-02
2.582402102120483905e-02
2.595188798308568565e-02
2.673805358634905385e-02
2.646193302700818040e-02
2.691616261644292143e-02
2.682584967232294962e-02
2.694880100602287457e-02
2.748988973652153819e-02
2.667480482628988014e-02
2.679687403891607006e-02
2.682116768092642975e-02
2.646417522632660974e-02
2.689388709869546673e-02
2.690404124884007708e-02
2.727747456985429170e-02
2.803393843588473586e-02
2.889572306565111118e-02
2.941848447048434415e-02
2.888901182341045357e-02
2.911622763846231227e-02
2.989700421439459369e-02
3.028678162845451632e-02
2.935564435746734410e-02
2.920242264611947955e-02
2.910854233652680409e-02
2.897228297335293495e-02
2.976019136252103930e-02
3.021698964019097974e-02
3.130730651794243202e-02
3.011694678794969715e-02
3.059079629006522180e-02
3.066190421685817749e-02
3.103279730386906965e-02
3.088779555426170165e-02
3.056813293459545444e-02
3.128217817486853708e-02
3.176105618004657072e-02
3.233819898564986584e-02
3.177723263378039176e-02
3.317899535569301950e-02
3.464958292838916237e-02
3.556156438873016301e-02
3.616332175380330971e-02
3.523518905047361843e-02
3.646381256887189920e-02
3.749140079859952096e-02
3.893298316641460866e-02
3.813776017227117621e-02
3.907365261028374059e-02
3.856487952691654841e-02
3.882998789028369729e-02
3.827865811122601464e-02
3.963838402832495222e-02
4.125339539395730948e-02
4.227746237290108677e-02
4.450498050826078716e-02
4.716955281503200370e-02
4.947155335297038353e-02
4.779533515361962526e-02
4.688297320338868923e-02
4.648086368226884979e-02
4.564473376529409182e-02
4.647254835716647936e-02
4.638897633144038052e-02
5.010586982688288588e-02
5.190483308903157122e-02
5.276247917549031774e-02
5.303118569289731049e-02
5.583592085902147617e-02
5.560160214037974252e-02
5.917165645377610306e-02
6.090656545443451364e-02
6.056606713493857541e-02
5.971998982312105159e-02
6.154048967391431008e-02
6.381361685785356952e-02
6.479317784918584011e-02
6.373804346482971062e-02
6.869678467809620104e-02
7.431464811898166878e-02
7.485032846491891656e-02
7.873509564866681965e-02
8.480163644150726099e-02
8.407538527399206763e-02
8.364722036489935508e-02
8.784072171691879871e-02
9.399399653084032635e-02
9.719673228337781523e-02
9.970559886444375908e-02
1.038112136214929260e-01
1.102807021538968618e-01
1.167830752790767063e-01
1.219257180187513223e-01
1.250329084376557987e-01
1.368880651217825872e-01
1.407635141653997002e-01
1.513094753442140450e-01
1.610610110384163296e-01
1.724005849466002382e-01
1.873324451355153075e-01
2.061712301461531838e-01
2.217450350246885360e-01
2.417402641423408993e-01
2.685698701177022252e-01
3.167821626931913714e-01
4.298985118232220848e-01
6.491454547310184786e-01
1.039280666162970546e+00
1.383161164488048378e+00
2.333112869082403229e+00
4.184315385193662529e+00
7.102985856598476921e+00
1.013206793079391232e+01
1.564248732711298828e+01
2.402177681615559379e+01
4.165624415644245460e+01
7.048734220401230743e+01
8.479041910373591406e+01
1.153890369598125716e+02
1.210619643413172071e+02
1.230572008322360489e+02
9.324322453481852335e+01
7.723176745326873061e+01
1.155815480835451439e+02
1.590941296072147679e+02
1.146195522117995580e+02
9.074333911126731778e+01
9.892033915759411400e+01
1.438118807184450247e+02
1.915642546393949601e+02
2.644522036478854830e+02
3.084313322310190983e+02
2.889244575207466141e+02
2.169588772346643850e+02
1.457579129351138079e+02
9.889337949105419057e+01
6.309472166576133390e+01
5.764427621564623649e+01
5.260235362783500079e+01
5.245458406954089270e+01
5.258630581350997346e+01
4.880631338184721812e+01
4.036826056652543571e+01
3.209732319157927094e+01
3.206213957849958263e+01
2.712891638449175602e+01
2.200027587198789547e+01
1.649499945090632025e+01
1.102844703784251479e+01
5.763531597299419218e+00
3.128529227136656932e+00
1.682822781873794860e+00
8.922565967374597173e-01
4.099273943476284265e-01
2.537796268647102282e-01
1.940418032736354881e-01
1.783002208683835688e-01
1.680296375789913921e-01
1.493894004665168584e-01
1.304425679959084206e-01
1.139057330868802898e-01
1.000733520421272227e-01
8.991324507983260161e-02
8.421174257672366104e-02
7.930496705648470979e-02
7.178281808503340911e-02
6.533401526893518885e-02
6.031318350381412868e-02
5.797474548388251853e-02
5.612719341102763437e-02
5.351398896936966632e-02
5.436859351107416194e-02
5.882336936855991211e-02
5.843335034517772864e-02
5.818824524507368312e-02
5.475122412831547741e-02
5.388646429481343259e-02
5.270980907219548206e-02
4.597533215565309528e-02
3.965793722063160748e-02
3.370524273849197228e-02
3.069951581238848995e-02
3.111517823929834878e-02
3.357724166361740481e-02
3.563253870249269428e-02
3.831762553646494984e-02
3.732253384550833497e-02
3.383417505277330067e-02
2.884453419409687205e-02
2.648050804868123248e-02
2.593377116836179108e-02
2.412515874610907454e-02
2.010541342526780267e-02
1.660499110497839353e-02
1.485196934327066842e-02
1.546648867482127397e-02
1.809552102985312327e-02
2.235286288284627290e-02
2.905418983335932709e-02
3.341675801519541217e-02
3.690062661508305281e-02
3.639517205409766726e-02
3.533471726877022295e-02
3.205520535955909411e-02
2.605636346023865527e-02
1.896371957997036381e-02
1.424382624050755594e-02
1.158192024811971477e-02
1.133727047888337218e-02
1.340542865991993862e-02
1.648601969503092277e-02
2.198161935790524102e-02
2.678407552221776303e-02
2.805521655023937230e-02
2.579865717584618745e-02
2.267132365028766416e-02
1.752998405953053174e-02
1.446527435278656057e-02
1.084652548503873236e-02
7.468599669001368437e-03
5.447946312473810233e-03
5.405775729598559336e-03
8.027657234764364741e-03
9.983559157898251255e-03
1.221300076932920614e-02
1.248288072344642084e-02
1.136686895341304515e-02
9.326488107455111615e-03
8.912478294159123862e-03
7.409217790697177064e-03
6.575218477592812381e-03
6.691012269792284521e-03
5.599119648684142483e-03
4.658823065719441478e-03
5.108756481006233863e-03
6.896497937857947250e-03
9.300648979716779827e-03
1.180422769444640189e-02
1.257972881342873939e-02
1.209780735055482684e-02
1.010674343695095595e-02
8.937299654491746501e-03
8.259215879015298356e-03
7.617151741896296090e-03
6.042123199314813724e-03
4.987107098734355932e-03
4.055272611662247284e-03
4.039871120242041584e-03
4.695384831228538620e-03
5.214773322635246448e-03
5.862474004130847037e-03
6.757576099215284807e-03
9.344637495066488928e-03
1.150219659489846481e-02
1.375698720097700764e-02
1.272501769534880971e-02
1.075017521856881826e-02
7.133830602413170421e-03
5.782119447358824091e-03
5.160377020580151144e-03
5.483453024877241871e-03
6.519623899600483947e-03
8.278501491301411622e-03
1.037043469784540602e-02
1.188620556281492699e-02
1.445509610916274369e-02
1.643335729870748149e-02
1.685551742303064565e-02
1.597473252553300790e-02
1.653630951502043159e-02
1.730679919426866484e-02
1.714809356093640810e-02
1.818507114950868725e-02
1.922688730376079236e-02
2.302502160920126897e-02
2.794671431821487903e-02
3.314608556943426237e-02
3.930054806614725893e-02
4.667808499028051200e-02
5.590423186809092421e-02
6.713208543551507645e-02
7.896336783234357559e-02
9.044544879177110475e-02
1.013345219339235881e-01
1.206650503318797835e-01
1.491346288818055366e-01
1.800461243237210518e-01
2.273202119223308171e-01
2.809407722515106509e-01
3.508821355082377691e-01
4.337613176211994603e-01
5.283210486592040400e-01
6.670472797762458939e-01
8.609018969941031330e-01
1.114948361612444705e+00
1.441960257087891550e+00
1.848327961794100638e+00
2.440444480846034825e+00
3.304759439496814277e+00
4.395113786495406849e+00
6.074622397667135409e+00
8.235280516340202084e+00
1.109774491643814720e+01
1.421073016684826840e+01
1.911354523179100795e+01
2.237827912729252233e+01
2.465473386151982638e+01
2.251215122763250776e+01
1.722532682366531631e+01
1.214282075046090092e+01
7.874617833637718611e+00
4.573203424573742737e+00
2.868578347540491347e+00
1.725583516086828473e+00
1.178078241387464864e+00
9.094835509130300144e-01
7.442513543187799785e-01
7.157446244157421589e-01
7.133207675692123662e-01
7.256997451640705421e-01
7.374873094980304300e-01
7.539657516480897659e-01
7.663243411984503872e-01
7.767011794900626764e-01
7.842428832681110906e-01
7.888924663943867044e-01
