2.865280821060141235e-15
1.049262095373388487e-14
3.938151165967459138e-13
4.748640066331809462e-12
3.132456167148888217e-11
9.046121342067576671e-11
1.206572840104981717e-10
1.471045452199949859e-10
9.680952619683979928e-11
4.084766993878423277e-11
6.360827156953334633e-11
1.808420908620293930e-10
4.644724102725511343e-10
6.539748793737637798e-10
8.220036631122123813e-10
1.540513748539075007e-09
2.874719680719696760e-09
4.161564000394524085e-09
6.455049745581655165e-09
1.030142022619230418e-08
1.311954925951373718e-08
1.417276616880116978e-08
1.712548954006829967e-08
2.060036729576193562e-08
2.561783516252534856e-08
3.292491290370787916e-08
3.836966034880877941e-08
5.152950668540949892e-08
7.115823920309094678e-08
9.225356805276302698e-08
1.105750985329113022e-07
1.380162497428209351e-07
1.705595203199842378e-07
2.205807724864616907e-07
2.755813645977218833e-07
3.431873525163220298e-07
4.153121752856577650e-07
5.118986070086811883e-07
6.232771700072785652e-07
7.788838475835556487e-07
9.370791711878377431e-07
1.113267152039116042e-06
1.279353639836727359e-06
1.367670718453775377e-06
1.388022164800334352e-06
1.439174212455964580e-06
1.592584699343465597e-06
1.868855092412169360e-06
2.306048601050946531e-06
2.853378949539246000e-06
3.352239750373898395e-06
3.702634693659101628e-06
3.992427317418167439e-06
4.366086810400301647e-06
4.883729736598899528e-06
5.322832736660435239e-06
5.850684032792637595e-06
6.172173010134678337e-06
6.620833219748642981e-06
6.981604858951301686e-06
7.247066874829902068e-06
7.343160218845298814e-06
7.593646671353333038e-06
7.702210328314577778e-06
7.799051587094260618e-06
7.716218004421994783e-06
7.528146346517390761e-06
7.169345368147975330e-06
6.932269040407493179e-06
7.066518639619371220e-06
6.642327546573869580e-06
6.244421908360927667e-06
5.814002219814853581e-06
5.500602999863574529e-06
5.029105320766434880e-06
4.809003615378013142e-06
4.482527946518419115e-06
4.256733261789654616e-06
3.940887717648330085e-06
3.672820934945781460e-06
3.294384459357143625e-06
3.092761822851068272e-06
2.854603547993648852e-06
2.579464499436243679e-06
2.249315784531203035e-06
1.899168479689071116e-06
1.600788533680525753e-06
1.342034021119875790e-06
1.194332351824301633e-06
1.015084520627355157e-06
8.496476853286922548e-07
7.011959016456905812e-07
5.893133287813720943e-07
4.854303207697189786e-07
4.216430938733645602e-07
3.547929927018617870e-07
2.979812582476953924e-07
2.377241063250277234e-07
1.983206127902429499e-07
1.576616074263324906e-07
1.257653410320669016e-07
9.661230740776424863e-08
7.392808193564107841e-08
5.188909049315856090e-08
3.693064581493770185e-08
2.591254560076679567e-08
1.893735154780558727e-08
1.291920025439358791e-08
8.782050717180744913e-09
5.509360921511105591e-09
3.647935891385564968e-09
2.454862492781661231e-09
1.647791148522339555e-09
1.077727203516381073e-09
7.972660104858255988e-10
7.357741625853838751e-10
7.837120852067341055e-10
8.575216606084424229e-10
9.497059303737240124e-10
1.050961966233325491e-09
1.150517106274772282e-09
1.216565617394080801e-09
1.270846255250799896e-09
1.340643087047373579e-09
1.413696883124896186e-09
1.425289341274633732e-09
1.378161060085557454e-09
1.362473646906146064e-09
1.385324182675090456e-09
1.373344844352104487e-09
1.291597201528778978e-09
1.205415104680933867e-09
1.172989274497425611e-09
1.157077914783329569e-09
1.133449606116438691e-09
1.052448593033416834e-09
9.744834809342826372e-10
9.275307908171715253e-10
9.302693007064052310e-10
9.248472281697624256e-10
9.040396960044177059e-10
8.238902575562065036e-10
7.746304978042620880e-10
7.518804370366445722e-10
7.346010563044197495e-10
7.064644815757393206e-10
6.804969007957870627e-10
6.673351471479671692e-10
6.620521908958829659e-10
6.659818489584114638e-10
6.733336375615396647e-10
6.870575961922173214e-10
7.004752607242488661e-10
7.156737770027535015e-10
7.277877517200192370e-10
7.430741060358159167e-10
7.545920233495795679e-10
7.697825684369957817e-10
7.803246011426382105e-10
7.979779202128157952e-10
8.131985900470870179e-10
8.291199391853258087e-10
8.553398450921728366e-10
8.847162313561422232e-10
9.229911262065299648e-10
9.541714723397857842e-10
9.866688990153396326e-10
1.010569536112505452e-09
1.033778333472032643e-09
1.055841113319846507e-09
1.068881713774889495e-09
1.084375247420422234e-09
1.098347068465695783e-09
1.102631224426540418e-09
1.084970733503795598e-09
1.067191278206503095e-09
1.059226274094355643e-09
1.072487975713980388e-09
1.080998092886004476e-09
1.086212143859792795e-09
1.087301211564976059e-09
1.093078102792738690e-09
1.114825262703845536e-09
1.156271101704372894e-09
1.183176104461519444e-09
1.190302597457426209e-09
1.192487811700807261e-09
1.178961321721428944e-09
1.181653623453018881e-09
1.189386907466486252e-09
1.200522401247282533e-09
1.207854522875986216e-09
1.213729265121567880e-09
1.220515091720164359e-09
1.224103604333672695e-09
1.241095414339366963e-09
1.269639220987302938e-09
1.299423533428925084e-09
1.321524106510753973e-09
1.332672499021546128e-09
1.338423960870941442e-09
1.346293488887560515e-09
1.354184391391988101e-09
1.365252614464686532e-09
1.353185678844023103e-09
1.344577984960009273e-09
1.329914804972023524e-09
1.317742830243842333e-09
1.306660231492392339e-09
1.306416138209276699e-09
1.302212749506480929e-09
1.296281989912528099e-09
1.298020060062674533e-09
1.302616707120979909e-09
1.312556246184798695e-09
1.305342719577503731e-09
1.293390703226438280e-09
1.283864844005628943e-09
1.272252135263750182e-09
1.255530958486717987e-09
1.236968689454004419e-09
1.208885643458091381e-09
1.179414372551137703e-09
1.153227261929102392e-09
1.129760276330788973e-09
1.104119402246215078e-09
1.075797686109249071e-09
1.054848587170873620e-09
1.036188489184221877e-09
1.025325013344602770e-09
1.013943735378152345e-09
1.013898416210657879e-09
1.005641345178030100e-09
9.959045858893383733e-10
9.825317745710426061e-10
9.636445906883356261e-10
9.342909322428277424e-10
9.040036548659547900e-10
8.745612868173495789e-10
8.726361008203093217e-10
8.532325002395219649e-10
7.877516492392443717e-10
7.310669973357089578e-10
6.897051635465758959e-10
6.667264474120736757e-10
6.679239213478592655e-10
6.701786211738957551e-10
6.708190899000489181e-10
6.638499990695941104e-10
6.582221795547300409e-10
6.557125369994201601e-10
6.573519564440785051e-10
6.642317929023284110e-10
6.627306228526768062e-10
6.554437636962520820e-10
6.392722902343235916e-10
6.248276387882564356e-10
6.080210101761233857e-10
5.821676557270211004e-10
5.665652210816091113e-10
5.527371911221917756e-10
5.373861826188002434e-10
5.244695679417154150e-10
5.116798189320920031e-10
4.985706034037107545e-10
4.830581825375302229e-10
4.690364763308006144e-10
4.563466488040450527e-10
4.414763596298148356e-10
4.317627761642402425e-10
4.275262132317043796e-10
4.240632402884797459e-10
4.192923211037813328e-10
4.113210663297300791e-10
4.041389881335566047e-10
3.965550329957666905e-10
3.927334493944726803e-10
3.874805570665415307e-10
3.811076381677196414e-10
3.666455179606128963e-10
3.521250112873444491e-10
3.388874593289253905e-10
3.275403296684601270e-10
3.167627393458131540e-10
3.084770879926099456e-10
2.971839154778372885e-10
2.935140824432624838e-10
2.941147413330138636e-10
2.922989014975556204e-10
2.943015870369997623e-10
3.004418569217002507e-10
3.030488325673529983e-10
3.031631115337959950e-10
3.022854309569880586e-10
2.977332630814046459e-10
2.931246341808348565e-10
2.851089058608453572e-10
2.752989957343631317e-10
2.717265640809984129e-10
2.626615081437974062e-10
2.580154132863605314e-10
2.543367124826032637e-10
2.493100092462051799e-10
2.454894423009799261e-10
2.507953505486827233e-10
2.643782926484374726e-10
2.824149647210380435e-10
2.866715126621027086e-10
2.798584513909071732e-10
2.766089979847749057e-10
2.807854058622366537e-10
2.911559523340317602e-10
3.001257951751837845e-10
2.965181573524602275e-10
2.901644375860041159e-10
2.848025298852979548e-10
2.837048011760814579e-10
2.862000995571988288e-10
2.890826966847587782e-10
2.878606578854049120e-10
2.870635093508024041e-10
2.843177172100694448e-10
2.853539050226484387e-10
2.889535347595251540e-10
2.898024717918520470e-10
2.887772594962880091e-10
2.873231068741116538e-10
2.864647089068078253e-10
2.987511854907849027e-10
3.089481269285018825e-10
3.025697555419622388e-10
2.989585615531008926e-10
2.895048187274862311e-10
2.857653825160292538e-10
2.893386506382343001e-10
2.933889152172325002e-10
2.971553030063033432e-10
2.928157749168565358e-10
2.871283463979959191e-10
2.855567758748887197e-10
2.880178819989116465e-10
2.901307162381877273e-10
3.186049783450365577e-10
5.126382695231281502e-10
3.853829760299834137e-10
2.856801806342500564e-10
2.837664332748382503e-10
2.717216406485344509e-10
2.676094402276148824e-10
2.860208664846904936e-10
3.105151775199682973e-10
2.723858668983858777e-10
2.558928260183904456e-10
2.553858090130369744e-10
2.523966610968409105e-10
2.613996196831368960e-10
3.609379214841868417e-10
3.594428479843867504e-10
2.606329788814518381e-10
2.542515083425858905e-10
2.528628754650000775e-10
2.495693876453679026e-10
2.380518205200708481e-10
2.350040640162419851e-10
2.352608201622003006e-10
3.403134391236552429e-10
6.083204743574631306e-10
5.369552148394196960e-10
6.589629932400679576e-10
6.552746451810818970e-10
4.432223823791729631e-10
6.485903190239312297e-10
4.887403906894985606e-10
2.076197639375868920e-10
1.824968164365982191e-10
1.761289303780792419e-10
1.759623761794451312e-10
1.779332357798056908e-10
1.762026890008380545e-10
1.703564938067126278e-10
1.667659942668312085e-10
1.586051669532334739e-10
1.542525602864881002e-10
1.495894808696918097e-10
1.397900134952870230e-10
1.280112600560042209e-10
1.186680715479271457e-10
1.175344806865923832e-10
1.210949207934647715e-10
1.205269064729513529e-10
1.135583532583250859e-10
1.058828343268334918e-10
1.036890812377812602e-10
1.108638650442650136e-10
1.150742401138274337e-10
1.085338482004431271e-10
1.043934058068189498e-10
1.001604028471596278e-10
9.543232517509347382e-11
9.371262513683977975e-11
9.342338522270794462e-11
8.972951050834617009e-11
8.440514386393898424e-11
7.779131872978319274e-11
7.437181970930288462e-11
7.249833030881803361e-11
6.774510228948202885e-11
6.561461130076897060e-11
6.138972966540100257e-11
5.891121146655720235e-11
5.892798124489674779e-11
5.791198850529290684e-11
5.760015061067654601e-11
5.483845404882612001e-11
4.758908371765485663e-11
4.243356589503372651e-11
4.143437741939149121e-11
4.193435857406153516e-11
3.978574979875033817e-11
3.553451519839348720e-11
3.075314393377310525e-11
2.784878278349547325e-11
2.589216831304156718e-11
2.501436797614099692e-11
2.360990858450077306e-11
2.170845194981912691e-11
1.971852971901833169e-11
1.751577280027771357e-11
1.528336042129024506e-11
1.375641770123846825e-11
1.258473927846399162e-11
1.142828753265111749e-11
1.019216952951267445e-11
9.046183455655772419e-12
8.332279749659999255e-12
1.265761700485492559e-11
1.035072433270590697e-11
5.193167045419764116e-12
4.261163883095883031e-12
3.635281555843364115e-12
3.248152728539328536e-12
2.925757105955554389e-12
2.527347069530059847e-12
2.068090255611682202e-12
1.695652216543443026e-12
1.489056538311608108e-12
1.336660572322898014e-12
1.214958058135549112e-12
1.044299279435100802e-12
8.423095564671041327e-13
6.733639996785453731e-13
5.425637929596748996e-13
4.809671067270614388e-13
4.356184176681989795e-13
4.222023304108618123e-13
6.138889403099265985e-13
1.553620952294780107e-12
7.345569038676629707e-12
8.140281038789059120e-12
3.075050824527381371e-12
4.414824956433879461e-12
5.005104847448596662e-12
1.811576973572132693e-12
1.248207928870022862e-12
2.246233732732565087e-12
9.599374023894295015e-13
1.132288438684961367e-13
2.901645893074258076e-14
1.680575279986954536e-14
1.258687298102092131e-14
9.341161935499499785e-15
6.881948755220492898e-15
5.042709082319898341e-15
3.519052049784034620e-15
2.497293015044434018e-15
1.938498331570509402e-15
1.461024048248713885e-15
1.087913060276625518e-15
7.948076666145400372e-16
5.680376786636512660e-16
4.054203266910759747e-16
2.949420679592655881e-16
2.149156997910799117e-16
1.549278597238533984e-16
1.047163472963425984e-16
6.711045129640379365e-17
4.403411844820965143e-17
2.956792185547819818e-17
1.956621839179203067e-17
1.202541012233258995e-17
7.213473337363769651e-18
4.167592611740717296e-18
2.458200454758811959e-18
1.455141156185195586e-18
8.755179140152070693e-19
4.987625569708756249e-19
2.664497464457616368e-19
1.432898657905590605e-19
1.016367400693563977e-19
5.663759535745741527e-20
2.710686495407760008e-20
1.162615036538829145e-20
6.359930491471217928e-21
4.923417168357100932e-21
3.516033007891812332e-21
3.210407193901565348e-21
3.108645518686099287e-21
3.051768715686210246e-21
3.015651436933048359e-21
2.992640752887947016e-21
2.975505513222854212e-21
2.965483323967505340e-21
