7.707728991081080894e-01
7.718584213995932641e-01
7.819520954854524142e-01
8.220611143898348683e-01
8.147269179389616811e-01
8.213956775215625061e-01
1.245395915755378224e+00
1.750096889904389386e+00
2.073405028440374664e+00
2.045771940771972552e+00
2.141835620217214853e+00
2.043566651135457324e+00
2.006690331420099671e+00
1.896520197619442349e+00
1.892562755077858982e+00
1.799442610606412307e+00
1.802634075392675728e+00
1.767938541976453282e+00
1.824194770476467164e+00
1.830157842685614655e+00
1.958468495583279623e+00
1.964501214046263433e+00
2.079462193441938833e+00
2.104131507180102112e+00
2.234111869306893539e+00
2.205143172143687824e+00
2.303813348789088167e+00
2.192729025378307828e+00
2.274844756669141432e+00
2.196697468796891872e+00
2.307325207723950999e+00
2.315999566502410456e+00
2.460846559848677284e+00
2.518037837126274603e+00
2.640524805066541969e+00
2.677009394019572497e+00
2.698814168996383156e+00
2.679205617655455285e+00
2.754857180842124720e+00
2.756669287286048320e+00
2.899944561589676173e+00
2.986373045265113380e+00
3.191557643445568360e+00
3.155841318430351095e+00
3.240497369143248374e+00
3.273097791960353664e+00
3.290957525745937140e+00
3.237343981570946827e+00
3.486679638209305931e+00
3.738134973616284995e+00
4.233399443351018476e+00
4.572427449913659459e+00
4.796428755056901139e+00
4.660208614512868053e+00
5.485791885775666010e+00
5.410031219980957040e+00
5.320657784337696761e+00
5.642592067683791512e+00
6.672790646232920508e+00
7.969435007113255587e+00
8.330157636147479394e+00
7.271942721693727130e+00
7.756123624737658595e+00
9.673972205740621888e+00
1.053024190390908998e+01
1.127470843375178333e+01
1.032306213692209518e+01
8.759802347749474194e+00
9.707956574763542790e+00
1.329009692253252339e+01
1.662510115590749393e+01
1.879445928988127434e+01
1.957883238101885937e+01
2.704668441440287552e+01
3.052900973865887835e+01
3.660193810350832422e+01
3.257657080427254925e+01
3.036029382323329884e+01
2.665565686125938072e+01
2.809843990370263711e+01
2.867031429918335661e+01
3.186234881417774645e+01
3.701377673320982353e+01
4.256857347901174649e+01
4.215301369255647046e+01
3.861656533221538723e+01
3.545400193619765616e+01
2.756350026832916100e+01
2.266296190444874270e+01
2.137232096026695771e+01
2.802780515692073493e+01
3.103637048694900002e+01
3.296730271068744145e+01
3.004984454465112975e+01
3.699794669737313058e+01
3.425436611743308646e+01
3.530487107316648121e+01
3.390382537268428820e+01
2.994559111791348727e+01
2.841187756310297985e+01
1.987623644178091453e+01
1.548740584202375281e+01
1.468124342011553196e+01
1.895987067274803906e+01
2.624182045397004259e+01
3.002741878019950406e+01
3.346915831209808800e+01
2.921987362199488558e+01
3.517766752311707279e+01
3.745672599180567630e+01
3.990347106259608978e+01
5.180208807922191028e+01
6.327747758762993158e+01
5.934152281509096127e+01
6.166945341211196308e+01
5.564237071297814907e+01
7.247449626871045325e+01
7.079185068013303805e+01
7.088037893117072485e+01
5.775842206918197519e+01
5.462029837386870668e+01
4.640489843417738314e+01
5.243195871772926608e+01
7.016151948712612807e+01
6.877133511908607488e+01
5.956650088555777245e+01
5.624810038801268774e+01
7.439637501742164716e+01
9.390081637544871285e+01
1.238918091296599044e+02
1.136913705220361379e+02
1.236713354023854095e+02
9.318072478732949548e+01
1.114969241587914439e+02
8.819500873523489304e+01
7.786521717977139190e+01
7.627589281358255846e+01
6.258438590000225332e+01
5.667856135338876555e+01
5.444124157797760688e+01
4.357415307042839459e+01
3.492270204597242866e+01
2.573313879630401502e+01
2.279316029398330556e+01
2.331898832338426431e+01
2.526038243909038172e+01
3.770872140753931490e+01
3.347561993850649742e+01
3.689194876453627359e+01
3.140164989628549463e+01
3.755622278817665460e+01
4.116269055888858475e+01
3.829731514273031223e+01
3.977989643772757233e+01
7.014115196490516269e+01
5.392858318831311948e+01
6.394412867842911652e+01
6.134664928621590008e+01
6.241707781622897500e+01
6.674881788019354190e+01
7.201912068583153825e+01
8.762683202817115102e+01
6.668969411747215759e+01
7.802124439739885986e+01
8.414728835473914614e+01
6.190477885138617609e+01
5.427169322394967566e+01
4.468815143132501788e+01
4.209507872515458615e+01
2.862725047951074586e+01
3.838766727777154841e+01
3.911467553904287087e+01
3.130320443720347612e+01
4.160522478609503594e+01
4.619224518759882159e+01
4.766575535250946416e+01
6.084690406256504502e+01
6.986237909519539357e+01
8.534628916462294512e+01
1.013564756488701164e+02
9.641217230995111720e+01
7.980623788981762345e+01
7.939472546333225011e+01
9.521712075038294643e+01
8.127685298682604298e+01
1.092853565038522277e+02
1.299941175427748874e+02
9.700222641673390456e+01
1.235642307764287295e+02
1.699583547954379128e+02
1.277761545968037638e+02
1.512069486085532901e+02
1.438558544350815112e+02
1.516366164768336375e+02
1.581020805582293178e+02
1.474940037588780513e+02
1.841512544731297396e+02
1.348645597325974563e+02
1.027074457137785686e+02
9.842714327223180248e+01
1.028090950473344947e+02
1.597744102634961507e+02
2.517421915239110035e+02
1.989508957090521051e+02
2.216013924185837709e+02
3.299178191461759297e+02
2.398322968723401800e+02
4.574477033580614034e+02
3.735114885050874705e+02
2.911284272833811997e+02
3.385646336292084015e+02
3.079675928170616430e+02
4.833731236034351468e+02
5.939244284949558050e+02
4.973710801702327444e+02
5.648963396951443201e+02
5.994609786187575082e+02
4.488599660842522212e+02
5.836020675136355749e+02
5.426951890133568668e+02
4.382087869363486448e+02
4.291042964408683247e+02
4.933329620386070360e+02
9.023909301204960229e+02
7.898054106211628778e+02
7.194468464345328584e+02
6.459557354332732757e+02
5.177800714900283765e+02
5.686451749615741846e+02
5.061613307465610774e+02
4.381954717207439103e+02
4.602362281407955038e+02
5.203570353655522922e+02
4.932713150046247392e+02
6.744057617026746811e+02
6.619356642437768414e+02
8.143088159801942538e+02
9.340586556463173338e+02
1.111504390220038886e+03
1.452086910110734834e+03
1.304009691887252757e+03
1.870587870006084358e+03
1.757350659247955946e+03
1.852152924320171905e+03
1.549897859143324922e+03
1.083350607684382339e+03
1.066063373404760796e+03
5.590049186549537126e+02
6.270164139573024613e+02
8.342421307250492646e+02
8.344029522766973059e+02
1.170570440460047848e+03
1.260310220789727737e+03
1.152805715306028105e+03
1.314670907495813935e+03
1.003419091106190194e+03
1.021898273475804899e+03
1.031990463011062729e+03
8.094742336377389620e+02
7.421788610502350139e+02
7.643681424122453336e+02
8.550484851221572171e+02
1.137653409911323706e+03
1.394457505728913702e+03
1.846146176902115712e+03
1.399778993801729484e+03
1.181176510219082502e+03
1.801559390399453150e+03
2.891761261081669090e+03
2.758898728653539820e+03
2.442986312424432526e+03
2.267799909185653178e+03
2.120061944664813836e+03
2.952331721699875743e+03
3.828532572406690178e+03
3.721741796424616496e+03
4.177110184780111013e+03
4.045890616233907167e+03
4.544837677487822475e+03
3.968587377356615889e+03
2.919478947147760209e+03
1.506907647930953772e+03
1.149487020002628469e+03
9.081570380937375830e+02
6.642990739312373307e+02
9.195900859326040973e+02
1.451631961196640077e+03
2.142612236690078134e+03
3.378764463590209289e+03
4.776676340369509489e+03
4.765808027672434037e+03
4.545149336249728549e+03
6.237155537567500687e+03
3.435800072182360964e+03
3.643230985121527738e+03
3.714594500512441755e+03
3.886983987946388424e+03
5.368736146490286046e+03
4.982070623801949296e+03
5.546984477194190731e+03
6.933017000122567879e+03
6.016176124727152455e+03
7.581875633936767372e+03
4.690500515091433044e+03
3.855129564078201838e+03
2.630487368485359639e+03
2.028563190419118200e+03
1.218224077690916374e+03
1.163838874825055882e+03
1.664247937803578225e+03
1.703096331941661447e+03
2.766870001501116803e+03
2.579403123251700436e+03
2.706625086892511717e+03
3.221557502705227762e+03
3.360546251704549832e+03
2.873417100049635792e+03
2.797543990375135763e+03
2.454396189471564867e+03
1.988626699605149497e+03
1.303579431626928226e+03
1.238762919071094302e+03
7.272700762232909710e+02
5.001763310100152466e+02
5.708913705216135668e+02
4.728210260987307265e+02
5.118821297226868978e+02
7.719782119918072567e+02
9.037551546698977063e+02
1.771470465504850381e+03
2.066261457769263870e+03
1.639115696779941800e+03
1.744285863737926775e+03
1.559570139802551239e+03
9.660639747586674275e+02
1.288815608725180709e+03
9.711310027765725863e+02
1.152691411583070703e+03
1.545439637473846233e+03
1.626425341078601150e+03
2.082807209385947317e+03
1.325464488878167231e+03
1.221193789172158858e+03
7.951107715344053304e+02
9.153305515600760600e+02
1.511811602193463841e+03
1.915261744553551353e+03
2.245918998639207530e+03
2.305464700869213175e+03
1.489775088975520703e+03
9.057852989045602499e+02
4.703835804906871090e+02
3.583588545525097402e+02
5.555885001164940604e+02
4.025340083912838054e+02
7.980846812440446456e+02
8.965020217480620204e+02
8.425455439346636695e+02
7.622691471010383566e+02
5.067985986905942468e+02
4.811133333191407360e+02
4.514360722008472067e+02
3.278189724433295282e+02
4.347190395574637023e+02
5.839002126848436092e+02
4.366017049039132871e+02
8.101204903656034730e+02
5.224434365939731606e+02
6.206383340302836586e+02
5.334546696337017693e+02
6.025288720171395198e+02
5.594667820375502743e+02
6.630596343588769059e+02
3.215984233351811667e+02
3.922508970001878765e+02
2.637030848440867885e+02
1.689441146185624518e+02
1.352795070102659452e+02
2.009637193817055163e+02
1.359963737860269646e+02
1.943471596250549567e+02
2.210042860723054332e+02
2.217283676386638547e+02
1.976587939728908054e+02
1.233630160746059374e+02
1.706154585587528061e+02
8.261701144781501682e+01
1.406977690878303235e+02
1.053974045072237402e+02
1.651558880797567213e+02
1.967360475432193709e+02
2.974937479277792818e+02
2.459537372002338600e+02
3.202967349460652713e+02
2.856164113883211826e+02
3.332053083733297285e+02
2.248893483468374370e+02
2.824151644514457189e+02
1.253438619738369795e+02
1.639357338730679317e+02
9.086371715895234047e+01
4.922116101567694813e+01
4.290451188696974327e+01
5.567058422007696805e+01
6.625373767660120450e+01
9.345818651692721346e+01
1.074017735196830614e+02
8.449173130173250001e+01
7.491567902369268950e+01
5.469343079443434164e+01
3.316909949097077970e+01
2.934583213277014124e+01
3.185354921843451592e+01
6.724574739075887919e+01
8.305570369649656470e+01
1.057271284783084440e+02
9.842000329343248666e+01
8.625880668738292911e+01
7.861550295956368473e+01
7.573755225521512102e+01
7.147447257241176999e+01
7.530798592347272802e+01
6.781896668327919997e+01
4.655647797612318328e+01
2.912289986072634207e+01
2.214957204163824045e+01
2.515337840834492056e+01
2.364980967503146303e+01
2.083506038124473747e+01
2.911337446064475287e+01
2.110792955323828224e+01
1.937035555830734879e+01
1.240064428788003248e+01
9.295310808600518726e+00
8.156687167193171106e+00
7.814491588286358592e+00
6.375485491865688026e+00
7.812686117633117711e+00
6.020423921446269588e+00
5.466406241742837402e+00
5.450822086040540526e+00
3.596822885257263902e+00
3.265719836474927362e+00
3.812668106937697754e+00
3.685921470123639132e+00
4.379380636347958600e+00
4.277913256963897126e+00
4.067858332058436055e+00
3.904887048377171155e+00
3.437831405726001321e+00
3.444946029697292911e+00
3.120725832863630700e+00
3.088469701741831663e+00
2.955178307057997333e+00
2.875146856882739854e+00
3.016920156209168535e+00
2.828096541515434215e+00
2.863921862878802571e+00
2.850509362058807117e+00
2.809667934555252433e+00
2.838252844831789634e+00
2.790094985947436435e+00
2.802570322050399465e+00
2.813644430833443622e+00
2.777285584774732641e+00
2.785266607905775960e+00
2.784982091160921769e+00
2.772490850433239729e+00
2.774437032556826388e+00
2.757312382224227143e+00
2.756339453669963913e+00
2.739874138871823739e+00
2.729653416270763966e+00
2.723408136009426439e+00
2.711193720267424112e+00
2.704184388823688501e+00
2.696154348491547559e+00
2.687624603272955603e+00
2.680589471552449421e+00
2.670774637919673289e+00
2.664232440887246867e+00
2.655534038461366819e+00
2.647685349252087761e+00
2.641007802706669683e+00
2.633410766431472094e+00
2.627185894004147926e+00
2.620731263756213458e+00
2.614759503718548483e+00
2.609408316677606088e+00
2.603852569396154948e+00
2.599042919067690249e+00
2.594159987236757559e+00
2.589654704996358081e+00
2.585434604398208158e+00
2.581298054286827348e+00
2.577509201176023002e+00
2.573875572672759571e+00
2.570498590794178195e+00
2.567336872254014857e+00
2.564371634323102889e+00
2.561653506810142034e+00
2.559139727778513951e+00
2.556850515866633700e+00
2.554779432807260608e+00
2.552926149112676235e+00
2.551293769250692289e+00
2.549878627682293342e+00
2.548682130406451751e+00
2.547703629943629977e+00
2.546942825333089910e+00
2.546399559999856788e+00
2.546073657228965725e+00
