9.977990162654152284e-01
1.273961838432675631e+00
1.241412413812611693e+00
1.188082602231914420e+00
1.079152358631098485e+00
9.593464332848801179e-01
8.770875356573719639e-01
7.423244882833366365e-01
5.859812714412185874e-01
4.342965963638339977e-01
3.017609163127094041e-01
2.047411271882523531e-01
1.450242998182755261e-01
1.080790349764282759e-01
8.078022219178575269e-02
6.300160412698213586e-02
5.235871359209687270e-02
4.037838659775107308e-02
3.262054774752103092e-02
2.609309878060873944e-02
2.315181951770184030e-02
2.003904057633614649e-02
1.734402916803946468e-02
1.523525967079801709e-02
1.375219441811972518e-02
1.248085381729133365e-02
1.170071960859602953e-02
1.084764431607602303e-02
9.337137570957360078e-03
8.291739053237273324e-03
7.671501068116602477e-03
7.412683897314016265e-03
7.152958301069132357e-03
6.623922434710787302e-03
6.321957042207077687e-03
5.775443644450046175e-03
5.319128971571619388e-03
5.035761575905166147e-03
4.937740042607707651e-03
4.636095645866845048e-03
4.503205610620164383e-03
4.208976949533535690e-03
3.916798512369782867e-03
3.756926876510433087e-03
3.565541134283108701e-03
3.345967741024599360e-03
3.139348308912652107e-03
3.173467166941406573e-03
3.041935779090157790e-03
2.916933608407542688e-03
2.697190853070357327e-03
2.581712646623217106e-03
2.435197274009011717e-03
2.289484313501486540e-03
2.218845199990780986e-03
2.117668697557899965e-03
2.080903378196589330e-03
1.992645215639129302e-03
1.989356028658636946e-03
1.786212800944485344e-03
1.694850380269839404e-03
1.699264161789699502e-03
1.669762845117461238e-03
1.597068335045713494e-03
1.514116292870026220e-03
1.511129686043021381e-03
1.523643067335288259e-03
1.504351856757250991e-03
1.460921772220478325e-03
1.516855027238621844e-03
1.458668908249517249e-03
1.526000348332020575e-03
1.817834450600283374e-03
2.344870274094173340e-03
2.528072756171769429e-03
2.316886001255740943e-03
2.011278763451272711e-03
1.805462575536378837e-03
1.855058128134689198e-03
1.936525719564220413e-03
1.476401109339264004e-03
1.171925261271094046e-03
1.120141003654762102e-03
1.246495404574766508e-03
1.286552970080946396e-03
1.219443285568555741e-03
1.211954140363959934e-03
1.123372584361714919e-03
9.960403959181716310e-04
9.582614380877680672e-04
1.029598020160601545e-03
1.202126945144541817e-03
1.452136698292312133e-03
1.580331421714611939e-03
3.453234844084423355e-03
6.852824592517568411e-03
9.267525133618333827e-03
9.904623061900773989e-03
8.794182929528958359e-03
9.184373986281850477e-03
1.126849596243219113e-02
1.386394480703251331e-02
1.602369794690713251e-02
1.781273648126379533e-02
1.654851055938456883e-02
1.320649662270840727e-02
1.056419836692078923e-02
9.694294016773640638e-03
1.057559136748756172e-02
1.060048487588190029e-02
9.661840866841072545e-03
7.244001182718467005e-03
4.554021766111692425e-03
4.808228293270338030e-03
8.376021342042825474e-03
1.497645781418667499e-02
2.909424841085832270e-02
4.585666236123559641e-02
5.855756571188366899e-02
6.090236143856150863e-02
5.345136092018661772e-02
4.786362225473755894e-02
4.365025089043338830e-02
4.096143123697840172e-02
3.850665998794659123e-02
3.039531636855506008e-02
2.184477312439761509e-02
3.279628316826780493e-02
5.887158998339478422e-02
8.025073617975707341e-02
7.799642384620462943e-02
7.645111606086746336e-02
8.239723904106405206e-02
9.284841734268108049e-02
9.806282284595174703e-02
9.419527763996381198e-02
8.236936845284301145e-02
7.678679574433031063e-02
7.999495881606021042e-02
8.546272518308178912e-02
9.362195928817816648e-02
1.217900769398871375e-01
1.287618129323053195e-01
1.274219493521034918e-01
1.329364549976850274e-01
1.298657858822187539e-01
1.272882890379247456e-01
1.213544723602969083e-01
1.134260376594251746e-01
1.117708914839689455e-01
1.137525365613984152e-01
1.125331887430330718e-01
1.223055714876693789e-01
1.390995501653754240e-01
1.491064865055415078e-01
1.436034236395865582e-01
1.363998948900716768e-01
1.220363172818541286e-01
1.149099674364753992e-01
1.064470329717558811e-01
7.999895484456108485e-02
5.772990321487368737e-02
4.856902174149983764e-02
4.899084736150208924e-02
3.859076007562198263e-02
2.887732229220051766e-02
2.210210326965368621e-02
2.117135852202254101e-02
1.890627987132993681e-02
1.979977170028040037e-02
1.978837065737089687e-02
1.830291221953997752e-02
1.421659724320461192e-02
9.667070444698694365e-03
5.988493111504075185e-03
3.252364354246499098e-03
3.999244960779470628e-03
9.551349646298088608e-03
1.808816987636542237e-02
3.434173321467039186e-02
3.612540446020648388e-02
1.825518175698868234e-02
1.052737550317121504e-02
2.559176806861978432e-02
3.048244499680910838e-02
2.157168968094711620e-02
1.655651599127911169e-02
1.488742513866363193e-02
1.686730226563217666e-02
1.742504445064545909e-02
2.109188358392301288e-02
2.690780806601569472e-02
3.165697241881545304e-02
4.627944409738819764e-02
7.852047678393028751e-02
1.068007899854575560e-01
8.665651938431694068e-02
4.761102293296801818e-02
3.557394116034832965e-02
3.382808429006094186e-02
3.976189276413341633e-02
5.574354933525348804e-02
5.916795216510469663e-02
4.083309563525257951e-02
2.349865260977499273e-02
3.287805054003889449e-02
5.402686310373640277e-02
6.942905475623133149e-02
6.316195806804521251e-02
6.602374590307868996e-02
7.861380578934093477e-02
6.848142982068081142e-02
5.889347721586651874e-02
4.745117200064533775e-02
4.513533600036936932e-02
3.904192070227019418e-02
2.406694501978924247e-02
1.684846831473910816e-02
3.475999489336404485e-02
7.972050282908559049e-02
1.056277163468053865e-01
1.119128217594198005e-01
1.538410895737377382e-01
2.288447740998120206e-01
2.489310226224455413e-01
1.814940741807694047e-01
8.426160689621531308e-02
5.590699080306910790e-02
8.810602185363079764e-02
1.169884012009210356e-01
1.174118851294897042e-01
8.466870333656223435e-02
4.959910005722926313e-02
4.406361958812080037e-02
7.322000704203582289e-02
9.765649760173195082e-02
9.393289184235352474e-02
1.099466495901801066e-01
1.312136824276177449e-01
1.136273296299164376e-01
7.845456334474909532e-02
3.961388750092625921e-02
2.769486894475859523e-02
3.185818010247588872e-02
1.890753700019460332e-02
1.379850499424888077e-02
2.328394833240722550e-02
4.022749566933857268e-02
4.275859511077612779e-02
2.580912507787014656e-02
2.328762869070976488e-02
2.880675900843833806e-02
6.204989279291679011e-02
1.091033870319688681e-01
1.652861462330897091e-01
2.179590434830709356e-01
2.316218965872110236e-01
1.940108462196254158e-01
1.661782553048493649e-01
1.267369318258689814e-01
1.130965933259516082e-01
1.294787970209343164e-01
1.089653513577248933e-01
8.741482462383765029e-02
6.902391232220969619e-02
8.881819178272871984e-02
1.252857635914212120e-01
1.641615557709787954e-01
2.012506041590683137e-01
1.741235619033278392e-01
1.203001539541430354e-01
8.723330488474637101e-02
5.406246930181635851e-02
4.703317939107305029e-02
4.636411620305132264e-02
4.765655241536873032e-02
4.889897301291049742e-02
6.893098634459018936e-02
5.425527979773137749e-02
5.751844627257290260e-02
7.541176765247259439e-02
1.065303040183351174e-01
1.278656560946111465e-01
1.622406472438529534e-01
2.658371578936358226e-01
3.504205407202327094e-01
5.373068352776121381e-01
6.405816506833147406e-01
5.775914668928610052e-01
4.356560658481726245e-01
3.533198972640930746e-01
4.357055769835636583e-01
4.033849729712076781e-01
3.120898224238734531e-01
1.825758083054892233e-01
1.589541934727694561e-01
1.859606669951430202e-01
2.073997629577275237e-01
2.151026562303549050e-01
2.407678762087476221e-01
2.481345537711742710e-01
1.916094167157459949e-01
1.687334743363641532e-01
1.230988485529536519e-01
1.294078956481471698e-01
1.290214195823777832e-01
1.604971988174405950e-01
2.123388031375769425e-01
3.331019651349499400e-01
4.563759983698025824e-01
4.395257023606040092e-01
2.451450382353815571e-01
7.470000898875060746e-02
3.428335676632403989e-02
9.637215092141525330e-02
1.426357179741553627e-01
1.485852585657676528e-01
1.539720080270073621e-01
1.791124335623258124e-01
1.998074163675399584e-01
2.605025780028673021e-01
2.629806061427735764e-01
2.676306292415839838e-01
2.824970287348221865e-01
3.539057405314209870e-01
3.768006121126164509e-01
3.009610262914951262e-01
2.845281196135591717e-01
2.532369293503582974e-01
2.075883487184749243e-01
1.909014383644581925e-01
2.132821814009583095e-01
2.513515598157026742e-01
1.719006031803914092e-01
1.527674040257328558e-01
1.871363192140863829e-01
2.205082645328264035e-01
3.541132852205289838e-01
4.032956493279582499e-01
4.099971361258633040e-01
4.906359393084184228e-01
5.831498092207195727e-01
6.574783669541215403e-01
7.329239564056808653e-01
7.391698548660710077e-01
5.092247647806890098e-01
3.908794643461080409e-01
6.081587506391572528e-01
7.930760792506349466e-01
6.334772376361847979e-01
3.939871053300134096e-01
1.801512026839570402e-01
1.669206467703369112e-01
6.427092695883814821e-01
1.753667497240295248e+00
2.763053120473384805e+00
2.878558639622027293e+00
2.757293451082079461e+00
2.442617218547018521e+00
1.751723363592190275e+00
1.342303189751948400e+00
1.067572595668611291e+00
9.146336679457346408e-01
5.855462436769639512e-01
4.932196292652705205e-01
6.033780164334440199e-01
5.309119149645229463e-01
3.721783405769387154e-01
1.914405023043869725e-01
1.576634902218401746e-01
1.455348277511916699e-01
1.682382004747408899e-01
3.567159836723914901e-01
5.962928926390098638e-01
1.012358998221099204e+00
1.524374955839787216e+00
1.905723298958853951e+00
1.860901830343924868e+00
1.662881749127462783e+00
1.538993966250089107e+00
1.127822816510518855e+00
1.038943131853134361e+00
1.103756315355216566e+00
1.194940479211566320e+00
1.108980273872732347e+00
7.764357811317855740e-01
5.575354614481087268e-01
3.836302659366478962e-01
2.959237152302829910e-01
2.590212586838672726e-01
1.911723081379202993e-01
3.178412252056158627e-01
4.745480474446289731e-01
5.784792276868030436e-01
7.219473904176682000e-01
6.575446181582071947e-01
7.304778902656867690e-01
9.443675039922133641e-01
1.076398002294196798e+00
1.136371516532120429e+00
1.084780504468150442e+00
7.772127468253874349e-01
7.020554661618632064e-01
7.227190569417117905e-01
7.234700294967489898e-01
5.518199289240208749e-01
4.087513634158002063e-01
3.637371302129325246e-01
3.342070910865844735e-01
2.968814240982657893e-01
2.037915961911710427e-01
1.354958648434161916e-01
1.606214687768755534e-01
2.037840571654121746e-01
2.743075707279037934e-01
4.008683524624405692e-01
3.804692919043939914e-01
3.180937911109840699e-01
3.249225158559149174e-01
2.493056954628919131e-01
1.412422066071893634e-01
9.566239933108471039e-02
8.452274326585315634e-02
6.581288945514143784e-02
3.603196677874705850e-02
3.851391298083543108e-02
5.228420251016384357e-02
6.243941146306710571e-02
7.609585065580931618e-02
7.783041039400698247e-02
1.087551078492114548e-01
1.277095802936611679e-01
1.797975673597994040e-01
2.418217650912676542e-01
3.708986053610217604e-01
4.818610049931366102e-01
5.040775391862118981e-01
5.087723774139354393e-01
5.578062331806488139e-01
4.924989422760499003e-01
2.979561517982662333e-01
2.107419084883118410e-01
1.669164650655406423e-01
1.381816403309247265e-01
1.361020294649902818e-01
1.164903407199188029e-01
9.761133416361335302e-02
1.019405839675145281e-01
8.102871902682275140e-02
5.121722229088038203e-02
4.852586620679916196e-02
3.997920857321969612e-02
3.311173731417284966e-02
3.667713484475925573e-02
6.330841123133927606e-02
9.509004409101978750e-02
9.914585411121251690e-02
1.304051946772841197e-01
2.315570124861793533e-01
2.920044962658602250e-01
3.460246506571724723e-01
3.191127478375538340e-01
2.768554020803516424e-01
2.335736872368427419e-01
1.718937644254449337e-01
1.448575587492077488e-01
1.070163837243176957e-01
6.466015377315025014e-02
6.092520886560826715e-02
6.479558112896519062e-02
4.854430664960771025e-02
3.798917154023560144e-02
3.861783859568568289e-02
5.579235361895850537e-02
9.344425022080422860e-02
1.693690180070771267e-01
2.769784572741210704e-01
3.954092202469074446e-01
3.968389658754838401e-01
3.288890996151621615e-01
3.268331140230304466e-01
4.069183206474893955e-01
4.285985531118102210e-01
3.833633457718331194e-01
4.038339556746007308e-01
4.432132835392469938e-01
4.896476193897540408e-01
6.033378337497311561e-01
7.633580533331704165e-01
8.787451189512234251e-01
1.074578271352590209e+00
1.179847271497841632e+00
1.366544937605196131e+00
1.247676843698799054e+00
1.136279195651499707e+00
9.209312104593506687e-01
6.857833702575958368e-01
6.325754015583229251e-01
5.311385524788808654e-01
4.848989781571276247e-01
4.796985957098367503e-01
4.644225914600291771e-01
4.665993574832097424e-01
4.713610766446726941e-01
4.740277743918083764e-01
4.802634694729668308e-01
4.843859697124998087e-01
4.886436651589762259e-01
4.922982015108337550e-01
4.951043376959288755e-01
4.971685541555246335e-01
4.984183002079213276e-01
