8.868944248083848755e-07
1.128490135275524843e-05
2.685816849803057075e-04
2.989170342626672888e-03
1.504693571664072159e-02
3.631094010211979861e-02
4.806827379542711470e-02
3.991172310956170310e-02
2.852786893658023140e-02
2.010669025397244028e-02
1.457482286638631455e-02
1.094371406774235361e-02
8.149879543523322334e-03
6.391704409022536115e-03
5.063596121970917810e-03
4.204139724016555876e-03
3.582011329959054399e-03
3.097752210444094500e-03
2.752094060084856863e-03
2.391759777053008990e-03
2.214221311765111281e-03
2.053615385243078278e-03
1.872318951894817078e-03
1.834524104237143360e-03
1.736187573867666641e-03
1.690426389609273961e-03
1.684716378670981889e-03
1.664513414431644444e-03
1.672279145118445946e-03
1.639453021855937984e-03
1.540890801317348902e-03
1.557399421189010645e-03
1.548026161844254234e-03
1.531144656977993400e-03
1.581070692657242935e-03
1.598161610635118277e-03
1.596920513182448079e-03
1.546954910734901030e-03
1.508360630985358187e-03
1.553369053932347494e-03
1.538856998381099919e-03
1.538976647475499056e-03
1.600159760971171796e-03
1.709708791817901065e-03
1.691854904094816821e-03
1.628941447282262946e-03
1.574888810353864939e-03
1.576588423524248953e-03
1.735545163558288454e-03
1.774549054830968373e-03
1.727769334368119223e-03
2.220085600081654620e-03
4.073737330295668438e-03
5.211584089226710230e-03
3.787150363181701271e-03
2.617038444122081475e-03
2.825485423956984512e-03
2.907767255875461348e-03
2.297714819958181394e-03
2.421537070344809053e-03
2.180419361308885435e-03
2.049558286107903363e-03
2.138111173158306101e-03
2.357187714355796042e-03
3.121349340652927566e-03
4.577169586919723615e-03
6.636392178701336353e-03
8.349968665355518224e-03
1.129975888131860666e-02
1.633759324112026359e-02
1.658453112431825666e-02
1.739674298426727161e-02
3.367996368232225451e-02
6.826407554570834701e-02
8.677051311028209646e-02
8.038230975662934152e-02
7.025469399197052656e-02
6.780281008906331730e-02
7.554782894473284494e-02
8.864287503784554212e-02
6.085385607868468855e-02
3.556281757158063356e-02
3.083871593049695298e-02
3.995275756631844200e-02
4.056149631632334496e-02
3.162846381842476101e-02
3.890464670895787958e-02
3.607687875639375985e-02
2.745789289498636390e-02
2.438215209943398951e-02
3.983326335986322325e-02
6.778940235931302238e-02
9.277562609426691365e-02
8.287695526116543865e-02
2.950003155768853302e-01
7.027878117253067991e-01
1.034101505599346771e+00
1.137737014419794690e+00
9.594102522791414511e-01
1.025263725958466487e+00
1.279601326131294181e+00
1.651656413228349995e+00
2.006744012877176520e+00
2.217926493525317344e+00
2.062415794735997565e+00
1.599429613184590426e+00
1.278032934186473790e+00
1.221944033619859926e+00
1.419876614640569690e+00
1.416289488711300226e+00
1.312277318084572597e+00
1.049993253594649456e+00
7.073794277764535732e-01
6.537764700148581687e-01
1.042803690628895552e+00
1.836867067188025171e+00
3.789339374292031160e+00
6.156671487045266566e+00
7.809198560127970090e+00
8.063460742377685619e+00
7.275913870188692734e+00
6.379279658523569374e+00
5.744186365369141178e+00
5.401040016786885722e+00
5.179692479436847741e+00
4.115641441189267447e+00
2.895367080729886133e+00
4.503572471185564474e+00
8.028591272200927165e+00
1.054961331980010719e+01
1.031217970946097573e+01
1.016262649078565161e+01
1.093445850693249000e+01
1.225305256157430023e+01
1.317609485112819989e+01
1.217910857097544408e+01
1.079623749525467780e+01
9.945124149307945416e+00
1.012939275911209513e+01
1.098671831857009806e+01
1.178048153653024421e+01
1.496477692517829006e+01
1.570671339000247713e+01
1.545100358567106902e+01
1.543512280214425303e+01
1.529632744537454236e+01
1.519714647756368109e+01
1.415287079234077794e+01
1.338781977773586540e+01
1.309032377177317841e+01
1.256506014874649146e+01
1.216015098252819726e+01
1.229164867030775099e+01
1.371369901106536027e+01
1.416181854517789951e+01
1.339284528672389563e+01
1.259580040752927665e+01
1.085642782944412232e+01
9.781601346979979184e+00
8.967307715124970713e+00
6.564825519886452021e+00
4.700168021977463084e+00
3.849147673359780697e+00
3.809928142346494795e+00
2.934605216273746819e+00
2.195750750336147306e+00
1.593633628908484257e+00
1.437477325924805260e+00
1.247832820133959020e+00
1.345498595111014106e+00
1.331998082147189288e+00
1.254293661569158447e+00
9.955913558101420202e-01
6.666350544813349766e-01
4.018370863027459494e-01
1.919612099043084830e-01
1.711366807974971371e-01
3.613583190159996850e-01
6.650082144305029530e-01
1.348429269166916855e+00
1.453606963993055556e+00
7.238288519543740751e-01
3.540626300843202068e-01
8.115947638117484431e-01
9.545893185545500925e-01
6.171849741754411589e-01
4.582086479770695608e-01
3.896710238052676356e-01
4.215960860940501931e-01
4.162349580786796621e-01
4.684627628064028659e-01
5.889432364592882552e-01
6.490006613242134126e-01
8.717257147607891943e-01
1.457939080805973120e+00
1.960825997638908857e+00
1.514925552825782340e+00
7.545543871832560701e-01
5.232450733499421913e-01
4.794100796234355144e-01
5.131590568289531307e-01
6.703324900136506947e-01
6.574664896643461764e-01
4.178803326347969027e-01
2.285259511534440402e-01
2.918450249334345603e-01
4.316789382084762483e-01
5.098154124391566233e-01
4.534063141549020681e-01
4.361449722336495083e-01
4.891452401297255448e-01
4.064002673706614832e-01
3.247237012504206044e-01
2.380178801995345150e-01
2.003628531248959066e-01
1.720031174397219087e-01
1.007590132580183789e-01
6.327312665510721745e-02
1.088344097183035902e-01
2.228588732395583583e-01
2.751373460680116012e-01
2.399430914770254719e-01
2.747981133384541641e-01
3.569647295369919315e-01
3.755415215410035090e-01
2.494086017496267016e-01
1.045600456929525607e-01
5.607944391057319289e-02
7.438591699876898056e-02
8.766503427768219947e-02
7.866163651064390916e-02
5.096139269349971024e-02
2.501175364268464277e-02
1.548089906006717802e-02
1.824420694702010709e-02
2.141660470474446645e-02
1.679538231299796888e-02
1.469886347059221575e-02
1.326286110000507966e-02
8.758644679904146330e-03
4.781316744275690422e-03
2.374339483288559829e-03
1.559416652382167702e-03
1.266789004798319664e-03
1.098678296385418229e-03
1.007422058838688701e-03
9.992605908374773294e-04
1.197903490174235565e-03
1.333938884859335334e-03
1.301743258937830550e-03
1.471907559032703755e-03
1.781473879226875764e-03
3.626419754343889953e-03
6.868535421006483413e-03
1.181555801164732404e-02
1.840052944995653958e-02
2.135792764070394700e-02
1.963543816423900246e-02
1.940167542457052474e-02
1.713282559101236141e-02
1.718784161471950331e-02
2.107385727953212801e-02
1.849078742040668327e-02
1.685322444306728076e-02
1.337045524263469343e-02
1.646357162755736694e-02
2.563692087056496094e-02
3.142639888380879126e-02
3.736549549478399013e-02
3.345386988468356665e-02
2.408708800929544244e-02
1.801946930861544546e-02
1.151225247837316980e-02
1.092638865884334315e-02
1.140302706868546144e-02
1.132198991031420875e-02
1.011951465270770345e-02
1.488738119184009057e-02
1.088990554701313278e-02
1.108150446600920241e-02
1.407805332868983933e-02
2.036426068743665482e-02
2.334367383307658222e-02
2.974252024538922429e-02
5.020138883674502006e-02
6.150653378778519337e-02
8.989174309786691908e-02
1.060246393889769656e-01
9.292029054980985303e-02
6.772762145159852420e-02
5.017546644254192861e-02
6.141948956679494503e-02
5.356879630840786360e-02
4.066771308608969210e-02
2.398990894880294322e-02
1.886339255700570164e-02
1.958713842277929121e-02
2.066226481638689869e-02
2.058522187456034505e-02
2.117171303273991320e-02
2.079865619291781584e-02
1.530504726517224398e-02
1.287262159086226265e-02
8.956868338209132349e-03
8.330751575434546322e-03
7.610995331399576791e-03
7.914589796088380633e-03
8.951943099865295253e-03
1.267556238189551827e-02
1.611278842055943392e-02
1.485913305440517661e-02
8.502222593053150243e-03
3.289127049382644004e-03
1.779592617443826299e-03
2.630192047493070621e-03
3.067106570139005884e-03
2.742308835830174762e-03
2.396341497110863940e-03
2.223951290985566424e-03
2.043162456146182301e-03
2.108734446910879093e-03
1.828801942416344306e-03
1.596179628890159654e-03
1.397840871119122386e-03
1.278730160063657698e-03
1.194849873504854601e-03
1.011630012332806559e-03
8.850392664334288213e-04
7.806185135608871345e-04
7.270693279423480829e-04
7.275187075063434651e-04
7.582027555624807746e-04
7.527357660417156654e-04
7.361669986295665304e-04
7.749974197520624608e-04
7.796053398151662952e-04
8.513082880649806708e-04
1.057329639744817966e-03
1.131525750915961985e-03
1.213551577230158416e-03
1.487017386267498872e-03
1.675677967438201363e-03
1.846287743542704895e-03
2.051236963461781828e-03
2.232700481575812003e-03
1.890837528933959595e-03
1.672248037668291974e-03
2.400891429838178555e-03
2.952438081181766975e-03
2.498273191685151766e-03
1.866108543210547727e-03
1.475481069645966569e-03
1.420254771790462186e-03
2.572810346330727579e-03
5.272501010018439821e-03
7.334482742801601285e-03
7.212947553843118004e-03
6.588142063151354762e-03
5.658392911272665769e-03
4.092810231114718186e-03
3.073183864203496689e-03
2.730434605399339933e-03
2.809348229488483478e-03
1.701266010733120879e-03
1.205206890837069592e-03
1.243648072247436525e-03
1.128384948161003992e-03
9.896775365318289525e-04
8.214430049702061472e-04
7.337784341071236548e-04
7.357504758676645766e-04
7.191961178059064859e-04
7.200542638745742376e-04
7.091124159899900910e-04
7.438059193010720591e-04
8.645524793016824217e-04
1.021997636161458330e-03
1.171293366132351984e-03
1.351956793043023906e-03
1.548919820769795392e-03
1.473034138565459472e-03
1.660733105693007689e-03
1.952464276963054596e-03
2.426508108547533338e-03
2.708513295228224746e-03
2.330175030530077466e-03
2.068191227974032487e-03
1.838537971908776880e-03
1.784248175499799586e-03
1.745582422449645657e-03
1.534726610677394866e-03
2.305219782474031594e-03
3.301221800300306944e-03
4.064167225582505406e-03
5.308812680010733913e-03
4.943008825675871895e-03
5.765246967251677970e-03
7.862966315067698372e-03
8.907947032409336760e-03
1.045270724073558803e-02
1.069757439098854498e-02
7.728354313821385324e-03
7.618914369052168234e-03
7.912221542331907345e-03
8.064110020843192825e-03
6.636143755973545645e-03
4.884577900705854708e-03
4.739773781807482544e-03
4.378280716574426551e-03
3.980211092377537035e-03
2.989114750283388116e-03
2.205170410522317749e-03
2.586082173222770293e-03
3.219550484700332664e-03
3.862257093919063949e-03
5.330730679313343962e-03
5.268673624916683264e-03
4.159018979045196913e-03
3.938453402694682901e-03
3.228139545826130049e-03
1.887653450122716431e-03
1.251483129556430754e-03
1.081839846445584001e-03
8.107010399557718072e-04
5.286913371171056853e-04
4.929526183094191331e-04
5.123557897106013111e-04
4.995970125202067215e-04
5.242896124847389733e-04
4.723688458323139399e-04
5.306837720728833831e-04
5.066202036821319766e-04
5.759013976380034441e-04
6.219108833557031877e-04
7.733019465195192311e-04
8.165949435441821527e-04
6.907931140377503642e-04
5.922464650308789788e-04
5.220520458337502695e-04
3.878566802000531916e-04
1.812447471297689422e-04
1.063285006500948565e-04
7.054990158112895901e-05
4.627821931049097771e-05
3.439194434470612148e-05
2.385233305735485964e-05
1.639712765934432372e-05
1.297576272529159503e-05
8.705290470113774158e-06
5.348796212527628425e-06
4.176176442721218718e-06
2.948473269193764012e-06
1.962678066804641617e-06
1.592656584786484986e-06
1.440259674961090423e-06
1.235343337865572412e-06
9.846900709837314132e-07
7.985967920444128762e-07
7.563309998030162128e-07
6.036315203166946283e-07
4.703594582496973492e-07
3.417087273540922720e-07
2.427785147111857670e-07
1.707986612650832299e-07
1.190315481558421161e-07
8.572952609517452959e-08
6.831567422251668986e-08
5.163869222223451679e-08
4.131847654167304277e-08
3.191469764991045139e-08
2.454303776035839049e-08
1.899075157185548540e-08
1.475053119767464838e-08
1.114881193301310320e-08
8.633749755778270389e-09
6.648995562893871278e-09
5.031294581921533569e-09
3.761737350189828709e-09
2.799644239215368658e-09
2.079314567956464584e-09
1.513662800967844109e-09
1.111435575291402160e-09
7.977467769893238436e-10
5.690602071316407997e-10
4.012343633742409483e-10
2.792956489184851989e-10
1.916664472848178203e-10
1.294364899286452265e-10
8.663534964784666126e-11
5.681876940473952306e-11
3.653550122859211004e-11
2.322003992761327483e-11
1.434689967854085365e-11
8.637897485894379769e-12
5.116144325083507802e-12
2.943241455589958056e-12
1.626923591572529789e-12
8.872472615238235966e-13
4.767782419362394048e-13
2.392751631633614410e-13
1.245641208821442922e-13
7.204255237319682521e-14
4.318942975380835563e-14
3.047612317770502743e-14
2.637850783605296360e-14
2.406452937857439176e-14
2.305317995217409792e-14
2.272061586109745654e-14
2.238668415600479539e-14
2.215528805162230024e-14
2.201272921665855243e-14
2.192526010870838621e-14
