9.141297456366735541e-07
1.093512809556587866e-05
2.803003820642339656e-04
2.859821561238947048e-03
1.416489721002944617e-02
3.543457566844828571e-02
4.692553698449671712e-02
3.995078828824772527e-02
2.868985069947912678e-02
2.039457916115495345e-02
1.398385403256081731e-02
1.034711267030068160e-02
8.333206432998056801e-03
6.204744441534403541e-03
4.860626969033493040e-03
4.178174726087729648e-03
3.590663055471819427e-03
3.154407238895865894e-03
2.771773246904087832e-03
2.408599398710412325e-03
2.047370688038938936e-03
1.881093440009879792e-03
1.781895421872599274e-03
1.689717176553268401e-03
1.704391907993339349e-03
1.565062236436057458e-03
1.501103231410206695e-03
1.538340776615241537e-03
1.541035133486743204e-03
1.536467764001319151e-03
1.630895168139321521e-03
1.469635891969645015e-03
1.445750849550598042e-03
1.473087662754703642e-03
1.406107317325021051e-03
1.372414127025149266e-03
1.408992751143885560e-03
1.419444155738349258e-03
1.380902879867459314e-03
1.359891838008631029e-03
1.332524104461891906e-03
1.317364209250278684e-03
1.312953044930240468e-03
1.360245779303840370e-03
1.287980054042650330e-03
1.369289918085256569e-03
1.372226784009865103e-03
1.289147553255967985e-03
1.303113641749161899e-03
1.330525064009619590e-03
1.379887759927983385e-03
1.346437664384830379e-03
1.550318307899891095e-03
1.998837176121765879e-03
2.498365612950630144e-03
2.907103716515836538e-03
2.890676024713332518e-03
2.559958294973226599e-03
3.297067626634961682e-03
4.828729113303190101e-03
6.136288136027721364e-03
6.899955336663470690e-03
6.324224061009187971e-03
4.672440527731985642e-03
3.497180274883766263e-03
4.148109862994175771e-03
6.640591840483175620e-03
9.128969559357741348e-03
1.033967112900297143e-02
8.059832435169814527e-03
4.915048582474495706e-03
3.405756330189265053e-03
3.769046924152036002e-03
3.024415726260291839e-03
2.473010552289727285e-03
3.993392411981208819e-03
8.225939270406101844e-03
1.379181067351802070e-02
1.793250457919873947e-02
2.160459898656970357e-02
2.741598064084356176e-02
3.512246878365129360e-02
4.656938329605348620e-02
5.938993388434499199e-02
6.736059188324207414e-02
7.652441515934378657e-02
9.496598748685340652e-02
1.118488263648424047e-01
1.271168635949199155e-01
1.384679343075705671e-01
1.547957677468734805e-01
1.827591562042762963e-01
2.151510778839774984e-01
2.252265084557529828e-01
2.227058263684313366e-01
2.588091219078108574e-01
3.296827776268613230e-01
3.929360810494115785e-01
4.009636797908753825e-01
4.031000152819081417e-01
4.496636549070172073e-01
5.293817098812930722e-01
6.193271439038023907e-01
6.929465159956209597e-01
7.241503161627527163e-01
6.967519911581974146e-01
6.833062754133047978e-01
7.480004956745146538e-01
8.052453096079593697e-01
6.212616824550677430e-01
4.894568032907385957e-01
4.009712024400410302e-01
2.617989176057310963e-01
1.702622828943770872e-01
2.743154531647385985e-01
5.332388111559580590e-01
7.442838647957331633e-01
8.245973923012279716e-01
7.843369636224127861e-01
6.687940092688976490e-01
4.922322874508811563e-01
2.965293236339153204e-01
1.262247625820552277e-01
5.629156871426975461e-02
5.220231603437634760e-02
6.127911937908259166e-02
9.326634520677155871e-02
1.199386375865442722e-01
1.540738469645995534e-01
2.278063109669560826e-01
2.875667544467808701e-01
3.688435007775581753e-01
5.202080329776151979e-01
6.819485162177219006e-01
7.269069028426111689e-01
6.481344631324609251e-01
5.652503029838074067e-01
5.303368923896888409e-01
5.052655041590448093e-01
4.346444651904105005e-01
2.949450697661127885e-01
2.672387893548023863e-01
2.397936313949501630e-01
2.222524768644066062e-01
2.299730031606997682e-01
2.449718622546575852e-01
2.239606861696102902e-01
2.688690598722007774e-01
3.372100683576237379e-01
3.579215230162399730e-01
3.147710818942539013e-01
2.543131084071583725e-01
2.149772826677219528e-01
1.841086989611492586e-01
1.354391996423715272e-01
1.107462287039399779e-01
1.591330868501258655e-01
1.824592705307782892e-01
2.137672915689236286e-01
3.800866275687144191e-01
6.124687237441270860e-01
7.168848499879552083e-01
6.465802034630675488e-01
5.565658148020117268e-01
4.957444199972236287e-01
3.825632982552568673e-01
3.299074054482150631e-01
3.259665087429344243e-01
2.962621092976174264e-01
2.559430881121468326e-01
2.422654220321547591e-01
1.981041771496268311e-01
1.670519494961711093e-01
1.455611892558593135e-01
1.680616412929361869e-01
2.013708514116471227e-01
2.221225645346434352e-01
3.067195510770521216e-01
3.791323379420522555e-01
5.891372877204408276e-01
1.078019753373607337e+00
1.229533190378797158e+00
1.687345244443990255e+00
1.834367882959069718e+00
1.341715729964279680e+00
9.903654326938478025e-01
7.242782821975717322e-01
5.717038195677198731e-01
5.890210646646281134e-01
5.499442080512587649e-01
4.389491137178314073e-01
4.131720212621113331e-01
4.161861295677968253e-01
4.595209596292573750e-01
4.489690253316183655e-01
4.690466348121353213e-01
9.261031937003900705e-01
1.130432841258138588e+00
9.347348199264191582e-01
9.108464565567897520e-01
9.769259220274503219e-01
1.068455421752480206e+00
1.177063871190321631e+00
1.067253285969911092e+00
9.673071265331474322e-01
1.126615329267931065e+00
1.140493287323586902e+00
8.767128945981869093e-01
4.787662203096620939e-01
2.636687183234923681e-01
2.577866432581087386e-01
4.027700196480830663e-01
5.372271482822132960e-01
7.883439570490748949e-01
9.380440991758187685e-01
1.195108120873275226e+00
1.579773044784220426e+00
1.848208729977463438e+00
2.759395538989174224e+00
4.627163584871335722e+00
6.447502247591940794e+00
6.714984677024091297e+00
5.627759342711839530e+00
5.448099920539903884e+00
5.249837281764775376e+00
5.471127267787992743e+00
4.079958884642231887e+00
2.100012930256553112e+00
1.361967793536564608e+00
1.284109863634270932e+00
1.448465036431108244e+00
1.290374089178750738e+00
1.005494986808668001e+00
6.858657706511896990e-01
5.343924415194035715e-01
3.305132610095393164e-01
3.319070374783708588e-01
5.731320143388800581e-01
1.017268001258447407e+00
1.503631121759111622e+00
1.773764141729662125e+00
2.307376389757600510e+00
2.854705233175439449e+00
2.399877654259597648e+00
1.500948733226203036e+00
7.288433587719781448e-01
6.324240934125536784e-01
7.927520350911944069e-01
9.362415706509868984e-01
1.086686955858982895e+00
1.187917120105610236e+00
9.613808051803367505e-01
8.124485265206602413e-01
8.909706601309744789e-01
8.137216886472182775e-01
4.404940948485491226e-01
3.883431482006231561e-01
3.396386290560448051e-01
3.538517309426569279e-01
5.928739217133018879e-01
8.456149436120378171e-01
1.080187573124148370e+00
1.043622101458671514e+00
1.096183178302144068e+00
1.918771028306624604e+00
2.657342652384019566e+00
2.913822628340941634e+00
2.735920587785692248e+00
2.543703365929977700e+00
2.100392834160032418e+00
1.474872168850346110e+00
8.454230528028471303e-01
4.550952401791893975e-01
4.385484923088979747e-01
7.217360778840237190e-01
9.933064750496476414e-01
1.090983562607064528e+00
1.037858027995320898e+00
1.276585617135006512e+00
1.132959764639420497e+00
9.475075727112048929e-01
8.746055075587267913e-01
9.622908630860669277e-01
1.321956503012328588e+00
1.759967205876985075e+00
1.951387419475442364e+00
1.635381387483066051e+00
1.098428985493622001e+00
7.898817703982796701e-01
8.350303914890023771e-01
1.016466325964959339e+00
9.156383524261784146e-01
9.008715240978454331e-01
5.420996862625035995e-01
4.265280896649237263e-01
3.863566710395479054e-01
4.032800046202599242e-01
4.410610097535008212e-01
6.365598527002725993e-01
8.381291009930529334e-01
1.073070438045646835e+00
1.309461853118693453e+00
1.395538537977125015e+00
1.339743871906155182e+00
9.237262770878796880e-01
6.847808801132511114e-01
6.918154923101391685e-01
6.734085339418307559e-01
4.925645331093335133e-01
3.012518894585066720e-01
1.535964510817563744e-01
1.438101612471470725e-01
1.734727991929985169e-01
2.679117136305821378e-01
3.348935116974307014e-01
2.944700532522681047e-01
2.836060350118265738e-01
3.181792923647871474e-01
3.123012362964984745e-01
2.968136777902457002e-01
2.794392050435887676e-01
2.337631609612408901e-01
1.962944262926580030e-01
2.091211747864371584e-01
2.304787432488349386e-01
2.599327831995579818e-01
3.082600863590593265e-01
2.856072646676711124e-01
2.647975210907013155e-01
1.945920823837709590e-01
1.117141167674715607e-01
6.089291475881566246e-02
4.426364985081859826e-02
7.236366981777694884e-02
7.947589745934469097e-02
7.026708453213963146e-02
5.453911168853022018e-02
3.666223741791931057e-02
3.324107723679036591e-02
4.618004011969808337e-02
6.006682457750486120e-02
6.124758792095745530e-02
5.534776201840089366e-02
5.177119134769389563e-02
4.212521317475494131e-02
2.688873253459749674e-02
2.370082903419455655e-02
2.224872666315042338e-02
2.375022839365885027e-02
2.317377802644237164e-02
2.301288810239814422e-02
1.898885906104581453e-02
1.578077473381984952e-02
1.075105839119878254e-02
7.998204315691450489e-03
7.084823809247802091e-03
5.124359222020935696e-03
3.653422149749481398e-03
3.036020232056171105e-03
2.859161783796606432e-03
2.756572555840291431e-03
2.936246370822767453e-03
2.379115457469745468e-03
1.473098766300512570e-03
1.286948902478525286e-03
1.192859247990462473e-03
1.174780868292620581e-03
1.209868567428117742e-03
1.559265314112396683e-03
2.229245857570502382e-03
2.879743317793845639e-03
3.323835738600323508e-03
3.419606896206988343e-03
4.917354831166442612e-03
6.490900561366517475e-03
7.167595874322471756e-03
7.185779917290024965e-03
6.559443633554218507e-03
7.617561024289368383e-03
1.090989409598584758e-02
1.069851276181093408e-02
7.513187486736542728e-03
6.000880473906014360e-03
7.811715860287888995e-03
9.499514652039202714e-03
7.581682182099684468e-03
7.664900393489043097e-03
1.233418198553693119e-02
9.734849138342277150e-03
7.672894005513286424e-03
1.066115038333239999e-02
1.272256886921623378e-02
1.396797640975042630e-02
2.472752268434280989e-02
3.001605272086927192e-02
2.727790063907620591e-02
3.025746462213401225e-02
2.983973081304693714e-02
2.073356384325898000e-02
1.353980040922928355e-02
1.223789886096615306e-02
8.612549498719365010e-03
8.812872213344794328e-03
1.233835828869302847e-02
1.302894814844104444e-02
1.279441331063657303e-02
1.182770776961575114e-02
1.818484129708443711e-02
1.985488414280480243e-02
2.147646788599151535e-02
2.261834404669033766e-02
1.798850247663226140e-02
1.220674907242070249e-02
8.562398807461667552e-03
8.525415288962612248e-03
1.277210370147986197e-02
1.425410850453283015e-02
1.245790133815502521e-02
1.036284461510099744e-02
8.361272808066241846e-03
6.875193028198293456e-03
4.985437869086380668e-03
3.538618380029071465e-03
3.548766650816266403e-03
4.398020353617634187e-03
3.892555888612713160e-03
3.075459887653162784e-03
2.220905904164263440e-03
1.126983563736783404e-03
8.434903947069716593e-04
8.490782447549662581e-04
7.605699462205204502e-04
6.935960825775938426e-04
5.635815527189441372e-04
5.358842508705940815e-04
6.217751767994404060e-04
3.524528975248064893e-04
2.627524254633464059e-04
1.831898203100540661e-04
1.541993076942571638e-04
1.428675506099586954e-04
1.164517399159150371e-04
9.327269563158485730e-05
6.871748100959425612e-05
5.148262560205713680e-05
5.140713230604841851e-05
5.393078048754814004e-05
4.721654830732672364e-05
3.360194386356965811e-05
2.436804949051459628e-05
1.671303388567874180e-05
1.065199781465181700e-05
6.509297606780947098e-06
3.595399003143895020e-06
2.756433717387472049e-06
2.082102310981538449e-06
1.669019248123851011e-06
1.229496629094503882e-06
8.338290743276978554e-07
6.083713465593895578e-07
4.201507448358958528e-07
3.141580276921760993e-07
2.351702741365255865e-07
1.776572394796570041e-07
1.417823667567213642e-07
1.110246743437119660e-07
8.713015651808038009e-08
6.875121283364711958e-08
5.363414685268619330e-08
4.182194473201160130e-08
3.225424453318793442e-08
2.513186576240637482e-08
1.904046891294581269e-08
1.459596501170432201e-08
1.128354146661487442e-08
8.570991964371691761e-09
6.475622452066360009e-09
4.833561218361410691e-09
3.616663943624091236e-09
2.670235209324444941e-09
1.940454977031578113e-09
1.408940084774131471e-09
1.012962307627384963e-09
7.185094362603458370e-10
5.057450552729856612e-10
3.505435854313684923e-10
2.407682177770348923e-10
1.624500339721938573e-10
1.077802193826047203e-10
7.046895024958005386e-11
4.524665914843532092e-11
2.841438251771920894e-11
1.763089845354348810e-11
1.058174763946121138e-11
6.238661921123916363e-12
3.623948112460335158e-12
2.020366836290646592e-12
1.091940906871148631e-12
6.116270693742638926e-13
3.535938903066958467e-13
2.000177103791530424e-13
1.330225951208348268e-13
1.040368261145038873e-13
8.857253590552323420e-14
8.255554511512245200e-14
7.978938693744838836e-14
7.793036422512658899e-14
7.700397829474193924e-14
7.634311326550611419e-14
7.579194230598331935e-14
7.542472485951782943e-14
7.519507865329177630e-14
