8.933463244134934220e-07
1.125848928018632263e-05
2.689602078550970663e-04
2.967000243366399101e-03
1.504922499799703564e-02
3.679036330893585560e-02
4.921598159278469525e-02
4.028836989026007148e-02
2.894343128743627827e-02
2.013357087937240122e-02
1.431957921096244264e-02
1.159207660227600835e-02
9.156287688941945960e-03
6.688647008925428794e-03
5.559229819127707237e-03
4.755306161142823854e-03
4.226017872378337419e-03
3.666128891894771414e-03
3.382777473787663622e-03
3.201853809954202830e-03
3.098205779533585395e-03
2.888681877949915173e-03
2.797683528796780263e-03
2.647328649468584823e-03
2.479728273377944468e-03
2.458667869384292739e-03
2.354324961051855371e-03
2.483993141095664110e-03
2.268639412275666976e-03
2.342915102513034187e-03
2.425138036269234004e-03
2.417391452162089092e-03
2.603361210407344542e-03
2.607054544971451355e-03
2.482475471169163627e-03
2.367611635122681378e-03
2.445792664367459502e-03
2.617330458104226605e-03
2.675213209557922734e-03
2.571098279154849370e-03
2.456383749501450404e-03
2.507113429691848125e-03
2.457660834912645496e-03
2.626146752876902957e-03
2.684905672433433605e-03
2.769517164257809163e-03
2.926367915784435728e-03
3.075149774757752422e-03
3.076083351838473576e-03
2.642105555575383503e-03
2.665233585836999930e-03
3.140864353850899692e-03
3.590809203866685614e-03
3.497322990437346044e-03
3.116857944061739594e-03
2.683828213563620429e-03
2.449695447092190524e-03
2.558684425138208797e-03
3.502566730778697898e-03
5.429107450629988042e-03
6.244572742965789902e-03
6.284423154403300828e-03
4.068356206592970564e-03
2.787331940285311515e-03
4.715221995835993871e-03
7.666642226745313919e-03
9.440664458431018494e-03
1.256503550559871785e-02
1.928646210204875214e-02
2.328273010273802790e-02
1.963247308698095814e-02
2.082868115372289372e-02
2.354261273301679058e-02
1.874334506108099943e-02
1.214397153822232081e-02
1.159301717153599955e-02
1.598225067529162116e-02
2.602745834848711748e-02
2.856339593233659171e-02
2.593133990675137307e-02
1.824607184763150231e-02
1.586177038084207042e-02
2.256353120045783908e-02
4.890286129271646104e-02
1.046207795653431583e-01
1.727624890654204382e-01
1.970131834797236858e-01
1.858359390063262229e-01
1.423138363388990191e-01
9.670844521183968867e-02
6.630560281971571712e-02
9.246248802996794025e-02
1.752420341784024782e-01
2.443613869654032988e-01
2.467025811980016470e-01
1.730202169482549512e-01
1.057406366965964739e-01
9.648418811589239141e-02
1.518450661049174089e-01
2.492275693359473909e-01
3.222984152567593963e-01
3.307664000168968332e-01
3.208345581925401979e-01
2.742092112620139188e-01
2.192170351769979764e-01
1.770598311435976624e-01
1.750137844098392514e-01
1.561212515934762290e-01
2.159108326922582477e-01
2.515160185878666521e-01
3.023536106162025838e-01
3.397697172252964748e-01
3.854478917406708449e-01
3.299970894915036923e-01
3.159357431121089244e-01
2.536204367658224101e-01
1.795265815542095023e-01
1.227327481245369806e-01
1.487360972369624890e-01
3.383373511742419626e-01
5.791852942180296671e-01
7.868455352937266944e-01
9.599385305520499179e-01
1.016461064438958228e+00
9.411453115714039086e-01
7.682234622470737184e-01
6.384868268647888589e-01
4.996887220360434756e-01
3.915603874127667750e-01
3.510540945487945486e-01
4.025017613125466132e-01
4.135817596153384401e-01
3.804451920704206014e-01
3.155968755801573655e-01
2.248073968350743912e-01
1.176371532525353203e-01
5.487285088660626142e-02
6.946794963220166708e-02
1.124220737327510239e-01
1.577132562637482971e-01
2.326232851042506489e-01
2.371060823238473614e-01
2.118405352371085792e-01
2.123245688487832572e-01
2.291307779424060498e-01
2.553595831598711174e-01
3.410183887931299007e-01
3.553314105807661716e-01
3.643499406099000582e-01
3.239454896565894804e-01
2.879890960361148888e-01
2.096661548136593278e-01
1.565200245976658411e-01
1.802871807655495595e-01
2.113147371359459514e-01
2.329497653478436181e-01
3.207500425974773584e-01
3.769272220200569068e-01
4.169569123047789372e-01
5.059651825546090942e-01
6.640395340221924014e-01
6.261325341401097200e-01
4.355846110536835125e-01
3.104237100451729403e-01
3.192643796672963163e-01
4.140044202321106481e-01
4.014377736191979129e-01
4.139350385128293675e-01
5.108896417976346305e-01
5.472391896537048828e-01
4.377285112382187093e-01
4.734565970924066725e-01
6.324432344634524084e-01
5.656653061380922942e-01
6.397345732346891856e-01
9.069400884409362096e-01
9.564269314309630232e-01
9.382365073591792948e-01
7.996959311399818304e-01
5.035450968421351092e-01
5.660605912353795510e-01
5.304517208642132164e-01
6.626522414365496605e-01
8.817477064417413857e-01
1.119285936485152178e+00
1.353984128563554545e+00
1.368372960083747980e+00
1.198346332130820757e+00
1.003404074396622825e+00
6.132582965663631036e-01
3.914356901291638491e-01
6.364684139389247264e-01
9.464995339094411930e-01
1.405900418941474328e+00
1.804084095714817426e+00
2.357124962854861838e+00
2.727905004374691966e+00
3.001060944322427204e+00
2.850021844868158016e+00
2.307536692658416211e+00
1.673793659768590514e+00
1.651186495747767324e+00
1.567522176121622479e+00
1.824069903069582610e+00
1.807673188492809224e+00
1.974478810026221387e+00
2.501381096316392050e+00
1.955387435424270182e+00
1.307811591893563330e+00
1.963476702137259888e+00
1.382367418267476555e+00
9.378952793788534192e-01
1.440344258527434640e+00
1.534408200103056785e+00
1.361784217532037822e+00
1.710010967166118778e+00
2.374534868843304558e+00
2.708352760357420230e+00
2.763727324277563291e+00
3.063656298139478817e+00
3.331707453984946277e+00
2.911602584139698635e+00
3.267352998028923761e+00
3.633257244860861768e+00
3.953490682457505567e+00
4.611199819938986977e+00
5.391490725848536059e+00
6.193298933404993711e+00
7.342586841491136163e+00
7.896087852124280992e+00
8.755631164841194192e+00
1.026524053454455654e+01
1.226518276167680810e+01
1.230598550688071846e+01
1.189108309562371524e+01
1.192981481423628942e+01
1.249274723781517871e+01
1.254327738075840415e+01
1.133058585116209294e+01
1.052891311346194669e+01
1.091853818396764275e+01
1.006613583576273818e+01
8.862707129968956821e+00
5.726859667313158653e+00
5.231615791342437483e+00
4.571214075911021801e+00
5.207088178995890715e+00
4.816468296788659842e+00
4.879788435206197761e+00
6.397441074903063019e+00
6.058084269518614562e+00
7.953491040850471983e+00
9.689486326034916885e+00
1.164193308453730857e+01
1.274657639898432215e+01
1.100298458258990486e+01
9.411513463853532713e+00
8.484493672842218004e+00
8.266780616400401627e+00
8.544718325432892669e+00
1.041773555585303512e+01
1.037450937934876194e+01
9.012394753737764219e+00
6.603959082939653058e+00
5.504386293034640332e+00
5.467104692673451893e+00
5.021306731955120561e+00
5.743296122154338157e+00
8.143482290183428063e+00
7.962300017731686275e+00
7.851686263887870609e+00
6.259692612179961202e+00
6.218030554000794297e+00
6.731939824651037796e+00
7.545261199667222307e+00
1.008332381946780032e+01
1.262229406460633463e+01
1.278539165801574029e+01
1.295727741229256402e+01
1.113858148638347778e+01
7.431868471632752993e+00
4.838266947575212917e+00
3.490949739786112893e+00
2.965565178497294507e+00
3.081000670994887614e+00
3.421479516598282533e+00
2.899977836473366377e+00
4.390407988205948797e+00
5.703214706908758203e+00
5.675522977242107636e+00
5.102340784184379530e+00
4.771946440805846734e+00
3.885695847509364587e+00
2.988215708213391775e+00
3.301229635073843038e+00
4.644539339667383082e+00
6.918209647752980196e+00
9.149705844430203072e+00
1.051076844576624048e+01
1.150912852459339319e+01
1.073942697451693462e+01
1.075527605127859232e+01
9.846490092117225146e+00
9.128035156928413940e+00
7.760918075155069040e+00
5.645194576615423898e+00
5.040910578859222113e+00
4.620737262303678428e+00
3.856796292439218732e+00
3.316140242147394446e+00
3.211455507154076017e+00
3.181402983138382545e+00
3.337659979948167432e+00
4.427113557236021180e+00
5.224398234842389854e+00
6.266208075379490872e+00
5.706320464825534344e+00
5.089308370957369654e+00
4.405114658424789553e+00
3.861127689650998729e+00
3.078810977135070903e+00
2.455341928177413813e+00
1.593594365822712522e+00
1.131337053049552344e+00
9.463167797989796570e-01
7.814308033614884019e-01
8.918557548226139220e-01
9.045741546923369292e-01
8.721143558631261339e-01
8.384109508432291413e-01
1.045749364620010891e+00
9.071737714380204709e-01
8.691658177971096633e-01
1.072591235067031912e+00
1.336359718885277825e+00
1.491856716071131128e+00
1.612750886335682088e+00
1.560445167122370025e+00
1.457333703215104803e+00
1.280818114549526321e+00
1.014663865552294375e+00
6.509353497012031475e-01
5.317032867503077576e-01
5.332195527458263307e-01
5.882204372235481094e-01
7.519970795094164107e-01
1.010878846850443935e+00
1.158314222496430901e+00
1.126518355522470705e+00
1.042148114620247368e+00
9.933397258948353237e-01
8.265488207868992854e-01
7.083719528447334213e-01
5.894450398870404451e-01
4.882087723163180959e-01
3.602938843684743708e-01
2.618348890033850296e-01
2.077330813784971641e-01
1.744359879747681974e-01
1.336548242219416371e-01
9.791445550368292616e-02
6.358960934813083499e-02
4.694441648358438357e-02
3.384903346489925163e-02
2.274584862225622478e-02
1.462749400453903538e-02
9.996213438477808202e-03
9.080980582182070562e-03
1.120879493247783215e-02
1.548186395856880095e-02
2.134781038690232099e-02
3.390159065767238411e-02
5.455527512144871943e-02
7.431820195012026065e-02
1.017741188645053113e-01
1.270868469422526126e-01
1.606057722029963220e-01
1.928946634911446467e-01
2.511695355180371680e-01
2.633049744115759094e-01
2.457671792896029273e-01
2.001483324586301460e-01
1.994630491633589409e-01
2.139810701672740234e-01
2.639832562874628308e-01
3.011182787526173188e-01
3.501593935181495088e-01
3.137798434353498145e-01
3.046258057899292604e-01
3.323099059109403397e-01
3.500274527509382172e-01
3.229187025484027695e-01
2.796602616866283864e-01
2.557595842032173716e-01
2.825249614345504146e-01
2.462971862239836107e-01
1.812236313190667969e-01
1.533971460909841766e-01
1.583287033211370209e-01
2.225047787155576273e-01
2.226174310911881726e-01
1.830561335769372300e-01
1.545140504363314016e-01
1.678053676194183053e-01
1.793684858107632285e-01
2.155897277267867784e-01
2.563600230016856441e-01
3.419110603929469971e-01
3.820693162472071913e-01
4.258715123938553448e-01
3.847376634958213915e-01
3.375222339475852373e-01
2.698867165818297220e-01
2.377871617092571221e-01
2.099122168173258030e-01
1.726080858452685440e-01
1.207543934873968744e-01
1.356447960536875941e-01
1.921186868350691912e-01
2.216418002857508118e-01
1.975216351776983847e-01
1.950683187246139705e-01
2.030361640953332603e-01
1.885763753605986526e-01
1.618961675538189426e-01
1.104166385484029317e-01
8.823421739771111771e-02
6.235975752632853808e-02
5.438517760272584822e-02
4.987728843596503370e-02
4.066055988068394828e-02
2.699470488061933224e-02
1.568271800954400969e-02
1.204485498919853279e-02
1.015208148050815787e-02
8.311928399050946478e-03
8.142080386857248817e-03
8.586529689149398001e-03
8.387482437842545130e-03
8.545774749758289213e-03
8.568275631218265354e-03
7.953603840300955616e-03
6.642919993061044588e-03
5.069331428184007185e-03
4.067613489983564444e-03
3.060253544652691629e-03
2.019577473323418484e-03
1.262603203468059404e-03
8.126485418327160804e-04
5.419460847863560686e-04
3.209715045773073186e-04
1.929543502715554224e-04
1.331140370127609793e-04
9.127540774892237737e-05
5.859427810713163843e-05
4.033333896146226646e-05
3.124310263246407680e-05
2.320803685483568317e-05
1.903264922891781182e-05
1.541700871446081218e-05
1.108571050012583350e-05
7.484252111726918693e-06
5.234505813562079461e-06
3.860841026058754345e-06
2.844649547396266679e-06
2.040959490177015310e-06
1.410134721930492282e-06
9.933489983424634171e-07
6.964692086076341472e-07
5.082907952343256621e-07
3.722160152309926915e-07
2.768388082924033966e-07
2.100838287953429223e-07
1.593083863182287266e-07
1.192636498738143811e-07
8.912019805672932709e-08
6.567665593666020890e-08
4.799568282196393481e-08
3.492109557860622037e-08
2.549668423688554377e-08
1.857713897486029323e-08
1.339312502861185779e-08
9.573206188350744605e-09
6.715124141205903711e-09
4.661764459762774375e-09
3.197001903561724955e-09
2.168865773637467759e-09
1.447673964181167923e-09
9.579212229690467214e-10
6.249811251440527732e-10
4.001105840785429217e-10
2.510191077317320973e-10
1.545341602015395633e-10
9.330313818831984703e-11
5.521790717118803722e-11
3.207156586679891021e-11
1.854451491863911612e-11
1.060025379210331419e-11
6.258682938808877433e-12
3.996845250695177009e-12
2.772614641192534747e-12
2.149411079436344958e-12
1.830968325432632086e-12
1.699376467482720887e-12
1.619725671014179058e-12
1.567663552256327614e-12
1.535898557422198659e-12
1.512526690088424967e-12
1.493589218135413947e-12
1.478984549236660147e-12
1.468841313869700406e-12
1.462765587920153542e-12
