1.004950876322767028e+00
1.214423623172877331e+00
1.225878949518645289e+00
1.156317509047031233e+00
1.098891336404018926e+00
9.494619111395250499e-01
8.177349198992484025e-01
6.778201013968204736e-01
5.336128028639673948e-01
3.979658199452442147e-01
2.809014372388799474e-01
1.889886630309189630e-01
1.339019248274890828e-01
9.460667372819644982e-02
6.668036010877648190e-02
5.106351171082078311e-02
3.910606274008492783e-02
2.950899559087033150e-02
2.419942007833500094e-02
2.025297568160407471e-02
1.619877802316027626e-02
1.270181764334612357e-02
1.137495091390487711e-02
9.887497930127850040e-03
8.406299608528825310e-03
7.886596260235667274e-03
7.919673172884394638e-03
6.866840065695145427e-03
5.873902872013132999e-03
5.497803223578265168e-03
5.181652044575421612e-03
4.887497780501960133e-03
4.731189162204173064e-03
4.201970389087722295e-03
3.971045371350499266e-03
3.989040735414970361e-03
3.836936063438364797e-03
3.551285780920190871e-03
3.394435697392811802e-03
3.424268288018287882e-03
3.266447690279029696e-03
3.205532989060982940e-03
2.998490316009783368e-03
2.637118329487566498e-03
2.530046164062334235e-03
2.523271069167656519e-03
2.651186429256720701e-03
3.074511657641209542e-03
3.664478823311409159e-03
4.726333705137416435e-03
6.715030997398678710e-03
9.238449599737710155e-03
9.857857062961026401e-03
8.056226708084625321e-03
8.171968210890412712e-03
7.940357692452678848e-03
6.606215837267235928e-03
5.760577371052564774e-03
5.354774798449752141e-03
5.316026072504484792e-03
6.926687404637046908e-03
6.876489152237229285e-03
4.598413305051477981e-03
2.998208954520430614e-03
2.934795464261184209e-03
3.965188008448386654e-03
5.182836871638060033e-03
5.489776168120569580e-03
3.585762989837868071e-03
3.739162935093703725e-03
5.629298304918033992e-03
1.095215272198155586e-02
1.902391843185604128e-02
3.860930898930469563e-02
5.363666554867910219e-02
4.431690812713181410e-02
2.560269106420115862e-02
1.499713484405331733e-02
2.331098312419029733e-02
5.096989495448121105e-02
7.658910311868490084e-02
8.565403156945873564e-02
8.668121395968718390e-02
8.391543119507556547e-02
6.947228872544085332e-02
5.097399195189254717e-02
5.961359152244694731e-02
7.025352055390909900e-02
5.879524016115175028e-02
5.135222497333578190e-02
4.060581848800279281e-02
3.135777780420801603e-02
1.999265486068369999e-02
1.164296070117375355e-02
4.493713340698542863e-02
1.239227796352663363e-01
1.958714284665110938e-01
2.439092915708247489e-01
2.240198527103202941e-01
1.447841224008709071e-01
1.889697071380448956e-01
3.936765522750699797e-01
6.293819609887221223e-01
8.608211917929465828e-01
1.016836953713828429e+00
1.044134058777766105e+00
9.927557034221453636e-01
7.861131493443934692e-01
6.271569014723958890e-01
5.358643154586298918e-01
4.981689783586650266e-01
4.873731124520707669e-01
3.613113470005518413e-01
2.044521492988946865e-01
2.197315740818377994e-01
3.618315597437568032e-01
7.503334766685016977e-01
1.351591832589818853e+00
2.054347989574193178e+00
2.579888756170825470e+00
2.960690735810981966e+00
3.523176774254371590e+00
3.727881670538685910e+00
3.467077781539482206e+00
2.948884655069786032e+00
2.525032911325670870e+00
2.467140958635307690e+00
3.254922488411150727e+00
4.237956296802461331e+00
4.726131329884198706e+00
4.739871141499087948e+00
4.667380504785378470e+00
4.715298817774360884e+00
4.722933607618625018e+00
4.609529334540077627e+00
4.285597882317037310e+00
3.810704377451441527e+00
3.479858509533824584e+00
3.234476855258439532e+00
2.758742099488468824e+00
2.527260980856434802e+00
2.452792870593451191e+00
2.306828972912283948e+00
2.127369980806375960e+00
2.034586243766172142e+00
1.807084576489373262e+00
1.630306615245874502e+00
1.550522167488936010e+00
1.403438791667091401e+00
1.295094418950353488e+00
1.157637940433618118e+00
9.863065450983801163e-01
8.523157064768678293e-01
6.022239203015923303e-01
4.190683152916394039e-01
4.618977594282311916e-01
3.651770576302138527e-01
2.665937496539152463e-01
2.436722982704528362e-01
2.839292403196502224e-01
2.727532974237786845e-01
1.948804137776669887e-01
1.046424767581172477e-01
7.984391274387606097e-02
1.195273175040231367e-01
1.575948466477433418e-01
1.367380433978216681e-01
1.416842115555233261e-01
1.882879803323052881e-01
1.580230746512520656e-01
1.611987840832788399e-01
1.738402110489298547e-01
1.749576865283661020e-01
1.719420212440343765e-01
1.683792246670896275e-01
1.558896959397391702e-01
1.776417711113585651e-01
1.915764300877964565e-01
2.257244116369820641e-01
3.405498534904347063e-01
5.131316476672774796e-01
6.015666003438796539e-01
6.343814348598240116e-01
6.331824046931078254e-01
4.656287057501989346e-01
2.737235861324266439e-01
1.846164440385180683e-01
1.596991075845645147e-01
1.832377323846771378e-01
2.262392426404856161e-01
3.142112696487341372e-01
3.427052358378131491e-01
3.621251023407435765e-01
4.511563305513265343e-01
4.843989087879302935e-01
4.597338764555188861e-01
3.674293861409146378e-01
3.454471671153462875e-01
4.936375534058410341e-01
7.003477493584551183e-01
9.435412785959741422e-01
1.108962736379993652e+00
1.154171698707786131e+00
9.588041804392514189e-01
6.794503168696131024e-01
4.798955216727830986e-01
4.046760287545442258e-01
3.818039174862961072e-01
2.036440434010158007e-01
2.022710345817924638e-01
3.277453522821583975e-01
4.575004158922713615e-01
5.582912674974397360e-01
6.393501573980311381e-01
6.943378202301466739e-01
6.197909144036205520e-01
5.067298668672399753e-01
2.897882279471340472e-01
2.007725113500023195e-01
2.133063822075838833e-01
2.168272272523967814e-01
1.417696850414676690e-01
2.579768317814541412e-01
5.250653320098321863e-01
5.777182923010717452e-01
4.502403879293512823e-01
2.696892797509644057e-01
1.762298164863681793e-01
1.843722566381401362e-01
1.982405660466431130e-01
2.048737460850416359e-01
1.714595857376157162e-01
1.176260797608650183e-01
9.516376076671058393e-02
1.891590067940348285e-01
3.139193444057372107e-01
3.899346030770654004e-01
3.636134574219629934e-01
2.457703326435467239e-01
1.682376188135557837e-01
1.127898467554768330e-01
9.991853850581418339e-02
1.006075385247589410e-01
1.090051536292513945e-01
1.777775936736866180e-01
2.776443294099296688e-01
2.761458353294735102e-01
1.894277679447224638e-01
1.129547852561088306e-01
6.178640638301350491e-02
3.432923624217298908e-02
6.804813985541056931e-02
2.302984152989535349e-01
4.711569056570688030e-01
6.860094635620752612e-01
6.198730042797429007e-01
4.557175851116443410e-01
2.859885254456607240e-01
1.383534835728778556e-01
7.722728654815122495e-02
8.292599098053798912e-02
2.124949089203687635e-01
4.587171103191042265e-01
6.135881232279760678e-01
7.229066146510608748e-01
9.378797782479535439e-01
1.034359172500627588e+00
9.843901376006941595e-01
6.724327761881084831e-01
4.044946088640725690e-01
2.678292797694367677e-01
2.434748565727450076e-01
2.096238140689159202e-01
1.550193746156422470e-01
1.428389579797868514e-01
1.219777547999498363e-01
9.261489511815278186e-02
1.390721559597759283e-01
1.709347931833131440e-01
1.792417235181175961e-01
1.981683152387396785e-01
1.595610485859069727e-01
1.379214959085862113e-01
1.177734004035453919e-01
1.226125798532695793e-01
1.990206404531787987e-01
3.073020492497746670e-01
3.199738719923614916e-01
2.250814988473603673e-01
1.762559162401585999e-01
1.132896205603022149e-01
8.668122661954111297e-02
1.004980197674010672e-01
1.247682920568433662e-01
1.145065691753512638e-01
1.043479490452365460e-01
8.990398469000593362e-02
5.789541750191849051e-02
3.046675768193483208e-02
1.505672675344139032e-02
1.559584869603183530e-02
2.461802159810113147e-02
3.612580033869138701e-02
5.163557608149108719e-02
6.448577224286702880e-02
6.497911972889412746e-02
3.813502891503309233e-02
1.547522089406455290e-02
1.033959301802809747e-02
1.983942509229235165e-02
3.275361937423511283e-02
4.443746255770770343e-02
5.041707983706119472e-02
3.736595641384712202e-02
2.053444527214852780e-02
1.732702377045912054e-02
1.965053686134261846e-02
1.741149940658595283e-02
1.968263008194162320e-02
1.980254970046412683e-02
1.308503870975219474e-02
6.625684586639676681e-03
6.213664525685141070e-03
5.670532406937809668e-03
6.550018927605213460e-03
9.691327450477809149e-03
6.855731054988320645e-03
6.476634814778958055e-03
1.274444533001079828e-02
1.871077537651434294e-02
2.287126896142505431e-02
2.348929948967063211e-02
1.903609530307180664e-02
1.029492657383682813e-02
6.174333762001622122e-03
6.027520515827825519e-03
6.362263244157680131e-03
6.750730462374157116e-03
6.659800618946470040e-03
6.642966511493746812e-03
6.519254909178465521e-03
7.878547190590286242e-03
1.173858686709517915e-02
1.862511438237024822e-02
2.277937585915397467e-02
2.074516043022147857e-02
1.909727603328934681e-02
1.818917115270935261e-02
1.671932887105876189e-02
1.546221810358940595e-02
1.442188116434422497e-02
1.201125842684619416e-02
9.581544913887997394e-03
7.684088281949548287e-03
5.641160786950315774e-03
3.590716186736609555e-03
2.332768243246115345e-03
1.458779019324260399e-03
8.906195462434246708e-04
4.585251527116860617e-04
2.622536423961163883e-04
1.827874961471029585e-04
1.539559471678489529e-04
1.246361177476864831e-04
1.093008319424925443e-04
1.104510225326916584e-04
1.255076017123025046e-04
1.667937003149999879e-04
2.733373656982050781e-04
4.898637221149898698e-04
9.695675013570996710e-04
1.796224514724581878e-03
2.599124796586906212e-03
3.129410627844469561e-03
3.593792058319353853e-03
4.085023194692174835e-03
3.988762575680532621e-03
3.410497492803686928e-03
2.957735436386504154e-03
2.814655055063227090e-03
2.736821965388836538e-03
2.628035458732147240e-03
2.491714400496222032e-03
2.966827963018281878e-03
4.655380263083632765e-03
6.764990594790869574e-03
7.967881631757970165e-03
9.370181565480022179e-03
1.131998236522661384e-02
1.391242877124452409e-02
1.493606550985667435e-02
1.311952511411138174e-02
1.142573278288375009e-02
9.431880447916315274e-03
7.178252012069468238e-03
5.108909934865475851e-03
4.387484999751543359e-03
4.249006070989667753e-03
4.632743043519184714e-03
4.534155922267943221e-03
4.235689283094077641e-03
4.390192498099109927e-03
3.752084370770368549e-03
1.976693481202105793e-03
9.934649771547376593e-04
6.120765632039666714e-04
8.955457697750092297e-04
1.163551008635196156e-03
1.333462343540043520e-03
1.287660781272348832e-03
1.347709724818170430e-03
1.597212259883458050e-03
1.872089400364008614e-03
1.724960899267485772e-03
2.008381731301662511e-03
1.771672545138080687e-03
1.362581217144990652e-03
1.319789298943979195e-03
9.023947891828126800e-04
5.066894359821554885e-04
3.896300485836247211e-04
5.334684616373601158e-04
6.777566765403612295e-04
8.918587349749811967e-04
1.183747107456263690e-03
1.327793847343849238e-03
1.213356220917877377e-03
9.507965053653038125e-04
7.411398000910101886e-04
4.919842276048082622e-04
2.793429227432027797e-04
3.214375657488229986e-04
4.433870348210666051e-04
6.489283737339074333e-04
7.496908998004284076e-04
6.709275112206215894e-04
5.075125976846768180e-04
3.140713392858864093e-04
2.070992980138040677e-04
1.290079140745693386e-04
1.500327517639410857e-04
2.565737350850969705e-04
3.085143970950931570e-04
2.668947314049572119e-04
1.898564515410274347e-04
1.270212512040208846e-04
9.912551807054708459e-05
1.219877848976519148e-04
1.898152416289240339e-04
2.663781928331727185e-04
3.195091115757582286e-04
2.953415040254855363e-04
2.166890254705354014e-04
1.083053346395090698e-04
7.469889224890931408e-05
8.327940233166676164e-05
1.120878460231534019e-04
1.989228888483358395e-04
3.306374568023854677e-04
4.565874514078555914e-04
5.581753078472642291e-04
5.692981399655565973e-04
4.900203825238350639e-04
3.695154183543715464e-04
2.608765430014540229e-04
1.998120336984864965e-04
1.707552935870829223e-04
1.803816857096811137e-04
2.161609739611177470e-04
2.299330961125469397e-04
2.601109628953031253e-04
2.975382325132469065e-04
3.380701858264450457e-04
4.046474039842541475e-04
4.507826791750604791e-04
5.316582968706900971e-04
6.472283880948767826e-04
7.802423892151803776e-04
9.907868042263686705e-04
1.285447925584059159e-03
1.667511612483549115e-03
2.185377124746696979e-03
2.816001418601794121e-03
3.722420689247995639e-03
5.076593265004441038e-03
6.793782938523220891e-03
9.414651693149672651e-03
1.274712285357018637e-02
1.736394704468955871e-02
2.217955266079571497e-02
3.002500407714520439e-02
3.544188885297579195e-02
3.877307401006611920e-02
3.606394660471680391e-02
2.851289792204667051e-02
1.969861186610016857e-02
1.341663064463094641e-02
8.452441241445765932e-03
5.570659080346719236e-03
4.039442804278773648e-03
3.010590719026142500e-03
2.656811882313451709e-03
2.467096425061052114e-03
2.395395791819833475e-03
2.417061831867524813e-03
2.434721029222894871e-03
2.472614027450910617e-03
2.501556950536183883e-03
2.531189934502533177e-03
2.553396314744132544e-03
2.569488104692372807e-03
2.579397712217450581e-03
