8.058653450837702392e-07
1.171663867863389457e-05
2.882686786188079562e-04
3.120043339544627085e-03
1.574427414890651120e-02
4.166673520571135408e-02
5.454415409682279725e-02
4.686683034951021065e-02
3.569872376472198877e-02
2.713158837363809778e-02
2.147880661767174668e-02
1.832090099091556942e-02
1.613756748016859088e-02
1.427893653472193589e-02
1.258704140578405933e-02
1.149918636751991532e-02
1.105590187785059249e-02
1.024893675003254144e-02
9.957242828746765487e-03
9.960143592992265829e-03
9.727725786676098829e-03
9.270688731841879651e-03
8.881708371444710370e-03
8.831371275712956992e-03
8.748684745854827180e-03
8.678039592917526079e-03
8.871604412392477754e-03
8.687792654606353235e-03
8.769270757361323845e-03
9.018961541327068926e-03
8.957454380386916520e-03
8.637264232341358358e-03
8.548456645208032251e-03
8.552917051189537143e-03
8.681454997262041950e-03
8.835923225972448086e-03
8.750857987592942228e-03
8.535494770639475218e-03
8.660581576258036610e-03
8.672004923793490139e-03
8.623660211471630144e-03
8.544560513778002436e-03
9.093701221997877587e-03
9.358203443573459915e-03
8.869618531902470973e-03
8.687131555466758373e-03
8.884503785494428374e-03
9.088440597783938382e-03
9.269220669328575093e-03
9.413893318796150503e-03
9.853843304459290395e-03
1.048125268641823989e-02
1.063026968143612229e-02
1.042407179643155442e-02
1.017967200382212216e-02
1.031415948551979954e-02
1.012761457997880636e-02
9.790372843052935065e-03
9.818593710412224299e-03
1.022896063703601817e-02
1.052506165965180936e-02
1.031759613564251117e-02
9.705427328179593721e-03
9.509249640210647517e-03
9.472730570899609223e-03
9.548242323817892827e-03
9.891621987951588341e-03
9.815741602792535728e-03
9.350539628806957618e-03
9.846464671302741778e-03
1.062388711159054783e-02
1.159288558617442566e-02
1.339076333200111928e-02
1.715012736642998817e-02
1.879542600267065239e-02
1.617267964085465984e-02
1.347853597305902554e-02
1.239986479043119795e-02
1.434791043491106394e-02
1.943082211578993010e-02
2.394649248042695841e-02
2.604838461331050042e-02
2.681125686292387678e-02
2.651874230260084508e-02
2.338905368454449046e-02
1.991403804326937269e-02
2.167666830402315004e-02
2.353459066454718571e-02
2.151629684078965390e-02
1.992357211844169793e-02
1.759345521650848912e-02
1.634775570962876054e-02
1.446321862879065487e-02
1.359678032943487450e-02
2.234776692067790005e-02
4.147890099757153837e-02
6.208145155898012191e-02
7.728509813187846300e-02
7.253076652139839320e-02
5.459495669351748653e-02
6.608870414488779432e-02
1.225020345511053793e-01
1.941003835442357550e-01
2.587769145285165329e-01
3.118817519284246553e-01
3.278408671983349953e-01
3.199419020806746339e-01
2.665574589365224956e-01
2.180834538611967355e-01
1.807967247191327731e-01
1.584347131788576835e-01
1.521135489930011964e-01
1.145151415716821608e-01
7.079400506120286929e-02
7.669388016113970474e-02
1.341040527494340162e-01
2.805599273890127532e-01
5.002983905346140014e-01
7.548581426635850855e-01
9.705605465323904335e-01
1.186653335299171719e+00
1.428813930392583309e+00
1.525275670288325003e+00
1.463045455290085339e+00
1.311265410879275173e+00
1.177345354768644103e+00
1.162129545745892223e+00
1.523737749785899709e+00
1.938239377644552563e+00
2.124551487289795926e+00
2.216995068943151903e+00
2.249973420376796263e+00
2.293074193099756908e+00
2.319983135179882083e+00
2.343527446869643427e+00
2.180460783407773384e+00
2.061400438214488151e+00
1.923149332204873385e+00
1.782657712353087565e+00
1.559558485390426963e+00
1.464955033498601455e+00
1.430438426811928121e+00
1.390201740226419291e+00
1.309870442284092107e+00
1.231821068996921786e+00
1.163098073046956005e+00
1.094008362608465568e+00
1.036444863107507830e+00
9.719107132546952466e-01
9.132506859277187417e-01
7.924317463790923055e-01
6.997461538857959740e-01
6.096908733516060996e-01
4.575853136943747179e-01
3.260093880088091867e-01
3.657002014925115896e-01
2.994883046263482895e-01
2.274913082883753823e-01
2.069741808660869875e-01
2.370815716405705598e-01
2.334184850705603997e-01
1.818020205042177040e-01
1.098658385086088013e-01
8.371461534054243370e-02
1.111024714924504775e-01
1.482801026756820628e-01
1.409645016840737897e-01
1.511973260070834935e-01
1.994796981851239548e-01
1.704347073138233470e-01
1.695645955147555839e-01
1.806061793806394145e-01
1.861599649069121953e-01
1.883789121482316864e-01
1.891264922227719747e-01
1.778242558705599441e-01
2.014835038216132024e-01
2.232256245009465456e-01
2.758428639834659690e-01
4.376664488132823161e-01
6.713788413434671476e-01
8.098118782178210795e-01
9.302060246755131656e-01
9.751918766840191877e-01
7.463368074446187217e-01
4.641941745885959092e-01
3.381433881440092382e-01
2.911473016975203443e-01
3.198304475287151449e-01
4.067169644289224117e-01
5.721895757518381531e-01
6.487678524221676124e-01
7.193088401922347330e-01
8.779360001793625745e-01
9.612183870060172497e-01
9.287330149460585327e-01
7.838104426540398739e-01
7.877820842629449372e-01
1.114521548864716438e+00
1.612870196945267454e+00
2.197887702029868606e+00
2.610609691642298280e+00
2.709348625434929936e+00
2.238064431095915907e+00
1.676250383223414353e+00
1.231040565210611559e+00
1.067855256706135014e+00
1.016602134587883510e+00
6.031834603804666628e-01
6.440953993040509085e-01
1.007048421405907668e+00
1.415488862773478962e+00
1.704897605166964203e+00
1.982173648544175215e+00
2.144507125614171006e+00
2.105333925657179694e+00
1.792665822884785154e+00
1.106416762862875158e+00
7.854994056503979971e-01
8.190280889768413175e-01
8.356540791740932894e-01
5.871142144412275776e-01
1.073103312207451587e+00
2.126663055183827034e+00
2.533323725544712968e+00
1.982217353424127193e+00
1.187590646419943718e+00
7.814465023715678749e-01
8.391984878660420089e-01
9.274652270606214000e-01
9.835974652584287270e-01
8.225509211932328091e-01
5.724866461028166320e-01
5.190477736074079473e-01
1.119072292038187699e+00
1.897380004869458681e+00
2.446163979307703684e+00
2.357014881272112117e+00
1.545407796235789499e+00
1.048138841215738859e+00
6.785278760392357000e-01
6.175300929261318128e-01
6.551072612818295005e-01
7.353120981848292326e-01
1.352485923918711919e+00
2.334152618728122519e+00
2.495568301581523762e+00
1.870689300024804380e+00
1.138677506260027172e+00
6.743747939136753855e-01
3.895981065028164547e-01
7.151257996026884056e-01
2.442283981299499640e+00
5.225632424119432962e+00
7.963474388630376488e+00
7.670833540387188343e+00
5.915130090998936829e+00
3.969166119935696901e+00
2.165116536160230698e+00
1.367014801654761413e+00
1.460822955163692205e+00
3.611556439953810482e+00
8.144299300800833308e+00
1.167328977372682530e+01
1.386534894610847246e+01
1.819836836668505242e+01
2.156394098913192892e+01
2.066328745829846270e+01
1.376287598738379181e+01
8.890919508844060459e+00
6.197304121118618170e+00
5.870263395016640295e+00
5.175359358551893330e+00
4.162281107557002535e+00
4.236504018018914408e+00
3.876180058791195648e+00
3.018408294813387460e+00
4.440257939761115935e+00
5.674736935861579568e+00
6.666403730871937938e+00
7.871726833844931548e+00
7.071571986191844239e+00
6.537379612436955867e+00
5.756315914945278500e+00
6.171442619529546647e+00
9.928712850462796169e+00
1.599409524607833966e+01
1.774005856094000322e+01
1.339835153732365036e+01
1.114162105826246041e+01
7.808217577546982646e+00
6.608250534168353063e+00
7.584312276864426217e+00
9.306967965681092636e+00
8.931371907023327950e+00
8.626243887034863889e+00
7.782351215664012223e+00
5.618957263434775307e+00
3.398628431970599717e+00
1.961411687702538265e+00
2.042089320444190559e+00
3.037955594255932201e+00
4.521245848718582039e+00
6.694309642343999833e+00
8.817124288570999724e+00
9.338817181239109644e+00
5.437211148711400099e+00
2.255529096835180436e+00
1.553976592967463155e+00
3.204901612081366036e+00
5.750894012714552694e+00
8.623518341055659064e+00
1.060801642947811807e+01
8.461029588259776801e+00
5.293213567952540721e+00
4.984787791372130350e+00
5.784611018591604648e+00
5.189875802799530646e+00
6.273626835911081834e+00
7.038294251916485500e+00
5.093679932008036815e+00
2.697058026085025872e+00
2.839005792319325483e+00
3.099285907219185177e+00
3.924226598560031309e+00
6.250199296250197989e+00
5.070044940919216536e+00
5.131462333911841256e+00
1.001002598451535874e+01
1.519725114230293528e+01
2.125300312777480727e+01
2.405061185631293696e+01
2.190539611456967606e+01
1.270420796525381313e+01
8.557999518625383217e+00
9.317429115910279336e+00
1.074058772773817871e+01
1.293643867833950623e+01
1.465032146802056268e+01
1.728606887037648576e+01
1.995211816861783305e+01
2.698624090255834673e+01
4.241619617414842480e+01
7.004579211644900738e+01
9.541109466401842099e+01
1.024117974600100780e+02
1.114525386986828011e+02
1.225434217560607095e+02
1.308374196857669460e+02
1.395566683037259850e+02
1.511490458798611485e+02
1.495961707111260353e+02
1.466605233092660114e+02
1.463508090145791414e+02
1.283324852760207193e+02
1.031134311502828353e+02
8.856488565764878729e+01
7.077592650637612337e+01
5.189584667688249198e+01
3.181148879358590520e+01
1.955396919601843209e+01
1.773110696682186216e+01
1.954605856234703865e+01
1.735680432517502680e+01
1.560824912140502896e+01
1.328095179201024223e+01
1.511927420808643419e+01
2.006896553918911152e+01
2.944093180698996548e+01
4.458897589240750392e+01
7.343060894095887647e+01
1.152680690054854580e+02
1.409708113311852458e+02
1.355309674269748825e+02
1.347599317937545891e+02
1.341830211654202571e+02
1.153871048882630532e+02
8.993602177277827536e+01
7.042843297740709829e+01
6.175425990645047847e+01
5.579244437974077186e+01
4.857981749764406487e+01
4.389429925646113162e+01
5.083350217774506774e+01
7.520944243077470048e+01
9.935814681996546938e+01
1.091265505516230832e+02
1.224144703051006502e+02
1.399693434229914715e+02
1.605938331482675494e+02
1.661604189036789023e+02
1.455110943968097672e+02
1.268289704534453506e+02
1.017417490185150939e+02
7.769693074669241639e+01
5.359501321697663201e+01
4.630575000153051235e+01
4.282445992681703473e+01
4.470368401435065664e+01
4.346018264663288733e+01
3.943684117321342342e+01
3.943246138565549330e+01
3.449648178604859794e+01
1.812809662433626201e+01
9.555065077941664597e+00
6.244664213439606648e+00
8.447768555038116745e+00
1.078390720160085259e+01
1.180507144567178912e+01
1.081721043197554621e+01
1.139241933737760881e+01
1.320673149210804276e+01
1.577878721453065403e+01
1.525399115767178948e+01
1.770817245519347338e+01
1.547786225284830230e+01
1.212821610480856727e+01
1.081824994173290655e+01
6.927909487553674417e+00
3.945833363423977502e+00
2.995494202538558692e+00
3.759432464093706017e+00
4.193497501704219310e+00
4.832175672977624181e+00
6.257681736934448402e+00
6.773081195269520016e+00
5.756490559638555382e+00
4.154998790968897460e+00
3.087288678525702323e+00
2.058695179642445527e+00
1.008383234346315049e+00
9.345530285151818495e-01
1.103289923084165292e+00
1.597550903068625905e+00
1.637310591450538144e+00
1.342788165578852944e+00
9.133440799815074618e-01
4.782363780429272904e-01
2.789183109329073651e-01
1.725966097476314132e-01
1.835556484578818592e-01
2.615798235713663877e-01
2.765297362020126548e-01
2.007858972180648072e-01
1.153306389392087100e-01
6.426283146468267371e-02
3.800512316523744355e-02
3.665111612691877851e-02
4.789426430808730456e-02
5.386798028329178173e-02
5.824978160559999424e-02
4.474729077433763774e-02
2.629494849055968864e-02
9.987543554622892519e-03
5.151442753017382824e-03
4.303243425307745618e-03
4.777227408475255566e-03
7.586813983462950377e-03
9.800446330746358237e-03
1.147377115846744816e-02
1.066514547732797490e-02
8.382658230984127087e-03
5.619426338182077242e-03
3.145133144695844325e-03
1.657031077926656663e-03
8.946647200104557553e-04
5.022969778778613170e-04
3.679612299300211316e-04
2.823152543177914319e-04
2.016835012067557590e-04
1.541795847943707809e-04
1.024458219618446837e-04
6.317226468343776255e-05
3.708847604611069496e-05
1.877010982135281889e-05
9.225469197842635981e-06
5.530370659248531323e-06
3.351044022710385357e-06
2.088465751837359360e-06
1.342244456264277189e-06
8.594872187059370531e-07
5.738222869502985124e-07
3.928636068291197258e-07
2.633609834277719832e-07
1.754345501400920144e-07
1.140548182531862868e-07
7.511583342156216890e-08
4.848360511557692011e-08
3.209663869450964009e-08
2.091626911773043270e-08
1.342012103432871102e-08
8.339023160233729012e-09
5.042709424194995763e-09
2.987810769236715121e-09
1.761905303011821396e-09
1.041522112228138602e-09
6.310547325863133464e-10
3.941513400783446558e-10
2.647169117500532309e-10
1.946543465270882325e-10
1.571835519313754184e-10
1.371643757881317616e-10
1.274140964514871872e-10
1.213559648420766148e-10
1.177022856142664026e-10
1.148285458672891781e-10
1.126081568924387599e-10
1.108183286452758694e-10
1.094281172820225082e-10
1.083585877295282510e-10
1.075950891095474422e-10
1.071394340434890473e-10
