1.119827178529262390e+00
1.265854923476826821e+00
1.163877847168296009e+00
1.171018015160186554e+00
1.127845669859257383e+00
9.099755173302669364e-01
8.200801000282673670e-01
6.593416267004840181e-01
5.167458228933083930e-01
4.029563116335089235e-01
2.596006862857589415e-01
1.921497060763749098e-01
1.353610931166273346e-01
8.672271254471315693e-02
6.160194922681840046e-02
4.848181735642757145e-02
3.610626874529222763e-02
2.725622253792926719e-02
2.315083470966609880e-02
1.729309410274963363e-02
1.444043152898232159e-02
1.183199927659474467e-02
9.952805605194727998e-03
9.201393745279944081e-03
7.982855795965113771e-03
6.991268651716805657e-03
6.396579101538212193e-03
5.983898204478250819e-03
5.449488445672542869e-03
4.940366605727296301e-03
4.796739996047175679e-03
4.725272220345189990e-03
4.227337324813679707e-03
3.603365179786531883e-03
3.352769428859832864e-03
3.422655371652554360e-03
3.281275246669101107e-03
3.092179816820648901e-03
3.292169542163277552e-03
3.039115164154831440e-03
2.700801590286101318e-03
2.517826603235570355e-03
2.622448454794919920e-03
2.664550620273508676e-03
3.640742852638052807e-03
5.973107554600983263e-03
7.016706187700795169e-03
6.794578677336604242e-03
6.012798128142965610e-03
6.106054865042368981e-03
8.046401295354952202e-03
1.178828994898036518e-02
2.024942746818223643e-02
3.138092624364138827e-02
4.557561200470499480e-02
5.259640589847702080e-02
4.639633612863556383e-02
3.463659088088505422e-02
5.106813983797765105e-02
7.983076374647048168e-02
1.019843514281729008e-01
1.168397688633190518e-01
1.032731346749690554e-01
6.953264261933971013e-02
4.441048683325972413e-02
5.038892760751980532e-02
7.930939362816509519e-02
1.088291069722970156e-01
1.142984113902707627e-01
7.664307085724095248e-02
3.808315977433307520e-02
2.085051116082463005e-02
2.048802525617897732e-02
1.442768488711079766e-02
1.102473085897618874e-02
2.180802635143407747e-02
4.448711555500291931e-02
6.731915581453894182e-02
7.945587021115176063e-02
9.010688373191796940e-02
1.020115632639610331e-01
1.093272239582906424e-01
1.245720433086374979e-01
1.445590931452600814e-01
1.495119694230004626e-01
1.457594510938338972e-01
1.500578728693426067e-01
1.470430309149397263e-01
1.401234515479189147e-01
1.363220466242271445e-01
1.403068275584940794e-01
1.501564466100418771e-01
1.604465560098446986e-01
1.559249713810786364e-01
1.361000244931008241e-01
1.285959536133735592e-01
1.294124042526123008e-01
1.234031671261337920e-01
1.038929232340617542e-01
8.084781811390756578e-02
7.563381942485361553e-02
7.695478240115749546e-02
7.519612651273611947e-02
7.186081867916679911e-02
6.150163480460642262e-02
4.862031868417067415e-02
3.908200436749422607e-02
3.506580219127784087e-02
3.230410166246946990e-02
2.056152554181145398e-02
1.311703846350265393e-02
8.301905484227625059e-03
4.131685944260034271e-03
2.075552890843252070e-03
2.461095649663745926e-03
3.391164528225945520e-03
3.245121193503777788e-03
2.393432098609181609e-03
1.526759018238702578e-03
8.021940493710571531e-04
3.546555112381549442e-04
1.741379229133126303e-04
1.215437052934672092e-04
1.108625176657333691e-04
1.106422100055910713e-04
1.149046612878804621e-04
1.245573406020664825e-04
1.535840038633305932e-04
2.064753629034105195e-04
2.352398246284102769e-04
2.408943664941179733e-04
2.970351333787149377e-04
4.042130192263038179e-04
5.296682756250239554e-04
5.676947077648621153e-04
5.084526309182550892e-04
4.344928229156634820e-04
3.781166579406163323e-04
3.263935711026310781e-04
2.517858049175800464e-04
1.913621038586171971e-04
1.805685851355700526e-04
1.522438823013011510e-04
1.486732346946004419e-04
1.580028969264534605e-04
1.392899549960918237e-04
1.181095646087772293e-04
1.250491983567687696e-04
1.126193850863951721e-04
9.844758729404370673e-05
8.696677474329311331e-05
7.638432205687570775e-05
6.984811454768200803e-05
6.503983913990583486e-05
6.423110524062008086e-05
6.296069153889604622e-05
6.322680970608928093e-05
6.435506024090052778e-05
6.383624164561769012e-05
6.206257239673834128e-05
5.838316477142609030e-05
6.021358244909129148e-05
6.256160469090246603e-05
6.251209540694209921e-05
6.565816896896718225e-05
6.296595459415952863e-05
6.069062569646238478e-05
6.004395710381784556e-05
6.046556273701837882e-05
6.187708010816004548e-05
6.061682832982507040e-05
6.109593146478354316e-05
5.868710296788180909e-05
5.688582763239316255e-05
5.506087290651945793e-05
5.675870945812840876e-05
5.796343745607586032e-05
6.005859903498678246e-05
5.859351375461023086e-05
6.260111509945732837e-05
7.295214193223670414e-05
7.120707121818317686e-05
7.238645921916153864e-05
6.811374825883334246e-05
5.570611727460349905e-05
4.937365432823022604e-05
4.730884555381807254e-05
4.744694513177357065e-05
4.715406783440779186e-05
4.588035327142005968e-05
4.574454093308963625e-05
4.521308278310254595e-05
4.908349146174467037e-05
4.773755465265060470e-05
4.471589469670433177e-05
4.505407525046825688e-05
4.815234616915492130e-05
4.546721499951769777e-05
4.301505223352466225e-05
4.189164433276875609e-05
4.346677060311950329e-05
4.561692948538814392e-05
4.848611959122076586e-05
4.926331145206282891e-05
5.103384351197472993e-05
5.327328434808870458e-05
5.560618963318890830e-05
5.252095854276552520e-05
4.596472509690041223e-05
4.328205046615408617e-05
4.360727622151733648e-05
4.181637205292929830e-05
3.765756414586472994e-05
3.790495845700034560e-05
4.013065271864220087e-05
3.905940280423740677e-05
3.923603593273726297e-05
4.200516993664617091e-05
4.272753527915017322e-05
4.476308207673977132e-05
4.959159885751300388e-05
7.952613717973130308e-05
7.814945017844823012e-05
4.039216699055366396e-05
3.347557797956362418e-05
3.022901677357893297e-05
3.031463329285766353e-05
3.192534309374565101e-05
3.099727720894449425e-05
2.922148453552708488e-05
3.051637914383805017e-05
2.921567739471424234e-05
2.949866498647443923e-05
2.941349094917753619e-05
2.955659891045456841e-05
2.856814405593449370e-05
2.899782114034303186e-05
2.861434863316432388e-05
2.841883604405703794e-05
2.862301457282869229e-05
2.967041724057635044e-05
3.339342003971108570e-05
3.707819236177914061e-05
3.356623311199195955e-05
2.989595077725217378e-05
2.742940187428621004e-05
2.586736982458831657e-05
2.615252395393816848e-05
2.753487826704661777e-05
2.698395226451990201e-05
2.869255996898105473e-05
2.667103773741148193e-05
2.539404840816404121e-05
2.576124704428968434e-05
2.472295871670179224e-05
2.346704445834517532e-05
2.672889104168291440e-05
2.669517394776437975e-05
2.456254755132486774e-05
2.287409356957872928e-05
2.279770445284802643e-05
2.257759127414738114e-05
2.331274774044810792e-05
2.143566907887365887e-05
2.207198067036824772e-05
2.461801502678452838e-05
2.295801202659622357e-05
2.295140327997302561e-05
2.509571241528656984e-05
2.351986764680785477e-05
2.172477246305909123e-05
2.150018860030595988e-05
2.307441570530733511e-05
2.261094421102496140e-05
2.315821433252738087e-05
2.270045413322967819e-05
2.389295102228699443e-05
2.516224080402742485e-05
2.341756712467090749e-05
2.270850624825506803e-05
2.377272430451210459e-05
2.173867027767142394e-05
2.228697790600932279e-05
2.188221707646383101e-05
2.173674605879482753e-05
2.320090375327591212e-05
2.210263152930998638e-05
2.073491060439981164e-05
1.921083225556390430e-05
2.060241479369104005e-05
2.074540767605946419e-05
2.002921743378763015e-05
2.121340263493284254e-05
2.125473632790419765e-05
2.050536568106456226e-05
1.968348795451371682e-05
1.986475530567442449e-05
1.839608511659831416e-05
1.751154705468979206e-05
1.851608065331851029e-05
1.885666326537691723e-05
1.825673741077681224e-05
1.912542356646965947e-05
1.959578200077987043e-05
2.063525059035587766e-05
1.922653397599074539e-05
1.912394858020625551e-05
1.960132151688430448e-05
1.851978056828409817e-05
1.856098027130318522e-05
1.748255121091229849e-05
1.718673978754234306e-05
1.773509312838712147e-05
1.844854314028705254e-05
1.827285287435739786e-05
1.834917876713515868e-05
1.876431751115867358e-05
2.038693403559324865e-05
2.018052238991225868e-05
1.756284125373662331e-05
1.679541639028520161e-05
1.807914247436902426e-05
1.799518140452712467e-05
1.689053969487884719e-05
1.781574323304529336e-05
1.832079383737138454e-05
1.738676543659559598e-05
1.669335646128963492e-05
1.601497884252558828e-05
1.629394390968166999e-05
1.550165724694302664e-05
1.572007773836356262e-05
1.640944510351124684e-05
1.645920274925557908e-05
1.611062385134261443e-05
1.543332948609403731e-05
1.571523945351832125e-05
1.612276654744039352e-05
1.574178917365258828e-05
1.504189756039471521e-05
1.633346989734855824e-05
1.644568977530892542e-05
1.603742654800979268e-05
1.649316885487010846e-05
1.672717639108335750e-05
1.556436008691386116e-05
1.452969765623426724e-05
1.481192062624289737e-05
1.518872840526137781e-05
1.468531364397110323e-05
1.608852236842784654e-05
2.227657660773118832e-05
2.156234079314663015e-05
1.596629286847147452e-05
1.552888528397426891e-05
1.588802162617731752e-05
1.549755978856558666e-05
1.582716031917218275e-05
1.540503986289502400e-05
1.525810641356314556e-05
1.534354813988869168e-05
1.467312466770444509e-05
1.596112780930551624e-05
1.578714253082537847e-05
1.410969817425848833e-05
1.439367473074366820e-05
1.424558998838319784e-05
1.481509552373697097e-05
1.551442920549022118e-05
1.492502199238462367e-05
1.435502123660227362e-05
1.376713433914756418e-05
1.447353341337165813e-05
1.528290544481027477e-05
1.426056845768102182e-05
1.369114038038443398e-05
1.395882613459607341e-05
1.437041337420640933e-05
1.446880704238472087e-05
1.403932094689612862e-05
1.368932249503575953e-05
1.416586518537984896e-05
1.344314094770888746e-05
1.313849353267788419e-05
1.312633567955006526e-05
1.320186239411238976e-05
1.342561661452797783e-05
1.329053747038141452e-05
1.302738853714012997e-05
1.314209652167899972e-05
1.290220909863966115e-05
1.226433136633183967e-05
1.261228575669657696e-05
1.258811885045378795e-05
1.221970166009822593e-05
1.248465430391687168e-05
1.237429207867856202e-05
1.280853356798789004e-05
1.243734640129966796e-05
1.210792635906494641e-05
1.165299512684176394e-05
1.129122201490379518e-05
1.158178738266185289e-05
1.118180561885087602e-05
1.156780148926129126e-05
1.142936714834468571e-05
1.099644028304311142e-05
1.066181343974226289e-05
1.004513331005557351e-05
9.718639692101826058e-06
9.847187751455816873e-06
1.014069618235595805e-05
1.053504411267983104e-05
1.021934932757137754e-05
9.489910115569625350e-06
8.983388549637914177e-06
8.745494176692234715e-06
9.126074281969363084e-06
8.884742801569117597e-06
8.692898965505243907e-06
8.363909181837529062e-06
8.409858302159106122e-06
7.990862514562594395e-06
7.955625543812928563e-06
7.857200336502056202e-06
7.245061612804706258e-06
7.432331662680203722e-06
7.042520932663834153e-06
6.800236892831428184e-06
6.660494723255641777e-06
6.016053829639071113e-06
6.006181637715163015e-06
5.935105077057517595e-06
6.003563807863191900e-06
5.781556348762148696e-06
5.563306565323534133e-06
5.417623049276190006e-06
5.174680416422165336e-06
5.222073993367633839e-06
5.136686525261401588e-06
5.329178473737217553e-06
5.327951092236267662e-06
5.294989877123765634e-06
5.372438854091969278e-06
5.308148944528954853e-06
4.984730438807831821e-06
4.896081872288725480e-06
4.791070941557884809e-06
4.931934430094935361e-06
5.016267585800463274e-06
4.699866891139272501e-06
4.508358637481204173e-06
4.515295349199167684e-06
4.714982497028296085e-06
4.813860449653751651e-06
4.980768190609865247e-06
4.923983674298963306e-06
5.031901063035964375e-06
5.291689130679067842e-06
4.989136396106096497e-06
4.599181892372348809e-06
4.569324921154680611e-06
5.042755241687195263e-06
4.947215748556983237e-06
4.829249729972274966e-06
5.083585198094780240e-06
5.393462587759919027e-06
5.495091622716587770e-06
5.116024716660286848e-06
5.226795528817208449e-06
5.435876703541291957e-06
5.713146868246232223e-06
5.867696410846701817e-06
6.481926842223622098e-06
7.143887780431329130e-06
7.114330869497566498e-06
7.685924234512338040e-06
8.380247039758474694e-06
9.269830547735918017e-06
1.019767688830595912e-05
1.194789613910689647e-05
1.419230024454173864e-05
1.594410804430578684e-05
1.943368091989565167e-05
2.518392150304378922e-05
3.224914051507817925e-05
4.261186229495085890e-05
5.521168153422428967e-05
7.336071733956635755e-05
8.943037021096624211e-05
1.183307423093776491e-04
1.345525662108019538e-04
1.492246403734160168e-04
1.366261482218442114e-04
1.059429347287251769e-04
7.675889137714050155e-05
4.872316581300923185e-05
3.370228175306081380e-05
2.224697459293208007e-05
1.673822923914829850e-05
1.276822469074393674e-05
1.164366837967644620e-05
1.086213974147683699e-05
1.046032785025696571e-05
1.050922754451991059e-05
1.054175903062465996e-05
1.057619564385429375e-05
1.062929546220395439e-05
1.067898246586646725e-05
1.071965295332446609e-05
1.074843787319461507e-05
1.076599927095977729e-05
