8.583896533083395383e-07
1.117796659899427239e-05
2.818625523546881579e-04
2.932739428861373242e-03
1.543940573990741291e-02
3.716567477279215242e-02
4.663189290452172953e-02
3.847985983672411875e-02
2.805397965729907253e-02
1.996023141528382658e-02
1.455048111106687324e-02
1.052495094807012928e-02
8.044382676969868279e-03
6.482093649086432575e-03
5.119513344234189779e-03
4.374712136740161947e-03
3.680732142029058580e-03
3.122563948479412706e-03
2.837941995890652137e-03
2.669260977636755960e-03
2.317777927610579960e-03
2.074645946404451730e-03
1.990721946531170267e-03
1.851076985888807985e-03
1.746679247795682090e-03
1.746228403786753008e-03
1.855025638394575647e-03
1.731621030851726367e-03
1.664971506319382587e-03
1.690195215266270543e-03
1.674144907596828010e-03
1.660476824858803362e-03
1.685781676184659825e-03
1.608827878259858459e-03
1.556222798516595195e-03
1.678707141990047527e-03
1.777199767431344741e-03
1.732807166063396378e-03
1.727839521351502011e-03
1.861043997906352762e-03
1.854972841531143685e-03
1.879702105614447115e-03
1.858907821993604830e-03
1.768491427623119496e-03
1.779009561513123774e-03
1.815948297632197488e-03
2.033457312993017154e-03
2.389459971554564691e-03
2.945160419242026564e-03
3.964712489823586650e-03
5.777299971544773080e-03
8.039069526613012995e-03
9.313046635315711669e-03
8.056226708084625321e-03
8.240543907753821243e-03
8.372369939562390728e-03
7.317166015162275897e-03
6.563781759678954594e-03
6.062380118266119146e-03
6.364987177257824640e-03
8.519166127356337173e-03
8.611970408987774245e-03
5.870092300140576820e-03
3.957118069952396226e-03
3.979744977799929903e-03
5.517991045538246653e-03
7.590527429882352496e-03
8.195845682515592867e-03
5.582046893940853863e-03
6.077031599218176913e-03
9.478908589874678048e-03
1.899608999348142979e-02
3.384582938722843770e-02
6.905323351083304806e-02
9.775234143335367887e-02
8.188201931463098826e-02
4.924165878842742122e-02
3.064944395316861539e-02
4.952984781006092990e-02
1.074200326635491587e-01
1.632706431687378501e-01
1.933807020985641445e-01
1.991225473585291339e-01
1.916436705068851887e-01
1.613643116341194894e-01
1.229487674757381438e-01
1.525612584950060968e-01
1.839327229804940123e-01
1.569257423810654084e-01
1.354573555696887421e-01
1.094626875631922736e-01
8.917804568516862762e-02
5.790698020536731022e-02
3.372370006459794040e-02
1.319998322823271453e-01
3.734067167516165187e-01
6.172627985785617000e-01
7.874589949774801756e-01
7.182886652887635615e-01
4.846949025986322934e-01
6.367907563612306143e-01
1.349377992492776901e+00
2.224882535547509033e+00
3.015721310772766728e+00
3.652764515014144564e+00
3.801584121968779595e+00
3.638218996550973028e+00
2.937873618087712302e+00
2.391840950791094045e+00
2.053815860144611261e+00
1.913632049629884202e+00
1.943190564398785458e+00
1.501982371687625495e+00
8.661016270688143281e-01
9.067518111890998656e-01
1.527592545005682645e+00
3.262056576744020830e+00
6.003483112521873721e+00
9.129836367925285856e+00
1.165965673579055384e+01
1.417561812528617970e+01
1.693551795653507597e+01
1.779810494353098704e+01
1.685777228158060126e+01
1.497092499413849964e+01
1.334506125772437990e+01
1.327214516236665887e+01
1.781257278808113753e+01
2.304794580501791046e+01
2.524384080682101228e+01
2.621806289098478970e+01
2.638772727594079015e+01
2.690665103370413291e+01
2.724049265844875833e+01
2.743033740596351677e+01
2.533500028183480524e+01
2.365396663957793777e+01
2.178736568514543492e+01
2.008660216695091094e+01
1.752427613563812869e+01
1.640247713152684739e+01
1.587065667398178626e+01
1.526705821642848271e+01
1.431719782453086154e+01
1.337636433534084546e+01
1.243232246461434443e+01
1.158292982690042017e+01
1.097307714671412526e+01
1.027690480321182775e+01
9.661888252801887234e+00
8.417574271854070034e+00
7.338988475262847366e+00
6.274805201003490041e+00
4.552379217454527449e+00
3.167375666387066691e+00
3.574786940990598350e+00
2.904026884286674992e+00
2.120382606819483318e+00
1.919423549881025926e+00
2.250250244363321439e+00
2.195782229220066384e+00
1.631030124376065427e+00
8.955426279866750550e-01
6.729907718685131934e-01
1.009735257214772197e+00
1.387703269411186380e+00
1.240821476681031488e+00
1.274950372634623186e+00
1.729489397336287704e+00
1.440310253272140573e+00
1.448567038693639342e+00
1.603355472038670682e+00
1.673001297858889513e+00
1.662188273836988195e+00
1.650455617940320918e+00
1.539769123064547607e+00
1.714473276596261808e+00
1.850969650891186591e+00
2.259809460341397624e+00
3.526960397037948169e+00
5.304665730012034786e+00
6.187594394254017693e+00
6.738827195710772600e+00
6.762999100107360384e+00
5.013829215286936147e+00
2.970195622914769462e+00
2.086989157129850891e+00
1.820369235506466010e+00
2.057486817610784779e+00
2.595676219716754218e+00
3.587827120631791100e+00
3.954035538973570407e+00
4.179942081426989198e+00
5.144320612825994843e+00
5.734727323379004815e+00
5.509710631512227508e+00
4.464122179744955510e+00
4.297974868606072363e+00
6.139644414307374731e+00
8.852110216965144218e+00
1.204900852926342836e+01
1.417161929113627750e+01
1.473386546534022834e+01
1.221008668163854871e+01
8.954494186211018558e+00
6.338060627480145648e+00
5.311168482580063355e+00
4.995167174190191517e+00
2.778803057889584149e+00
2.780475943964319629e+00
4.563848379039224135e+00
6.485996691284863225e+00
7.848240781545631428e+00
9.034104108574904757e+00
9.712687975085977143e+00
9.257495033195491274e+00
7.572304202254854566e+00
4.388265717978714342e+00
2.991329634609773969e+00
3.209467113208245959e+00
3.319005532989421692e+00
2.146784418700780517e+00
3.927436111940986407e+00
7.963901915224756323e+00
9.176445176983826002e+00
7.072589439976304071e+00
4.239353884664695649e+00
2.741352745643761857e+00
2.920468722591905042e+00
3.282976934039700367e+00
3.446669565340341190e+00
2.866761084935439463e+00
1.931311762918407338e+00
1.606986345800909266e+00
3.147261829036714254e+00
5.308461756913274598e+00
6.630954629464823391e+00
6.368740285805228218e+00
4.275486083451148112e+00
2.926037527774146607e+00
1.998349000684565668e+00
1.788927960162721043e+00
1.812831327155093986e+00
1.919571711529162839e+00
3.185393299315454563e+00
5.061242244757378828e+00
5.101371848538812870e+00
3.578728976982048504e+00
2.123147907974821447e+00
1.189275927131543398e+00
6.341679609847137300e-01
1.263855006471615194e+00
4.446433511130011951e+00
9.308000996994911347e+00
1.348785077462795279e+01
1.250852283927847175e+01
8.956758056067190665e+00
5.475652424662694528e+00
2.732825469099428695e+00
1.582766268152267175e+00
1.703346418961693365e+00
4.339051504985565799e+00
9.548413300987673935e+00
1.344665678137039144e+01
1.542824170142218065e+01
1.954252106533972722e+01
2.272265979207564968e+01
2.137506378914703475e+01
1.415510750845402477e+01
8.820603558136092204e+00
6.119250771034061565e+00
5.560379576009847113e+00
4.684974766582198136e+00
3.507217652224635440e+00
3.272711691533135347e+00
2.811168971388667170e+00
2.120751455980833367e+00
3.176528981316171230e+00
3.969840335699184042e+00
4.289463333004403189e+00
4.600780254655590262e+00
3.831034991371521148e+00
3.299995958998576562e+00
2.852076172664920417e+00
3.028186810254724914e+00
4.947409414623564317e+00
7.609944361462988027e+00
8.033613461130800104e+00
5.666168664279057410e+00
4.424239801742588796e+00
2.847231901568213708e+00
2.186975059866538729e+00
2.473981433953304165e+00
3.074466371133124376e+00
2.892066718312038098e+00
2.666746263593383404e+00
2.268293691525401279e+00
1.498545361276965027e+00
8.146002025085478104e-01
4.042687639840661373e-01
4.150505498900195489e-01
6.663663445128401586e-01
9.720187377644942117e-01
1.416697592255779625e+00
1.764149628650057977e+00
1.809473312792891031e+00
1.043476223879580278e+00
4.208105723525912278e-01
2.882957498796003826e-01
5.493191241977976036e-01
9.283808435665958925e-01
1.273715939953999454e+00
1.417063317050578197e+00
1.067848705496138972e+00
6.059356862783755737e-01
5.109470298238596442e-01
5.760882189179583612e-01
5.032074602198943758e-01
5.684183601644737793e-01
5.866608246009302752e-01
4.005079140109287228e-01
2.000106145715989381e-01
1.871044902844603841e-01
1.747158202638153801e-01
2.012819717759102012e-01
2.975228833852149868e-01
2.181410777348598284e-01
2.034388349887061298e-01
4.038640885017170667e-01
5.932629598413416971e-01
7.523062194354368515e-01
7.670903111270215291e-01
5.982733618852430491e-01
3.247614706040009014e-01
1.974792868714336791e-01
1.921594189498722904e-01
2.061058330524956350e-01
2.230713796434878882e-01
2.216311526196146353e-01
2.226559089023939231e-01
2.203229364539392721e-01
2.683550843820967646e-01
4.014979465085466992e-01
6.239508965222100301e-01
7.656533782031005320e-01
7.240154855563842862e-01
6.760641981005640622e-01
6.538546459480897299e-01
5.936903463641021172e-01
5.368699387707238646e-01
4.954004920055900540e-01
4.278299024160840958e-01
3.508999427830929996e-01
2.841289910430341292e-01
2.045163693272146199e-01
1.284803660026682393e-01
8.482723880716236398e-02
5.310352003150414085e-02
3.159450122934302774e-02
1.668708742420811283e-02
9.643010757329340335e-03
6.848811815981016918e-03
5.761462651813101937e-03
4.604126754540996576e-03
4.139356426191105262e-03
4.196236540256529507e-03
4.763170138499618622e-03
6.355117872875883957e-03
1.020594129462868566e-02
1.840431953859137867e-02
3.759361276026988719e-02
7.023870554399734567e-02
1.024659083599533810e-01
1.201202189588732316e-01
1.421289403866541623e-01
1.625597588952379380e-01
1.581053225316492450e-01
1.380538996385221318e-01
1.205489754975886951e-01
1.150631427791029004e-01
1.124226535609459399e-01
1.047492883317075602e-01
1.000540790316765821e-01
1.230621082612808337e-01
1.947800965380408755e-01
2.781316479066521241e-01
3.258391492439891568e-01
3.874641596612171113e-01
4.731251323632132966e-01
5.707931438685094339e-01
6.082365889889549404e-01
5.482103612138674587e-01
4.854281545152032140e-01
3.970347937772900626e-01
3.061904419276293421e-01
2.127309413195194732e-01
1.872356134499400804e-01
1.811309845034948240e-01
1.956889471660724356e-01
1.949770792063492131e-01
1.818854201900280132e-01
1.851669432357961054e-01
1.607281413633808442e-01
8.418741717708752570e-02
4.220382920077886402e-02
2.641803714044142770e-02
3.792308348434397097e-02
4.995044834729620714e-02
5.469757997988929782e-02
5.196745173430088877e-02
5.525837140149628818e-02
6.309430723106786154e-02
7.162800963229463969e-02
6.498542022115795513e-02
7.096461893590903791e-02
6.285869639140417853e-02
4.893728333416328541e-02
4.346585549796336961e-02
2.810220047845196634e-02
1.582553492028124578e-02
1.149684363209082551e-02
1.455894693068614243e-02
1.753630063944848494e-02
2.139984781596131203e-02
2.651725481732248452e-02
2.806857134987801941e-02
2.304170735603078279e-02
1.653137420601736088e-02
1.167139571355849809e-02
7.081027526088535737e-03
3.594165788482773724e-03
3.582832898157144348e-03
4.305819072894468032e-03
5.531424576478125715e-03
5.516947270916977564e-03
4.282737496802881821e-03
2.752910036657589196e-03
1.466838472145241780e-03
8.176951510250516329e-04
4.273320614154017295e-04
3.916061245508220936e-04
5.481975855927219334e-04
5.514203632687992131e-04
3.904235588589062946e-04
2.208105393809278835e-04
1.215758944034363781e-04
7.598181043672847207e-05
7.113891509870898982e-05
8.450604912211855709e-05
9.033825988315544306e-05
8.650259260335091849e-05
6.052874818583184579e-05
3.365451441674805632e-05
1.292022601253221314e-05
6.694364403804038781e-06
5.438661277946838996e-06
5.399479172586531327e-06
6.985680538360765105e-06
8.175451733539576129e-06
8.523695982138413074e-06
7.393814997708153769e-06
5.239522345054125867e-06
3.121625131259305691e-06
1.612029254388306171e-06
7.871011889153012835e-07
4.082753713840952862e-07
2.343391470057674692e-07
1.659659345181965633e-07
1.345583205834298113e-07
9.776027083743504151e-08
7.168346206069498204e-08
5.107879433289711450e-08
3.700223545907741967e-08
2.690389981699899013e-08
1.844338044134973703e-08
1.319657805379784359e-08
9.814112943648986507e-09
7.279510665033089485e-09
5.444260338281793915e-09
4.027826427564034321e-09
2.949084352399311871e-09
2.161639380074152318e-09
1.550179953293723082e-09
1.097467782101943455e-09
7.731685881434478684e-10
5.367283709632873341e-10
3.665895611145604527e-10
2.471887045815216996e-10
1.646972299430483832e-10
1.075529052350980647e-10
6.882416573189892654e-11
4.389299533144319999e-11
2.671073050283584889e-11
1.637243161431931920e-11
9.860836455455445352e-12
5.575087817654583435e-12
3.389114832753158069e-12
1.955069153971311875e-12
1.194488110629084883e-12
8.130489722057319578e-13
5.719190194503310616e-13
4.777050773103330966e-13
4.223152462755795044e-13
3.917290180539164346e-13
3.792774996802010359e-13
3.682336565013635752e-13
3.621114792014933278e-13
3.563624284881181993e-13
3.524811482345721940e-13
3.492936937304736410e-13
3.470271387476669516e-13
3.456922754123271341e-13
