1.000557974390766214e+00
1.247717713202856293e+00
1.226070853187033904e+00
1.226248771726306419e+00
1.160786704416588488e+00
9.803155802919135686e-01
8.438723977614405181e-01
6.829651689930329450e-01
5.035775897309245908e-01
3.961862307274576223e-01
2.941745984233911093e-01
2.011382601167468476e-01
1.435089963495012333e-01
9.298690401926111571e-02
6.228180762858241681e-02
4.707596143678665496e-02
3.800316947301767695e-02
2.846806483799121934e-02
2.159186571230421042e-02
1.719313263957447310e-02
1.412176471092110169e-02
1.168803228580358837e-02
1.036889458456300220e-02
8.915729006788853175e-03
7.667067054590913887e-03
7.259794699051017562e-03
6.011705901314749398e-03
5.725319838429659448e-03
5.001853081002792696e-03
4.559325530574449316e-03
4.289262642345042023e-03
3.924222723023772577e-03
3.801185917930872699e-03
3.493472962870441869e-03
3.252006379056606410e-03
3.110574382237406722e-03
2.741290409971411379e-03
2.430183863503436546e-03
2.398032300435731876e-03
2.353901513221884952e-03
2.192252857394500452e-03
2.213405300114188595e-03
2.160481206997673462e-03
2.032877448501725116e-03
1.766344532642206153e-03
1.664854558155850648e-03
1.609105985830275483e-03
1.509717662235552683e-03
1.447212402315960298e-03
1.390173091820518176e-03
1.280817196473982983e-03
1.296937903222030331e-03
1.243538860885193406e-03
1.239790997434955973e-03
1.295623141503846705e-03
1.261406331362133117e-03
1.107797964384022718e-03
1.023658901140392548e-03
1.222917674011757229e-03
1.483510994821373667e-03
1.597033335496598474e-03
1.587444066874357752e-03
1.705653456956453045e-03
1.758826777021235558e-03
1.958284648024356638e-03
2.462694667232276455e-03
2.846925333624147555e-03
2.810915147533715915e-03
3.056939645313079719e-03
3.215759375167563574e-03
3.595442121701510757e-03
3.614072663163448492e-03
3.853625778452778212e-03
5.017334170420732244e-03
5.905469638695289361e-03
6.145513186821232113e-03
5.909098728934660677e-03
5.630259028814872668e-03
5.677696189998090483e-03
6.524731807508402787e-03
5.896262062338912015e-03
3.930016524609797161e-03
2.614787804802046547e-03
2.375192209343867256e-03
2.797380046549862408e-03
2.866068031951584001e-03
2.542913356945617105e-03
3.539565243746531364e-03
4.688445190832265207e-03
5.405877479206110461e-03
4.897485338621740056e-03
3.444291081248467088e-03
2.924530731697164501e-03
2.265639622806311145e-03
1.722106963783831546e-03
1.371438957657872488e-03
9.111268036474811944e-04
8.795857881196304318e-04
9.475832326034266430e-04
5.600658028338450839e-04
1.036612870269355835e-03
1.648216778006672848e-03
2.628264847389240755e-03
3.540906198606337020e-03
3.285428581026473421e-03
3.728139268999766144e-03
5.180994401384692374e-03
3.981925639316896172e-03
3.888729259634963759e-03
5.524746782199263344e-03
6.120273103698906092e-03
5.010471828676533491e-03
7.017411201742205715e-03
6.531327249306930968e-03
3.134157082833711073e-03
3.869573475448501165e-03
9.832730745405251008e-03
2.059509364784499821e-02
3.426049086262938220e-02
3.740230156373002685e-02
3.647317521299674875e-02
3.148184759162507562e-02
2.812315445560032920e-02
2.441778707467794421e-02
2.231088267794314670e-02
2.043263693488005239e-02
1.439148512850027886e-02
1.243149805383301880e-02
9.758792417486960441e-03
6.566422700554008611e-03
5.175772337523622257e-03
5.041369249735661376e-03
4.200288211725113074e-03
2.017039034616811138e-03
1.367174762454831773e-03
1.638991349508565117e-03
1.876195384944981046e-03
3.296075890420452955e-03
3.653364636451814952e-03
5.525977363681703301e-03
5.288139020680313225e-03
4.537320626481271442e-03
5.772209045129785693e-03
1.036907310903831952e-02
1.388678904596468699e-02
2.082238536444650304e-02
1.401530323911280573e-02
9.320542950647154115e-03
6.981521315948627585e-03
4.975620053821267798e-03
5.503040164240973094e-03
1.009045470748482116e-02
1.032316223391120669e-02
3.792701916108931655e-03
2.003764779053092762e-03
2.059420272724031900e-03
1.763165260892925667e-03
1.585257058060725137e-03
4.599299049494575374e-03
1.344049051304339708e-02
2.039155768040102484e-02
1.856117429645737227e-02
1.464203704093502804e-02
8.611348160897914356e-03
9.344749387241068489e-03
1.533692680998748406e-02
1.291841447070978324e-02
8.677362146035478077e-03
2.757304057836393145e-03
3.299254646968552245e-03
2.615295719468228169e-03
3.011279954855449435e-03
5.256411756514196669e-03
5.301673488498566053e-03
5.090003021491396398e-03
6.561496587525047705e-03
6.708326629897133284e-03
9.420094215573502142e-03
8.338788232606869286e-03
1.042932093662102960e-02
1.799211312333029444e-02
2.505286032632052240e-02
2.264057699419371947e-02
1.663544012281107862e-02
2.055230098454397317e-02
2.369714360605947381e-02
1.924108454929630146e-02
9.948807327029378020e-03
3.609773626968014546e-03
3.510945600505318339e-03
4.209487561836085939e-03
4.534329120487347667e-03
3.527039355482152871e-03
3.637914256946594548e-03
8.781320505487672998e-03
8.997076974126265447e-03
5.360009884375759037e-03
1.066680595745672644e-02
1.400028994078360810e-02
8.397859593225951574e-03
8.788363789716487073e-03
8.389186174396824971e-03
7.254895719598762442e-03
1.121095684021058275e-02
4.292059853829650190e-03
2.291473153676024197e-03
2.441048256026466870e-03
2.885074377534619944e-03
3.084773725082552882e-03
3.072062624092669007e-03
4.428859577079169441e-03
6.858283374688774539e-03
1.053517971148237170e-02
1.071117546461188008e-02
7.480726222180571726e-03
9.963353405324476553e-03
9.439147656733367503e-03
1.216352721267959652e-02
1.929671503124641072e-02
2.904422260625529745e-02
3.290824806798413327e-02
3.701559438282033682e-02
2.285212532076159875e-02
1.110711827609714951e-02
1.147253128824822846e-02
1.126959189315392476e-02
5.091951607680333947e-03
3.573150013281147213e-03
4.930283946198823000e-03
7.966206394141394850e-03
9.699347139085812836e-03
1.175894730365797773e-02
1.743193237020869771e-02
1.317924726501395159e-02
1.314139112868321912e-02
1.176326063019291976e-02
8.013458429947396475e-03
9.946062093705316381e-03
2.281928617634554346e-02
3.906434510462777898e-02
2.387180847965749211e-02
1.526405094294861972e-02
2.072020985624776004e-02
1.739146889361577880e-02
2.096153991840456546e-02
2.603826404684527612e-02
2.355382953956194902e-02
2.466082921235677322e-02
3.148294947450623604e-02
2.651446236725775452e-02
1.325546987034234916e-02
1.334799388747038955e-02
1.266791004720885586e-02
1.130391044944177234e-02
1.396561454922137097e-02
1.616980075629961822e-02
1.612420516214180949e-02
1.619108505598989070e-02
9.089572264260204620e-03
1.360738543124637330e-02
3.383378905091694033e-02
4.501461425333488225e-02
3.875228806213746463e-02
2.462438697642079996e-02
1.619746779772139253e-02
1.487777955718715822e-02
1.618808386326279353e-02
1.143444602809854521e-02
1.268485371676870456e-02
8.603966316869030365e-03
1.302915260277956455e-02
1.125579494864640574e-02
7.732237036456033816e-03
1.648020637390540735e-02
3.126896631316639086e-02
3.089549041990279771e-02
1.921088872342209194e-02
1.792762782549033734e-02
3.295202939575052337e-02
2.779883444736194059e-02
1.577436299126407440e-02
1.500446521166691471e-02
9.999229940700940858e-03
1.200597486193350980e-02
2.136832003939562880e-02
1.638991059748419812e-02
4.693964569181308111e-03
3.381932709640468604e-03
5.983737523692440365e-03
8.638865190781443507e-03
8.990731105875657270e-03
1.080339990101408278e-02
8.751389944296436227e-03
3.864222328367384121e-03
5.585727586136944069e-03
6.564081348778731846e-03
5.941349396908883647e-03
3.098839147311976353e-03
2.246513401303668143e-03
3.166246821431121204e-03
6.026973728618223621e-03
7.423255360243701320e-03
1.204614020481531260e-02
1.625784861540739354e-02
1.213000271604903167e-02
6.624770751769175868e-03
6.224547581985021352e-03
7.605781504571640372e-03
1.039392445880061785e-02
1.647464816845120930e-02
1.931771431720198315e-02
7.915334755327498029e-03
6.010091288900293836e-03
4.996983330077648354e-03
4.758325435870926906e-03
5.972325315918489835e-03
3.501961040147699017e-03
3.195437239337849209e-03
4.812648682654833802e-03
5.469518009250066461e-03
3.906200095297312873e-03
2.928407269609116341e-03
1.592304731940280852e-03
1.839524414675940004e-03
2.221251601836137391e-03
2.656614743806619446e-03
2.812630223433317412e-03
2.866570230681597664e-03
2.225967431145866975e-03
1.446908303382294985e-03
1.235394381309098998e-03
1.499877678396754292e-03
2.884111489382505840e-03
2.800092172547245274e-03
2.262289447832317463e-03
1.046753381433949623e-03
5.364267337829416388e-04
7.838873938566279058e-04
9.194958826192076379e-04
1.213178385081159537e-03
1.563620220680696313e-03
1.304264077032152649e-03
8.739929663219181844e-04
1.708863153114309344e-03
1.929121149726748799e-03
1.717314653327312339e-03
8.267743968258274697e-04
4.026753376972068031e-04
3.185470353195860396e-04
4.365332375894019992e-04
4.386513387392644201e-04
2.398647270751938401e-04
1.685191469064608769e-04
1.626920959444300065e-04
1.277720848270501514e-04
1.473102470942114087e-04
1.876139137663926512e-04
1.255139066192870526e-04
8.612149586885069826e-05
6.649483782771579195e-05
5.377758633151302878e-05
4.873142149156231974e-05
3.921636490850367423e-05
3.478680515966812027e-05
2.914994584536673855e-05
2.736403623560269816e-05
2.757471259023620844e-05
2.952048923144383775e-05
3.144203558291193721e-05
3.705823358313119345e-05
4.538404712118459692e-05
5.661687237487650115e-05
6.491983155480467583e-05
7.493444348963681720e-05
8.507989189872322815e-05
8.839162746688929346e-05
8.560167120865402846e-05
9.164436859434916714e-05
8.614630495298958930e-05
6.403134473732737279e-05
6.564081802927016472e-05
7.864153057247073213e-05
1.000380799447081953e-04
9.240099767689309519e-05
7.768012869516598942e-05
1.171758560996047696e-04
1.151226603265748864e-04
1.226570096617162799e-04
1.807152559752972672e-04
1.504992869001615431e-04
2.476191014270154702e-04
2.774917297496445456e-04
1.619856791469763023e-04
1.270811335910920986e-04
1.099882829392401977e-04
1.454286833089721666e-04
1.419573008384828513e-04
9.604881782935453024e-05
1.024690304949465314e-04
1.269322498932171322e-04
2.264681642191547278e-04
3.263613901347922033e-04
2.129055281759459003e-04
2.052813534348813256e-04
1.635552787256820901e-04
1.337522310157235621e-04
2.285263973683250127e-04
3.439301897959606271e-04
2.412568155626219619e-04
2.348884954036653744e-04
2.381316177344397868e-04
1.687497243562926055e-04
1.328784004831803207e-04
9.580430433237133528e-05
1.027149940072295603e-04
1.287495565024911128e-04
1.112083942543672544e-04
7.127307602375492521e-05
5.621494450385969993e-05
6.771894412957305594e-05
8.413264302595596851e-05
8.073132275563403755e-05
7.711343356775312967e-05
4.973733455234255008e-05
6.789809830676216454e-05
7.990106959973532381e-05
8.312287828716765205e-05
6.159471334497829522e-05
7.349670467996934054e-05
9.713010598180675894e-05
8.742152748375159907e-05
9.263932389313094895e-05
8.085053830496120744e-05
4.720995163200143252e-05
5.211424597833207970e-05
4.172018520885515649e-05
4.093178205997521555e-05
4.657303499304279515e-05
5.017030739400765049e-05
6.318938052556966663e-05
7.871225865744416509e-05
6.748502372795389583e-05
4.409467257363926696e-05
3.067545598389856870e-05
2.172697084241518293e-05
1.772701013962747809e-05
1.585200111334361260e-05
1.665283116074903419e-05
1.814512237800918840e-05
2.428254728541049792e-05
2.322970249005609650e-05
1.698003135299425688e-05
1.473489211520874749e-05
2.006032988795073489e-05
2.361642230660640780e-05
2.403106307958350553e-05
2.366015195521601241e-05
2.481843130254281904e-05
2.476126258581344355e-05
2.615549901879154229e-05
2.409593471284462960e-05
2.441071850874332872e-05
2.435108367776099691e-05
2.571384541248452759e-05
2.827090343253451377e-05
3.265110806379770001e-05
3.675548480002062673e-05
4.245433627177142531e-05
4.729855084083843064e-05
5.397097153310471149e-05
6.451750945174212354e-05
8.053554751871905705e-05
9.697488289070532524e-05
1.183891744551850063e-04
1.472233053848367860e-04
1.847313827622001263e-04
2.290516690330782321e-04
2.769469187776738158e-04
3.438479060807552823e-04
4.468231644409981999e-04
5.753874601095529005e-04
7.408709158804893148e-04
9.563548600625853581e-04
1.258833637449725601e-03
1.702334873294791308e-03
2.283662282620863449e-03
3.150218051726616682e-03
4.275340480384570534e-03
5.770601052062377181e-03
7.397289920386809770e-03
1.005667584431501303e-02
1.150183291495958382e-02
1.288682489156169238e-02
1.178962508284655923e-02
9.000696865382164236e-03
6.143042059047385504e-03
3.995520610995747721e-03
2.348559300816017558e-03
1.326209338529225987e-03
8.137632187804868990e-04
5.113992072193901395e-04
3.207759263537919374e-04
2.726957881455203546e-04
2.466002232869048930e-04
2.238312148754605156e-04
2.285108520850984354e-04
2.312531037995941674e-04
2.325243075770066820e-04
2.353556864126423549e-04
2.374705013063878550e-04
2.388678827161566003e-04
2.397734430893904377e-04
