8.847187063550628326e-07
1.180813428626764180e-05
2.769451941715080404e-04
2.920620410682240892e-03
1.533339958979323438e-02
3.797972586031549136e-02
4.816099216260390226e-02
3.767830325995436686e-02
2.590585174360684681e-02
1.842349725107865141e-02
1.416829938449780911e-02
1.058639181795860938e-02
7.931470954469424864e-03
6.300456293428763344e-03
5.211945562392270720e-03
4.002557348252536520e-03
3.381445358358756582e-03
2.942099558817600369e-03
2.542559808758325293e-03
2.243555088728289848e-03
2.010579196262662124e-03
1.866284613321405770e-03
1.827853517304556990e-03
1.728385685568638785e-03
1.660222944997448175e-03
1.667883233046440648e-03
1.621131487975070989e-03
1.597460358300114821e-03
1.538919191996334333e-03
1.549563117539672769e-03
1.500186046733287953e-03
1.534509419260728655e-03
1.622392654483033802e-03
1.628286484918514470e-03
1.641234106064839516e-03
1.720878725092802979e-03
1.831662082782509107e-03
1.969560768189580931e-03
2.310956709362394206e-03
2.468385157973846701e-03
2.392518116574670218e-03
2.393637800403029987e-03
2.320965585226676502e-03
3.785314887064299312e-03
4.874384044319917363e-03
3.881139987216257557e-03
3.072907508934184448e-03
4.808827466793297485e-03
7.212123822258849522e-03
7.996845982842183329e-03
6.989118426155921208e-03
1.218693599793029166e-02
3.050076621371460017e-02
4.275256114396699947e-02
2.729780825935790647e-02
1.434225220713050003e-02
1.612718939622709985e-02
1.681858752976543928e-02
1.099915424325251766e-02
1.013908303167356667e-02
7.805274956490128486e-03
7.257891286953017593e-03
7.400920622637439938e-03
8.311494676679220470e-03
1.351529430843710980e-02
2.242769447914677583e-02
3.254533612225216782e-02
4.076119214466186053e-02
5.399390011587931748e-02
7.929814687840418264e-02
7.528684035201932412e-02
7.056642758245798563e-02
1.290379377357416812e-01
2.579283713547764201e-01
3.176565301533357255e-01
2.859314993271510064e-01
2.310652290237718565e-01
2.034983212411715925e-01
2.087987314660869620e-01
2.301089289941881111e-01
1.516500361776067229e-01
8.047799983961495540e-02
6.022934095553802297e-02
7.117940738328619454e-02
6.804620073160655425e-02
4.816561812344306859e-02
5.305057372909865315e-02
4.483428285520819900e-02
2.669164014612931263e-02
2.017857711432462925e-02
3.380099481826677466e-02
5.339773178726640174e-02
6.332744950791180383e-02
4.666852986186190849e-02
1.606655131870183828e-01
3.605539496016733070e-01
4.755736735201385179e-01
4.569659838543562169e-01
3.329825134953079413e-01
3.008367727205396025e-01
3.315582174167289731e-01
3.689011325723593471e-01
3.869903179380214109e-01
3.655465274183554714e-01
2.935237423824786362e-01
1.965106449529631094e-01
1.320839410533053149e-01
1.000997294164619050e-01
9.063218505131510894e-02
7.098161364213600999e-02
5.138139821419741154e-02
3.217776091693811541e-02
1.623643463026676684e-02
9.384834433906689977e-03
1.123815465492303788e-02
1.442188684155061400e-02
1.947430652857308486e-02
2.005131103346687385e-02
1.473187585465024832e-02
7.439524541975279202e-03
2.724054885169097801e-03
9.464122879859715410e-04
1.018913248350413999e-03
2.221043060835389479e-03
4.012264353974409441e-03
4.867163169454110337e-03
5.245993193454683706e-03
1.103508527765862009e-02
2.377718571725204177e-02
3.606863305286881621e-02
4.023113148840849751e-02
4.316365904108501045e-02
4.960434777091489444e-02
5.856065772641150941e-02
6.462358464215749165e-02
6.122626913044939417e-02
5.435053463602949886e-02
4.979641193910805397e-02
5.026549976256254604e-02
5.241597132125997566e-02
5.324011003261256564e-02
6.370192471843891258e-02
6.302072356887723770e-02
5.649129725274727731e-02
5.071348748234769110e-02
4.481491980919830032e-02
3.962632340761063771e-02
3.246019263833878343e-02
2.642560593331550953e-02
2.200256504291175919e-02
1.767909360919067696e-02
1.432684901934905275e-02
1.186932922296914626e-02
1.039519271276036563e-02
8.396387587195255908e-03
6.145904333716612281e-03
4.340401964823455312e-03
2.842959833035210195e-03
1.800161958900439946e-03
1.182321654499445159e-03
8.079475190145883005e-04
6.125809067932561991e-04
5.149032896336829630e-04
5.555145534305631037e-04
6.172376486976043942e-04
6.169849251043672432e-04
6.056854647731606169e-04
6.422188466135538487e-04
6.660961808810129947e-04
7.269908425491159289e-04
7.426732770900038375e-04
7.624920391454028789e-04
7.268329371053261273e-04
6.463700579538419816e-04
5.986397986885446483e-04
5.612561230276481763e-04
5.465594002611165242e-04
5.350362786530752420e-04
5.631977029797541421e-04
6.704812939053145888e-04
7.118337964643267146e-04
5.647957270081202519e-04
4.882287145053915947e-04
5.258206071850151340e-04
5.354298598733340207e-04
5.193784173629342792e-04
4.981642577420492164e-04
5.097331097480183515e-04
5.330235252418209389e-04
5.530586219311014974e-04
5.991692961452001415e-04
6.385174440787489379e-04
6.880632422441384198e-04
8.505231987242118383e-04
1.302000861459776549e-03
1.872231570923695281e-03
1.786284994758241453e-03
1.348892623330322010e-03
1.199796914291292134e-03
1.173471770472700329e-03
1.338172171116918481e-03
1.766573217566164318e-03
1.928303756333395137e-03
1.542629041390481759e-03
1.089867795991577779e-03
1.355515844802734340e-03
1.912668035804304147e-03
2.280388871690568198e-03
2.122865841785988392e-03
2.180172072191557172e-03
2.548231521505509543e-03
2.311690502627420079e-03
1.974175884732197548e-03
1.586533247630976268e-03
1.389838335903890651e-03
1.292377812830452621e-03
9.568416138254961243e-04
7.810239068504312753e-04
1.037350366680662214e-03
1.675521425628859759e-03
1.994391088395614485e-03
2.318027576538862940e-03
2.257754217778647817e-03
2.287221197567494355e-03
2.301114659996830129e-03
1.645159749523128229e-03
9.325027707717232313e-04
7.128570840699148840e-04
7.875558483522604068e-04
8.694712733763707187e-04
7.876683464051355277e-04
6.493705480233076402e-04
5.622817045494160745e-04
5.446375390964989377e-04
5.702101940735918636e-04
5.721140620826332826e-04
5.491000719549332882e-04
5.540762910057161865e-04
5.612671521456469434e-04
5.391380304071251555e-04
5.185924359433908811e-04
4.815599603757191646e-04
4.965460553716703014e-04
5.222077193730875842e-04
5.018391927691769408e-04
5.038301619319420638e-04
5.168041576904823563e-04
5.024640548642446500e-04
4.706056656160772546e-04
4.744849580858800063e-04
4.719719004553683751e-04
4.634778762417335308e-04
4.844627849388763864e-04
5.387219533509494344e-04
5.414627936071168043e-04
6.138724400629747826e-04
6.605652945975662872e-04
6.160528818098803946e-04
6.095956205243772096e-04
5.887230635713783938e-04
5.879631304890467003e-04
6.195106560084049155e-04
6.429236595990432419e-04
6.346931720019719945e-04
6.007002951478169041e-04
6.254138272049425754e-04
7.338579263345513604e-04
8.369297981250231394e-04
9.971620317859874755e-04
9.030521971442798503e-04
8.131484650565125880e-04
7.439204060250828240e-04
6.479398902132718499e-04
6.626867651499888370e-04
6.375816887138840115e-04
6.230934009432254712e-04
6.156417064456795119e-04
7.013995015724396260e-04
6.467977023245656456e-04
6.718989358105064346e-04
6.951685332000997640e-04
7.600194665026068505e-04
8.017700902033766041e-04
8.462510123485696622e-04
1.041163825850755517e-03
1.211755871185991526e-03
1.471578744844896777e-03
1.637180938620198725e-03
1.490276307628461781e-03
1.209102730216995254e-03
9.384961951481227398e-04
9.736292321127356601e-04
9.514526174998682792e-04
7.982600285768932024e-04
6.436311252324435333e-04
6.260366931037393947e-04
5.797490495261192712e-04
5.590430534091465247e-04
5.533033873065193193e-04
5.767740764937669996e-04
5.403153339201919323e-04
5.322313381421089114e-04
5.392441978476513777e-04
5.267334200196513699e-04
5.267028982372765370e-04
5.263168996518703419e-04
5.219139520531191094e-04
4.928671206146403687e-04
4.853817627804623354e-04
5.059199144387225167e-04
5.088430773089245955e-04
5.100208741356179742e-04
5.077775114163225398e-04
5.150481583272750567e-04
5.137114588370097568e-04
5.090711581307708934e-04
5.237703680270308420e-04
5.374229143231013537e-04
5.372478283939596854e-04
5.190723424641198675e-04
5.339683430043558289e-04
5.373440735527338198e-04
5.570213883852127628e-04
5.467636921074496082e-04
5.221805373163579834e-04
5.151545391353369412e-04
5.309448036265857320e-04
5.266914101249467288e-04
5.493978732545761520e-04
5.646276537516509587e-04
5.562020981709728685e-04
5.479940678909640079e-04
5.154874845599659566e-04
5.252388254454649387e-04
5.051038709632595406e-04
4.915502429025035529e-04
5.258383880236517727e-04
5.583082803184225354e-04
5.686931033964187036e-04
5.625637824175167088e-04
5.901906338064988062e-04
6.124725243247741095e-04
5.831296095675354927e-04
6.036270515429249025e-04
6.289097284809228071e-04
6.116910268692276904e-04
5.984532395899985410e-04
6.497495229185761998e-04
6.956661090304964946e-04
6.643358224213767160e-04
6.329230835081577165e-04
7.053522224858599409e-04
6.868874359298136889e-04
6.528762239282437201e-04
7.032801951323093201e-04
8.092483385917362878e-04
8.108628295264800343e-04
7.886520513018319611e-04
7.317634447401504894e-04
6.900249451436148672e-04
6.874320141004386722e-04
9.343002118738799816e-04
1.396938442059560311e-03
8.351586722733783663e-04
6.535093219206024057e-04
6.654550947676964208e-04
6.493971669989346629e-04
6.348210235368828775e-04
6.093368039786232950e-04
6.261312689394464906e-04
6.140687497657507359e-04
6.159967712920340951e-04
6.894195717492810922e-04
7.837992896377297698e-04
9.930098529230791619e-04
1.283473898313036406e-03
1.532681460765886530e-03
1.597040928852753918e-03
1.620668951363427512e-03
1.547530679722054336e-03
1.370303183424154787e-03
1.309320289255109550e-03
1.359090183419837125e-03
1.508711863188210182e-03
1.532307536765434080e-03
1.197295799468295081e-03
1.040211853013703162e-03
9.371119339999863136e-04
7.926111539561691340e-04
7.780179615451622739e-04
7.090350462956753049e-04
8.763728085497352396e-04
1.037380951203287216e-03
1.085258875205615198e-03
1.222231309724375325e-03
1.157074152297845682e-03
1.253403427428051442e-03
1.459662219693496927e-03
1.528848734612645206e-03
1.590357256578613532e-03
1.499987677788162770e-03
1.155947115941290907e-03
1.073212953142975608e-03
1.099162375058152386e-03
1.059127623837287585e-03
9.264270066434820549e-04
8.278110050174764716e-04
7.990329125198146780e-04
7.323844491085065552e-04
6.872100853157250269e-04
6.120733049426805693e-04
5.525497529953775832e-04
5.486133158205310639e-04
5.604116427193774194e-04
5.898148197422281190e-04
6.527183778908911532e-04
6.219185019678499403e-04
5.534041145867703727e-04
5.209298574381604572e-04
4.438509736594396684e-04
3.300331588089044249e-04
2.810333295294364301e-04
2.490064503415877727e-04
2.229601430863246557e-04
1.894225455062313764e-04
1.701271223332361849e-04
1.653830519542864798e-04
1.395889891796746730e-04
1.280220422689339467e-04
1.145087268642268027e-04
1.124363451412813239e-04
1.068429661697128973e-04
1.114169197506298024e-04
1.222750728220686105e-04
1.303769968280535591e-04
1.307909829988811732e-04
1.206036983339914471e-04
1.126946505765382274e-04
9.894113652410128261e-05
7.578535302471436745e-05
4.245732373673120604e-05
2.979380077726442150e-05
2.152883723846887276e-05
1.510070583676196934e-05
1.187740443711987876e-05
8.872671875526632067e-06
6.979817396926842581e-06
5.544341169202646869e-06
3.905282724787402802e-06
2.471981304987173863e-06
1.918711921054376432e-06
1.436033386943026003e-06
1.035639922050960741e-06
8.039659367828373196e-07
7.201097459500816875e-07
6.362851917955536871e-07
4.779408290576605964e-07
3.892508416087724275e-07
3.845440571171586596e-07
3.439980724825590152e-07
2.738982579353987209e-07
1.814559838342715472e-07
1.144868225505209123e-07
7.071547330640087107e-08
4.019385934498263653e-08
2.537881755551350526e-08
1.553191583004782810e-08
9.343845363337182590e-09
6.644497790164207591e-09
4.630462222450361800e-09
2.974531444824734273e-09
1.832518958852159013e-09
1.253204415755899043e-09
9.660644257485945623e-10
7.472028649630767335e-10
5.840833254338574084e-10
4.715413260294591689e-10
3.347182828876335944e-10
1.985257268807847982e-10
1.235229053055901097e-10
8.112560239296879975e-11
5.479754472812225570e-11
3.726228158548840332e-11
2.441956134830923493e-11
1.583110631228449872e-11
1.025872250977661201e-11
6.914783417488203730e-12
4.626304956355265620e-12
3.014966813177049557e-12
1.924396555934670501e-12
1.209646836664658645e-12
7.583705748760630174e-13
4.688777859737986094e-13
2.813081436330581272e-13
1.664967408540432864e-13
9.507360655153627954e-14
5.435971535807674031e-14
3.036448488677381274e-14
1.662610522751639447e-14
1.013295015660423531e-14
6.274060239164974944e-15
4.538163843033314213e-15
3.685049495704510659e-15
3.271435891147744611e-15
3.016841212415489044e-15
2.914505112613573679e-15
2.815467263896718143e-15
2.756457749038868674e-15
2.706920719297549817e-15
2.667760497916400717e-15
2.640737202043439359e-15
2.624574272740733120e-15
