9.374814998457001725e-01
1.323086563550545547e+00
1.237148883442145353e+00
1.130469293652135443e+00
1.059393211596997508e+00
9.616487479604145516e-01
8.228762643751403871e-01
7.105385784045605835e-01
5.502276390835775244e-01
4.224826437318162098e-01
2.740659559599182282e-01
1.894346283209448756e-01
1.373955110776307054e-01
9.342147827238005131e-02
6.397387376595785324e-02
4.731283377304683346e-02
3.667530366964573407e-02
2.749005371747850757e-02
2.223190778407295107e-02
1.747655585156510788e-02
1.401579088171467022e-02
1.202440420533351477e-02
1.039761671663441689e-02
8.780083877722078337e-03
7.536207812343754392e-03
7.049673651027110050e-03
6.402206701892716387e-03
5.629778732437590825e-03
4.730437806060701356e-03
4.282845354959037391e-03
4.135957360964647930e-03
3.897597993501041459e-03
3.575199927533817806e-03
3.217455636115338063e-03
3.203904654869343688e-03
3.043900432166144875e-03
2.743587428173900437e-03
2.533960001795534673e-03
2.472357382903973833e-03
2.358845018254778804e-03
2.128035666004834525e-03
2.062811879045715457e-03
1.947981442677769329e-03
1.895356668669200039e-03
1.720623517866603884e-03
1.827208544433353522e-03
1.809162486835896476e-03
1.638993832001182189e-03
1.398130438171893333e-03
1.308397658373682167e-03
1.337764770780119818e-03
1.467807216880280020e-03
1.469305318103326626e-03
1.827762876707732806e-03
1.954980796774933617e-03
1.948052965018989445e-03
1.778716209096800919e-03
1.672320399176659752e-03
2.173170227432234813e-03
2.934252135711423910e-03
3.746939547961018486e-03
4.067683684232002543e-03
4.277868353369665769e-03
4.409121360723633476e-03
5.261599021112880158e-03
7.284729581243537880e-03
9.023714540325415007e-03
8.948012366301239320e-03
9.920046137288271101e-03
1.063950153614998465e-02
1.224062008293382367e-02
1.262205689625234446e-02
1.389972105541517622e-02
1.859639118379000436e-02
2.245948602865409718e-02
2.290363834100999849e-02
2.103301538216967650e-02
1.842294412834299261e-02
1.813771399154285799e-02
2.102756966438822095e-02
1.838363559473897915e-02
1.200340002381623458e-02
8.399848121222040775e-03
8.816096764245200806e-03
1.077545140355126718e-02
1.102213080858014185e-02
9.630867205231583017e-03
1.338890339327211861e-02
1.720389134399616729e-02
1.826700001174706017e-02
1.563662824608820501e-02
1.044473278610822016e-02
8.552838660694327480e-03
6.208135144518195196e-03
5.256331860668200275e-03
4.842856324223215533e-03
3.651717020733120586e-03
4.060261679850234173e-03
3.808325332389810979e-03
1.970140823016564187e-03
3.119617793693054732e-03
4.967041470850659841e-03
8.493401303238499664e-03
1.208252412343956486e-02
1.060447739904294556e-02
1.194361898206948609e-02
1.612063000448105479e-02
1.270725602670857990e-02
1.478019415256251815e-02
1.937878726570790508e-02
2.120372193001510835e-02
1.683927759852902814e-02
2.137182402545822688e-02
1.821243198249053799e-02
8.545984979003388299e-03
1.035919892885163798e-02
2.516716987812992953e-02
5.108495899628563014e-02
8.285273336033337210e-02
8.524475992728887397e-02
8.294217322620509036e-02
6.880018682700192456e-02
6.108824768750424627e-02
5.114473997823937301e-02
4.607761048222757533e-02
4.152606764850638038e-02
2.891603686567717491e-02
2.534907664674075981e-02
1.947259587813135115e-02
1.342502985084201642e-02
1.070773631268539389e-02
1.045065976401587590e-02
7.803170193703911316e-03
3.463166980022713316e-03
2.480051274530049345e-03
3.295688432791677672e-03
3.536732663644375895e-03
5.072525329366012366e-03
5.653038481468543840e-03
9.556964887998323568e-03
7.297427658799198781e-03
4.476156665553606383e-03
6.343809014863234508e-03
1.337623505984815442e-02
1.626452193131815507e-02
2.665502135416926086e-02
1.787643005861578802e-02
1.245670951186611357e-02
1.007166681016328710e-02
7.154072883394997813e-03
7.658351919607970376e-03
1.314384298217729369e-02
1.424460818466821189e-02
5.388829490167874534e-03
2.392556316216769893e-03
2.926727051821436526e-03
2.324011848994874795e-03
1.926954223617449247e-03
6.367283158865775193e-03
1.599453071460676598e-02
2.266580175513210546e-02
1.854271448270606096e-02
1.395570951185726508e-02
8.061316252476916772e-03
8.762914734188448004e-03
1.316134350600861591e-02
1.077249394787775476e-02
7.325555852879223062e-03
2.295615037045858984e-03
2.241218471106517195e-03
1.900542558783210097e-03
1.949212179487717954e-03
2.893057322543401370e-03
2.607477317122222551e-03
2.471669051911563279e-03
3.191973935902647774e-03
3.358312539095299233e-03
4.098372856459532067e-03
3.605048172142558474e-03
4.341986076133198640e-03
7.653955557053850577e-03
1.029534761418196033e-02
9.020218740129707508e-03
6.211090338217488578e-03
7.073349338214338956e-03
7.663033385191060122e-03
6.151216722127935722e-03
3.251913357563088885e-03
1.095447326038844838e-03
9.278934624158950185e-04
1.240197193325500748e-03
1.192660841367155318e-03
9.485820392638059711e-04
1.013954589365196907e-03
1.858514600673891832e-03
1.782046938906177219e-03
1.058867933804375199e-03
1.747967755490864757e-03
2.176323641182363686e-03
1.479548631518725569e-03
1.397348939339940329e-03
1.162056667245430202e-03
9.232965782032270417e-04
1.271398681329864678e-03
4.812356808058311942e-04
3.404789098566855603e-04
3.954915095702903538e-04
4.006619531421953427e-04
3.465373641240601199e-04
3.856698190033910358e-04
4.604938261306385319e-04
5.487162718011981757e-04
7.570928289861732262e-04
7.656690837493108351e-04
6.098869748971092429e-04
7.398615678779062350e-04
6.575409913747700058e-04
8.122314941433381825e-04
1.094938559945745748e-03
1.459838614970727314e-03
1.368081269237279331e-03
1.493831553680017351e-03
8.923758179767132120e-04
4.301561970547282811e-04
4.192137697529643714e-04
3.307257718198619036e-04
1.426381880372033740e-04
1.134134897667190086e-04
1.108140912382783391e-04
1.430366391398416959e-04
1.824143886842854328e-04
2.025020017352059665e-04
2.493570034602315771e-04
1.867283005705897036e-04
1.523961889122425479e-04
1.150273533117606480e-04
7.404431157662934955e-05
7.405966309663493678e-05
1.061863949795381336e-04
1.425208017054837488e-04
8.680756068865325907e-05
5.151129295639526238e-05
4.344523052916086643e-05
3.565365103038605317e-05
3.282046492511074700e-05
3.003211021024684613e-05
2.785970487593858816e-05
2.753796968550839390e-05
2.829393041116953761e-05
2.768623577639368430e-05
2.823639231837955362e-05
3.299952789290649182e-05
3.449841289051905742e-05
3.630875729633448618e-05
3.658449083663233925e-05
3.877455462565385330e-05
5.373776736521000740e-05
6.288513079235687642e-05
4.966843830633432832e-05
8.111299396746960246e-05
1.708954558580470936e-04
2.057409214433863467e-04
1.863209233283214525e-04
1.600700536820658494e-04
1.345799634763253740e-04
1.099615621098618169e-04
1.095912133502906287e-04
8.236664583062789930e-05
9.790481323992639921e-05
1.082503547503869322e-04
1.552773074381718417e-04
1.238811106826855936e-04
9.164067819410921247e-05
1.806077064609556808e-04
3.508700724156213848e-04
3.678346829203685189e-04
2.465881164417142940e-04
2.116371535641245038e-04
3.550442998273375429e-04
2.940353294421620806e-04
2.091891183242765436e-04
1.855366802503722332e-04
1.194789488226268958e-04
1.207043021596519966e-04
1.967283982895663848e-04
1.842268030388577492e-04
7.980471084737538487e-05
5.600082529501418529e-05
7.257821159076168491e-05
1.020825097273064683e-04
9.196888123362206911e-05
1.305599316291247106e-04
1.301934066210278830e-04
6.664659766850535624e-05
6.342790781564809513e-05
7.433659315198843764e-05
6.944682014497505771e-05
4.639094436034059952e-05
3.933025810165097078e-05
4.182672898376995073e-05
5.787996691180515198e-05
5.915063672252446499e-05
8.265473410356257778e-05
1.091362338581124743e-04
7.513096878730280142e-05
5.024007081130029139e-05
4.545298030075250420e-05
4.728973414628445541e-05
5.112697306202637252e-05
6.171160077478433741e-05
6.423212827274147273e-05
3.763134139088997627e-05
2.935131077074872841e-05
2.508107047659894159e-05
2.186376637682361227e-05
2.250849559912977769e-05
2.114712250616464589e-05
2.038660339162752340e-05
2.073732560889165739e-05
1.918402191886242749e-05
1.849714535284466515e-05
1.780131824733800251e-05
1.806585004474157370e-05
1.791402208994864970e-05
1.796059053479688881e-05
1.845023896239933841e-05
1.827537194770533234e-05
1.884854816397969223e-05
1.969997587452086322e-05
1.846796267715093118e-05
1.882321967747701058e-05
2.158339946651406966e-05
3.236272127909889276e-05
3.365921508494507748e-05
3.366498442629578520e-05
2.632725411176185912e-05
2.349420946686816273e-05
2.763789491484402183e-05
2.959208954921902670e-05
3.245450563422594073e-05
4.456298850066318473e-05
4.370656706339887349e-05
4.034208794565108814e-05
7.073692759016145530e-05
7.345843003766158188e-05
7.470244476539771960e-05
5.470477238641895318e-05
4.295795520717133107e-05
4.027455674147680783e-05
4.984071265551702745e-05
5.656755736781000270e-05
3.925311696977064617e-05
3.522688095833469444e-05
3.411892204295765175e-05
3.216391011852505553e-05
3.798189877148611685e-05
5.302060819348920702e-05
4.517666706338826664e-05
3.567918221453313668e-05
2.944800471901018961e-05
3.000831192517098320e-05
3.620073592714563809e-05
3.443157739026107367e-05
3.569334830916797162e-05
3.307438646735285932e-05
3.758429588854183574e-05
5.980009400753974572e-05
5.780977221260759412e-05
5.452351872946834856e-05
4.790941964143660177e-05
4.738223858671269787e-05
4.625704685615268023e-05
4.306295425971524163e-05
3.797146384682977390e-05
3.308315692520242120e-05
3.026176479646720843e-05
2.664978247502359268e-05
2.209547466480032166e-05
1.841116478782936158e-05
1.510260561474885958e-05
1.498747314065943087e-05
1.645077966849924677e-05
1.445359183609428622e-05
1.300223086671918153e-05
1.309118880896406936e-05
1.265513890962460186e-05
1.327587575933122807e-05
1.389781487429530502e-05
1.277101180410915823e-05
1.216435021376421904e-05
1.217810022313842381e-05
1.261659041590515900e-05
1.259023582389649565e-05
1.249008328174767755e-05
1.259324126957035013e-05
1.396106818790594488e-05
1.388008846026156076e-05
1.244860067142367245e-05
1.308351861275762050e-05
1.298812756689067340e-05
1.369948401181982582e-05
1.482651107887152152e-05
1.329281791438220117e-05
1.414331489163872943e-05
1.511897042519088330e-05
1.465738257307985810e-05
1.591394578320735786e-05
1.904150536622375891e-05
1.565779395033025360e-05
1.581542584353452105e-05
1.629274235042792738e-05
1.442469780359420876e-05
1.363505337657967332e-05
1.296848364048292774e-05
1.246599343686674601e-05
1.188983034567646289e-05
1.155451802039124093e-05
1.180925409309760104e-05
1.163478323084196803e-05
1.085544852231974214e-05
1.056947835063252334e-05
1.123014306939052339e-05
1.009772362212342735e-05
8.793464327663153576e-06
9.339167524262902742e-06
1.010482115769008854e-05
9.503225203074462633e-06
8.050173077050764463e-06
8.686860566689772064e-06
9.439257355928565779e-06
1.001975053812908625e-05
1.084863853596937448e-05
9.844256007501279288e-06
7.399739001316249897e-06
7.243314252336622109e-06
6.637369160702878222e-06
6.401734199667087696e-06
6.427393649000279322e-06
6.402202298453276929e-06
6.468841358371010705e-06
6.995406052867468791e-06
7.286047885357291364e-06
6.927595009705006236e-06
6.273660171670314142e-06
5.730451648050425103e-06
5.077681465314666490e-06
4.919799213733932343e-06
5.327647013880878480e-06
5.527999986025921753e-06
5.101833179131076849e-06
4.981769167377036344e-06
4.924408936883497755e-06
5.161541463898748333e-06
5.140583490534225796e-06
4.999664484398068305e-06
5.045007955966702751e-06
5.352549184868610801e-06
5.506951304175459832e-06
5.122474748033738131e-06
5.043121589942722588e-06
5.329378400707245148e-06
5.300950933369928444e-06
5.482507543409231651e-06
5.594645634204091660e-06
5.693981193807499269e-06
5.805252409786991629e-06
6.151421335584068267e-06
6.423323635453379737e-06
6.609183641415918190e-06
6.484613728877280878e-06
6.858230332546846333e-06
8.056936792660885120e-06
8.650245424926777097e-06
9.968578860040686081e-06
1.183664836683702758e-05
1.349190051128142352e-05
1.440309254994681446e-05
1.571142782110858629e-05
1.894069545026612927e-05
2.276903879634682669e-05
2.929493990544262798e-05
3.640631088911635427e-05
4.435400310099765135e-05
5.505332842096008771e-05
7.270861156194401262e-05
9.611833676579225824e-05
1.320483871163002584e-04
1.754486581217481567e-04
2.374314608186738258e-04
3.029064955797319586e-04
4.020987705669257358e-04
4.695888991187504311e-04
5.081771013036987840e-04
4.676011156749207572e-04
3.626821913830907121e-04
2.499806037450881730e-04
1.591863285311616023e-04
9.728223917332957352e-05
6.080880164552224617e-05
3.617016531494465000e-05
2.491977225751438224e-05
1.844986048283840058e-05
1.571868732884324898e-05
1.465075511172572839e-05
1.425686643798707538e-05
1.410774972059932196e-05
1.414987675016166257e-05
1.426943170392300464e-05
1.433100278850058466e-05
1.439834961425482864e-05
1.444544884217261149e-05
1.447464266310459813e-05
