9.926913932543642599e-07
1.177800939770781274e-05
2.698671813927177644e-04
2.826250883090888379e-03
1.478729730619049616e-02
3.683415298238144203e-02
4.717818191713901016e-02
3.892690222471136691e-02
2.679367039819213758e-02
1.852663488937964995e-02
1.379900594489799452e-02
1.059146732846165048e-02
7.765133549362805698e-03
6.196169764500173739e-03
5.090328414053276775e-03
4.064604213598897557e-03
3.417216406540424418e-03
3.040699389619643846e-03
2.650146025529065332e-03
2.282338282115138617e-03
2.092283096006563713e-03
1.976534910966340833e-03
1.850482259724230702e-03
2.004157772674295974e-03
2.069743847910278638e-03
2.068276295525138184e-03
2.055141977841218933e-03
2.180058030427514150e-03
2.861178728615101658e-03
3.754469017853344966e-03
4.888179291317595355e-03
6.641427812386479362e-03
8.384539480919949578e-03
8.937399834279284930e-03
9.012020665522793919e-03
8.715857039759272729e-03
1.085651156323760858e-02
1.309729389628670228e-02
1.446674652857624088e-02
1.232470643122423638e-02
1.067999027075964766e-02
1.145461768012559847e-02
1.539602452131152294e-02
2.312178767351739939e-02
3.027423927617370336e-02
3.778420477323869014e-02
4.037000485970546060e-02
3.650457129672715628e-02
2.749967371837421654e-02
1.643144877243792393e-02
2.695483289384721648e-02
4.720787383967037232e-02
3.661793405775511795e-02
2.148121201883134226e-02
5.169971720983355945e-02
9.163453233014860755e-02
8.667579223634533370e-02
5.891028180734715625e-02
2.589269079282088479e-02
1.398811686242344005e-02
4.458155640650877938e-02
1.113271490957246923e-01
1.185687079884735207e-01
1.084451634047626511e-01
1.370831591568550945e-01
1.541640297774244661e-01
1.352780177947238149e-01
1.660770239864549080e-01
2.433286761784112795e-01
2.967031623202665003e-01
2.997720018509862361e-01
3.365645583095152049e-01
3.417046009787206295e-01
2.159416955243344538e-01
7.643415953055965328e-02
3.330561744555619874e-02
7.053600653024025280e-02
1.523263072450849465e-01
1.923887127558639720e-01
2.192616951609916154e-01
2.706677234270183918e-01
3.863097157145570781e-01
4.603965391117584849e-01
5.701333825472438832e-01
8.036616520480543979e-01
1.114499992430042496e+00
1.197979726086802588e+00
1.020952399326604088e+00
6.405056985605399600e-01
3.098518807321273272e-01
1.168625915537797322e-01
1.818540946291173910e-01
3.883209610756019892e-01
5.226387819942951429e-01
4.892965936303522168e-01
3.321695976218962953e-01
2.159490556382570592e-01
2.129997660491276812e-01
2.852399361274152167e-01
3.717855968745525930e-01
4.014572548946997999e-01
3.377699330463712624e-01
2.521117126091723115e-01
1.675087647355116283e-01
9.313845644785270772e-02
4.446113202083890742e-02
2.342020542264473815e-02
1.155629115314025894e-02
1.231584641659367457e-02
1.483502021536651019e-02
1.633906596693554536e-02
1.611541932055279153e-02
1.420526110107661437e-02
8.691758774964315759e-03
6.318569782495246992e-03
4.083937514184852839e-03
2.412766425954341459e-03
1.417611409599659356e-03
1.365176419143458286e-03
1.568731093116170231e-03
1.372530435002376412e-03
9.139914411450047061e-04
6.312003022806276674e-04
6.539174842921001906e-04
9.488744787726898378e-04
1.261732258839256670e-03
1.628802819234273242e-03
1.763624162710430727e-03
1.816201157914252998e-03
1.835136351644839564e-03
2.191019523013977392e-03
2.354726730236142082e-03
2.245079258492032551e-03
1.943834314293314434e-03
1.395771443493119260e-03
9.123218281649935141e-04
8.255575961227677772e-04
1.070145159343750645e-03
1.490675725764649233e-03
1.768181961836357051e-03
2.116600918276001844e-03
1.900434218922492438e-03
1.689674866671089662e-03
1.553946885202446993e-03
1.564233304859109471e-03
1.597121841724036349e-03
1.693510913639083943e-03
1.544637605995211223e-03
1.259132245366160162e-03
9.980866115812871576e-04
8.720700647667380513e-04
6.846564619528758668e-04
6.095115298890111137e-04
6.055705305502473348e-04
5.431790852713784708e-04
5.038795981911752420e-04
4.869191908812268315e-04
4.923507384416522413e-04
4.593198185641946961e-04
4.674895065092694456e-04
4.986385983091074772e-04
5.319810039248388080e-04
5.258024209484847469e-04
5.365052350063635993e-04
5.520738661753071905e-04
5.325187540378868711e-04
5.671084283997236599e-04
6.250163643472079426e-04
6.567495864735916787e-04
6.662678175422085281e-04
6.227491720131470227e-04
6.498258058137124484e-04
7.159132580054145467e-04
6.623729712220625650e-04
6.512718806046339506e-04
7.941635638761991708e-04
8.238358490357298265e-04
8.304205527358720544e-04
7.486313542285594983e-04
6.368960052037305353e-04
6.752911778233926850e-04
6.271399235178198080e-04
5.937817592080658121e-04
5.936232326611730337e-04
6.274578451230625620e-04
6.249389901081519455e-04
5.736204021583236239e-04
5.566011481593762531e-04
5.305958089680358133e-04
5.061577664577278238e-04
5.025420110654302839e-04
5.180308202108218404e-04
4.798162673826063870e-04
4.798872595457934621e-04
5.028791355449803175e-04
4.947676988022489371e-04
5.146911497991042824e-04
5.326195371587083734e-04
5.509158900167938997e-04
5.485467985424148261e-04
5.483073766856491919e-04
5.898057695681229807e-04
5.775770925234332675e-04
6.254626519544831528e-04
6.624953288360553149e-04
6.619127834963078319e-04
6.692327161537567045e-04
6.181400120828591145e-04
5.592208466855830024e-04
6.139479151961188628e-04
5.887208304206411474e-04
5.536711851673202164e-04
5.946015910756976587e-04
6.027858393312528250e-04
5.988455013226535052e-04
5.890628692145442056e-04
6.368398812620910173e-04
6.294319996319091073e-04
5.652481047397151306e-04
6.050674529696066332e-04
7.682356035433470605e-04
1.191013613484121891e-03
8.340111740006030507e-04
5.505836384228188392e-04
5.173168451449120398e-04
4.988794721448534114e-04
4.906473935911750397e-04
5.065759517425555284e-04
5.214701635265705463e-04
5.393864875367742869e-04
5.713445884855683238e-04
6.555829584803529600e-04
7.662252242640818500e-04
8.384084485676924440e-04
9.203083896944208283e-04
9.649417074767771161e-04
1.140163688125041134e-03
1.224348196528590813e-03
1.198153798354322300e-03
1.183742415082569659e-03
1.219675144120232384e-03
1.330138180381498607e-03
1.356082240761639565e-03
9.801138968620968627e-04
8.569146044746570306e-04
8.305306923400251591e-04
8.748024705121724542e-04
8.401754706593921821e-04
8.639134328773817335e-04
9.603475396119455802e-04
9.424667444020971320e-04
1.015806454318574038e-03
1.076680316064270457e-03
1.161077537783736973e-03
1.211869820919263523e-03
1.078318362373028921e-03
9.444741696539242070e-04
8.573534576403795196e-04
8.099280000561799022e-04
7.538095930649541671e-04
7.515800349678270929e-04
7.523351221624150842e-04
7.217458366759331619e-04
6.149803234562462679e-04
5.634728811946675565e-04
5.541520934944536370e-04
5.348189397144096410e-04
5.465856856180859990e-04
5.502231595472758564e-04
5.565284991440926305e-04
5.606923607466237670e-04
5.752495658188565113e-04
5.788502132967468039e-04
5.804296644517756461e-04
5.915037230701750831e-04
6.084297994285248548e-04
6.755501877882245541e-04
6.827702985260655994e-04
6.385694825341806536e-04
6.467363250219833630e-04
5.942305962197551609e-04
5.341757542288934390e-04
5.373259650954001444e-04
5.468089495586104251e-04
5.539346053349000027e-04
5.527589153722758985e-04
5.258360090266843596e-04
5.827472788608320997e-04
6.120138393685541642e-04
6.196941517455093395e-04
6.272901653530662744e-04
6.218630003966039250e-04
6.051022512981024930e-04
6.126221639120263711e-04
6.964135917827722014e-04
8.174114613746416005e-04
1.002658258630746181e-03
1.185667203584985516e-03
1.401761490702535312e-03
1.552367605768654015e-03
1.619667863776249944e-03
1.766558526078893009e-03
1.776276285850806593e-03
1.899363480858179279e-03
1.879278284056626596e-03
1.621562595995827997e-03
1.668122024681913812e-03
1.714661737296372746e-03
1.547429035236626890e-03
1.474518790321675474e-03
1.596367524662172877e-03
1.631535415580536493e-03
1.784937954022775388e-03
2.266782974223356239e-03
2.664974657510496645e-03
3.223379730920877383e-03
2.998363470135091430e-03
2.763619671635585400e-03
2.549555905746687511e-03
2.265230514581864987e-03
2.082791700314031227e-03
1.876745245778266638e-03
1.329996765065014335e-03
1.187225364352577492e-03
1.096774363846312250e-03
9.412624452039223405e-04
1.009583029878720253e-03
1.026582674611726566e-03
1.040574278077153157e-03
1.006441104949541525e-03
1.118673833025150529e-03
1.087897500382906547e-03
1.080801403561383253e-03
1.210335046935596135e-03
1.469517326538698470e-03
1.537272979990784820e-03
1.723767011435671601e-03
1.688741162887545146e-03
1.549489050261557968e-03
1.462224188907696159e-03
1.348245951408935661e-03
1.103712618720341853e-03
1.038492599198825124e-03
1.059687467578026773e-03
1.114357268778681668e-03
1.290031699717411476e-03
1.722877377019518732e-03
2.181841287550606925e-03
2.452974149829108882e-03
2.694876145642016371e-03
3.397637794115809361e-03
8.467518041447165411e-03
8.739040476596756854e-03
3.476737056182820258e-03
3.079472186931825686e-03
2.792699849864607991e-03
2.693996031577286510e-03
2.807963785369828325e-03
3.932676233498124015e-03
6.318500199258429532e-03
4.091293975560581289e-03
3.015810194910149063e-03
3.412897777343592946e-03
3.976445433307108403e-03
4.338683783443574200e-03
4.678621197057072044e-03
4.612648666764214596e-03
4.676891375084862336e-03
4.579730302857499234e-03
4.312931071347352388e-03
4.046524838404288830e-03
4.795142376828502064e-03
6.110710420229380907e-03
6.955460464335837256e-03
7.660798341980631226e-03
8.202929636237464919e-03
9.074797565323996715e-03
9.855629989933313573e-03
1.135672800988762887e-02
1.101156781345605240e-02
9.497485755698118620e-03
7.324374947050949630e-03
6.705830845445526385e-03
6.776305200291906153e-03
7.496274048320487188e-03
7.675152797107172992e-03
8.259535800983708320e-03
7.226268090502377395e-03
6.868381770853778170e-03
7.119246582101401884e-03
7.111983198203659755e-03
6.336689806803541894e-03
5.264037859311588088e-03
4.656810768361548808e-03
4.900767786789485443e-03
4.278846587807282227e-03
3.447370416814985253e-03
3.107658283658093663e-03
2.908731168003821262e-03
3.337137062185798614e-03
2.921434449210429801e-03
2.343697646332698788e-03
2.165293230851409595e-03
2.660520574506091557e-03
2.825489969765272464e-03
3.074095217224531978e-03
3.405203214657721595e-03
4.012925696325304360e-03
4.446123288480434595e-03
4.959283817720803490e-03
4.785293311317265728e-03
4.462025930565753466e-03
3.657364844528682851e-03
3.125319663498632439e-03
2.588399416193995842e-03
2.052380305943889496e-03
1.475724838360862809e-03
1.640234479553404979e-03
2.363890003846694666e-03
2.773769939394328098e-03
2.594042781157469835e-03
2.646034090975252304e-03
2.780589340690114552e-03
2.701341436226020482e-03
2.342348492716524438e-03
1.779719379947020163e-03
1.523485440967385640e-03
1.229276329764591351e-03
1.084895203079925272e-03
9.537533726866106315e-04
7.605088051538962633e-04
4.932704712217770649e-04
3.138705302952482534e-04
2.897945464221115077e-04
2.812351724763131390e-04
2.524627771176586447e-04
2.352148688923320549e-04
2.425099093683719370e-04
2.476178899421148448e-04
2.776099619206832481e-04
3.211528930288236371e-04
3.381566103468148024e-04
2.988951120311302261e-04
2.410148835805650579e-04
1.950241615205073318e-04
1.490628320775528996e-04
1.023384749873637264e-04
6.803225337945286485e-05
4.818100975987754935e-05
3.598938024135358492e-05
2.368515350613632778e-05
1.543121352351415216e-05
1.098940587655055523e-05
8.006424568738474117e-06
5.388746766258506187e-06
3.806554427625743969e-06
3.175646535751202249e-06
2.550338902167423096e-06
2.406617168687081770e-06
2.164807813470195481e-06
1.663077260395661054e-06
1.204259354252319254e-06
8.827289124258409317e-07
6.856904486730447879e-07
5.231851452769518540e-07
3.749934517380371940e-07
2.388483005643112683e-07
1.486258908080968758e-07
8.976125324261709973e-08
5.358583853039746874e-08
3.148364876946863763e-08
1.783047571394115244e-08
1.129697440740963110e-08
7.682157864260329485e-09
4.696084578101153460e-09
2.620149410646659975e-09
1.421187902715561452e-09
7.320836542233967937e-10
3.912871096187218492e-10
2.656337010183769308e-10
1.968189717468880056e-10
1.338760462295051765e-10
8.472183697711828422e-11
5.639277037997422401e-11
3.864199745461105661e-11
2.463151381353181018e-11
1.631137410346741000e-11
1.009574157815686620e-11
6.015115296180631688e-12
3.503711371922155258e-12
2.005051683005262502e-12
1.182147302066661104e-12
7.168998591715666053e-13
4.209533816970134433e-13
2.511068455347826498e-13
1.520224619773531701e-13
9.671696833700196584e-14
6.222006226899809808e-14
4.440214919189884347e-14
3.294699260036547578e-14
2.770780480000449989e-14
2.436787964373783550e-14
2.279185302033343654e-14
2.166060054704629975e-14
2.085080006961442718e-14
2.026426262540429316e-14
1.977023015242426912e-14
1.939656352971878049e-14
1.908972771298110920e-14
1.885553195084739378e-14
1.868896130850135325e-14
1.858979893201120349e-14
