9.149653932847567643e-07
1.149649522467476296e-05
2.670659968265355730e-04
2.813425730890480991e-03
1.451084401853647461e-02
3.799618102497916844e-02
4.997745316657899867e-02
3.942979728892868907e-02
2.948833045909126857e-02
2.057493176208590249e-02
1.516139498928537575e-02
1.077097082760764338e-02
8.301852528350112115e-03
6.402656509839267651e-03
5.363213067080355514e-03
4.522233987808824823e-03
3.791513472808321402e-03
3.138792018349370258e-03
2.752709965004206203e-03
2.509120212377972513e-03
2.301348688642104214e-03
2.188147523811523765e-03
2.056328176045307300e-03
1.978664385266065348e-03
1.843498720085029420e-03
1.781782230137734591e-03
1.705209766124663774e-03
1.708280017066238351e-03
1.635698607686791178e-03
1.581189441023544279e-03
1.599362793693667652e-03
1.497070416421362538e-03
1.478399245674254844e-03
1.543560785164607404e-03
1.513519500478843977e-03
1.567417265734883736e-03
1.515858141729200127e-03
1.479490468396733481e-03
1.442647122202865692e-03
1.370702661211491494e-03
1.477601209509536934e-03
1.535890774749835291e-03
1.480660621722367344e-03
1.460014866000645256e-03
1.400460202305679443e-03
1.464813343163918211e-03
1.409051000708873855e-03
1.311209327463114596e-03
1.303178500738196239e-03
1.339253331933659696e-03
1.223917091561135557e-03
1.235603291295391285e-03
1.284051281820108512e-03
1.265864240722321642e-03
1.315210996827307147e-03
1.378556412316604435e-03
1.292045556582921157e-03
1.266299743739145167e-03
1.344137172397045664e-03
1.442608779457364276e-03
1.453850604691325895e-03
1.428190013717873814e-03
1.483793920843809802e-03
1.493679266919688536e-03
1.538089834053048711e-03
1.701296352014554586e-03
1.935220549122146708e-03
2.009050817964887301e-03
2.119923455252316867e-03
2.157298937187653205e-03
2.275627480530337862e-03
2.442140996277044999e-03
2.582109443740867802e-03
3.102830278717933279e-03
3.437835310913803580e-03
3.440844491062924459e-03
3.407926521990714899e-03
3.412953767319377996e-03
3.874010649610932101e-03
4.430134477823951047e-03
4.010094851191694891e-03
2.988165426325501035e-03
2.276771675132562185e-03
2.086556989528305043e-03
2.167413462542309988e-03
2.144669167781842328e-03
2.079081154206837388e-03
2.655725257742367219e-03
3.186860647145281934e-03
3.400397908987223914e-03
3.228129446939822546e-03
2.529678670450526742e-03
2.304412292845462330e-03
2.095781913148605027e-03
1.826019814995774766e-03
1.728554027790184851e-03
1.523111500824747945e-03
1.485057987871436476e-03
1.520376721674549479e-03
1.178117746346219429e-03
1.367684090301932468e-03
1.651900873854652467e-03
2.264344202935850581e-03
2.963874023555479638e-03
3.153345372447687381e-03
3.643558886625114339e-03
4.390451149550621962e-03
3.668146479698086541e-03
3.921260975646371182e-03
4.903385816054859660e-03
4.963481787634903102e-03
4.270565769180855765e-03
6.213468697310264854e-03
6.468214503862672847e-03
3.378309385123166777e-03
3.747997215522834696e-03
8.676130094298137654e-03
1.751743004597528311e-02
2.846412118861833124e-02
3.110482146284928792e-02
3.201555219181927842e-02
2.846813051722540955e-02
2.635730890784959007e-02
2.527593467782748154e-02
2.499773119776100769e-02
2.402059688472109669e-02
1.753367855303889639e-02
1.504094679677109477e-02
1.188422144783420932e-02
8.382402455772387448e-03
7.070627228839758242e-03
7.005707430535348598e-03
6.305415583986085162e-03
3.831161972501535059e-03
2.879549476622957158e-03
2.882266975787972207e-03
3.295703068159994229e-03
5.664298763489340229e-03
5.851050339161778524e-03
7.983165858443840718e-03
8.595037405946292022e-03
8.226131589772506247e-03
1.096678268477164347e-02
1.742004964517947230e-02
2.238598824964166401e-02
3.477051501526881583e-02
2.516203731140939648e-02
1.718987644477691992e-02
1.306158279346396854e-02
1.035346230703006014e-02
1.091106615641577494e-02
1.695128447891128612e-02
1.695447562162173682e-02
6.962844444465885255e-03
3.835973294981378200e-03
4.172213760083823275e-03
4.761623567506852693e-03
4.988061951148169137e-03
9.707033072815004354e-03
2.466296434972295448e-02
3.960352469625056521e-02
3.946301758861770620e-02
3.302981437685899302e-02
1.956542098356813669e-02
2.042860875959673708e-02
3.256345871716666979e-02
2.837687620230862351e-02
1.954873323715175873e-02
7.012216521389787183e-03
8.021903871297874494e-03
7.512928921921766673e-03
8.637746560693288639e-03
1.384126570813520515e-02
1.452355076999901733e-02
1.480983591681510510e-02
2.006059264427174568e-02
2.052546510716564410e-02
2.663113822588792506e-02
2.656822863357091377e-02
3.699368752374263686e-02
6.228453956484709952e-02
8.474570223473135155e-02
7.899181594695245390e-02
6.070736280125704765e-02
7.914166348426145137e-02
9.241611720898716686e-02
7.699465143472322692e-02
4.020515210064320305e-02
1.554336759482291205e-02
1.599757933023380346e-02
1.903138631861268915e-02
2.079232728619244755e-02
1.684445920482256775e-02
1.820330774967851561e-02
4.237234688051160630e-02
4.069292648607546192e-02
2.610873726959345512e-02
5.448904663078663058e-02
6.829196813294292900e-02
4.057965730837292256e-02
4.722225381039787256e-02
4.808334983496866805e-02
3.899066316771037516e-02
5.819432160157950173e-02
2.366381481589253585e-02
1.407239214524646023e-02
1.460392107720016354e-02
1.633734889237131033e-02
1.979342447466534913e-02
2.102222417511335692e-02
2.892714660509457594e-02
4.686216018541890932e-02
6.703860387462620696e-02
6.826404475202205169e-02
5.925175034167346616e-02
8.948235905832087334e-02
8.283085762835033783e-02
9.714257897385807083e-02
1.551701917404237629e-01
2.526149274305023451e-01
3.043621549301059326e-01
3.313965588260048833e-01
2.047823605965379545e-01
1.132125314346850153e-01
1.216809501378438435e-01
1.201857572791622114e-01
5.407215199309853976e-02
3.870420844316006109e-02
6.170892457270344550e-02
1.010925404323866489e-01
1.099041303948518622e-01
1.276914632238643765e-01
1.852018493908613173e-01
1.492845965401069785e-01
1.499960470010134050e-01
1.385113628083490533e-01
1.030085902019264588e-01
1.238152292010335637e-01
2.837484022330971078e-01
4.986129945642326922e-01
3.020956668305398440e-01
2.177712855113622115e-01
3.484591761275159238e-01
2.907429759613363585e-01
3.041971469229308167e-01
3.443435275135348084e-01
3.188334371254758492e-01
3.516232571752112013e-01
4.601146871436119778e-01
3.863218573621419738e-01
1.872622258493533698e-01
2.271842633825413293e-01
2.132808619001377581e-01
2.100631315785792819e-01
3.138161964584222918e-01
3.996026336212979424e-01
3.697823605383177004e-01
3.625009226457031053e-01
2.070307349249107809e-01
3.483882809545689740e-01
8.368795417527309377e-01
1.087845492244795098e+00
1.110796361226389362e+00
7.989612762716546968e-01
5.128121986359706064e-01
4.301897217373673032e-01
4.812534564351936828e-01
3.983869459718465955e-01
4.583100209025837146e-01
3.835662645871630860e-01
5.700286418684273881e-01
4.553926379421074366e-01
3.330681716271792214e-01
8.696414197556537884e-01
1.507811974135635058e+00
1.357829209958432815e+00
8.941428858698350357e-01
1.057899305860010575e+00
1.958609404444088486e+00
1.660761407915177124e+00
8.241328296146815946e-01
8.086999263855882969e-01
6.423842000148265452e-01
8.972887299815892614e-01
1.663736168139528404e+00
1.164048643403962746e+00
3.161959445342749087e-01
3.047730263544468632e-01
5.192768226559978384e-01
6.511629331900696815e-01
6.994898746957353142e-01
8.445380516581184605e-01
6.385192348008009722e-01
3.259637779254739853e-01
6.217971381471604220e-01
7.237997039877789307e-01
5.992068512074141262e-01
3.448608702703822582e-01
2.630519986301248503e-01
3.936012545593153278e-01
8.434745364065575624e-01
1.160567242089669771e+00
1.932158289711885191e+00
2.689977232238265792e+00
2.283234287350347724e+00
1.161289388612683826e+00
1.101414470650639243e+00
1.590187194669608894e+00
2.538002955395334048e+00
4.433721740647520448e+00
5.515707344397726253e+00
2.134613847779969653e+00
1.768804800904474561e+00
1.662372195591651280e+00
1.937243263699472751e+00
2.282793489996133296e+00
1.181967437054792347e+00
9.122626692194908404e-01
1.874182585484360342e+00
2.431931866295971467e+00
1.971143188208500208e+00
1.594988600763791897e+00
9.473891244914905974e-01
1.166650411267632137e+00
1.428531149953324197e+00
2.021899863914413675e+00
2.555650198942509554e+00
2.656363347949948217e+00
2.224958832127653441e+00
1.632479116349223380e+00
1.390996890964120825e+00
1.637777680291421012e+00
3.441250778937222421e+00
3.627988050970873068e+00
3.004976298743163632e+00
1.197232420113653051e+00
7.626756992869010432e-01
1.556383753996476882e+00
2.044887699152033722e+00
3.008435647241622046e+00
4.002355412628823217e+00
3.389042756349335939e+00
2.900898831066176964e+00
6.286198062143794729e+00
7.825703397426125640e+00
8.440903122382609425e+00
4.619166494431676817e+00
2.542767716285453172e+00
1.940567488920611039e+00
2.687058757445969448e+00
3.150239252046222127e+00
1.957668676365286409e+00
1.792969336899550070e+00
2.119320696881074273e+00
1.918551050875396458e+00
2.575647816848167793e+00
3.772978171569513428e+00
2.790056348667550701e+00
2.647951384643961958e+00
3.208521079765866979e+00
2.988723406925135606e+00
3.400248102351707935e+00
2.533857366998548244e+00
2.535884304901794728e+00
2.580668541117315140e+00
4.360883350267977576e+00
7.933020203233235534e+00
7.807298082329860556e+00
8.153308044038810820e+00
7.846902838506792044e+00
8.407009391096998741e+00
9.200124471216248878e+00
8.564520661888430197e+00
6.724685498046820697e+00
6.815879890297230403e+00
6.566890297960940259e+00
5.701100963898158902e+00
5.262194620926375244e+00
4.269474432980532086e+00
2.373806546372243531e+00
2.102866598039176527e+00
2.085973647747510373e+00
2.200745951939561795e+00
1.778262251144280714e+00
1.491275055945246786e+00
2.211428757535494505e+00
2.232263113476435468e+00
2.192032118762982318e+00
3.203276162053022347e+00
2.431953442161703727e+00
3.985350084700250761e+00
5.149631364901899211e+00
3.053304122012765465e+00
2.202327962021080054e+00
1.897959372690236401e+00
1.923131441714237999e+00
1.575264145139295469e+00
1.165054383046826514e+00
1.152580113111510318e+00
1.320596757409026489e+00
2.352194179689566234e+00
3.429567271053794109e+00
2.317653575189268622e+00
2.058215793967340890e+00
1.713944870853471913e+00
1.431287445721223239e+00
2.215759431950446334e+00
3.376562513534677734e+00
2.236784722669426628e+00
2.495603789285619989e+00
2.629119196398580272e+00
1.637327056232088518e+00
1.345889475071678332e+00
8.458032145166434201e-01
8.248668986937348624e-01
1.086564082035412548e+00
7.948334330876576370e-01
4.490589753698149278e-01
3.108485097908305628e-01
3.973571717865070352e-01
4.567112554959692483e-01
4.373460725700323848e-01
4.190396252073273486e-01
2.561121569064362391e-01
2.912543743798713947e-01
3.614283641766505295e-01
3.323370677859491806e-01
2.427745512693184338e-01
2.794789734360261790e-01
3.815108702738185809e-01
3.170637020454755151e-01
2.630330196937172849e-01
2.108695012208866015e-01
1.167899378075302891e-01
1.069600913479383658e-01
6.778733908334033664e-02
5.632833728069589624e-02
6.069684034350412982e-02
6.358680307504152585e-02
7.744886632802633342e-02
8.105066948188417719e-02
5.509326801902716259e-02
2.892438581906944806e-02
1.496079445002078401e-02
7.054547249370934046e-03
4.092388515839364901e-03
3.461861809301212088e-03
3.467972414943247886e-03
2.464240064617619769e-03
2.467047418902965257e-03
2.211971329979933645e-03
9.999852055283405504e-04
7.120104429647713170e-04
7.831893235489462059e-04
9.625755718392936013e-04
8.901292062514272073e-04
7.411821371994266848e-04
7.363997069618984136e-04
4.902742472793426886e-04
3.916030854376192439e-04
2.413071769502649186e-04
1.673187701159861316e-04
9.657596895597146474e-05
5.254837918502846124e-05
2.712305928923161650e-05
1.461930503901663584e-05
5.320973845406074641e-06
4.967933914158109182e-06
5.604171709347147381e-06
4.574117435241860728e-06
2.671399751121859244e-06
1.732028524663218352e-06
1.195562029980151634e-06
9.339573810570852120e-07
7.857045056923663040e-07
3.942015650329732278e-07
1.604487227637005558e-07
9.786925147291597611e-08
6.843285041391102726e-08
4.113449331029747519e-08
3.175739548117283632e-08
2.230120954053837937e-08
1.617669610820061625e-08
1.022134779970201086e-08
6.374408460572053998e-09
4.166113360297250946e-09
2.826941156275883119e-09
1.880291656820194764e-09
1.215233509357079321e-09
8.243271596767550327e-10
5.056497367554184643e-10
3.319561672683317820e-10
2.035287022892644213e-10
1.289737716260753576e-10
7.753356467178175017e-11
5.059312426498549684e-11
2.891202811225853037e-11
1.896394758335681186e-11
1.411051367914926753e-11
9.556646415030361272e-12
8.728670128315676620e-12
7.465587379323308745e-12
7.161299732827452650e-12
6.674398096950864061e-12
6.521401808496248629e-12
6.258529979347423784e-12
6.150752554994766225e-12
6.028216246962737579e-12
5.938001680744637785e-12
5.868937744389546264e-12
5.819309776686344641e-12
5.789488612503868734e-12
