8.522808147374397421e-07
1.172597650990080372e-05
2.854341137184974466e-04
3.013304447133506939e-03
1.516207341720077033e-02
3.755259385930698190e-02
5.001651639837599583e-02
4.214177508699765151e-02
3.080718187483401024e-02
2.178242485117177010e-02
1.563098628481697852e-02
1.140222003875649912e-02
8.712578005886283117e-03
7.405169198029808338e-03
6.202057469192005096e-03
5.397472147416036356e-03
4.928095198808709471e-03
4.272734187093459035e-03
3.825514085956379078e-03
3.438965782394292573e-03
3.312643471342801692e-03
3.273068112681392933e-03
3.035366022009512114e-03
2.852252283636073395e-03
2.857460918643746177e-03
2.763476247560971242e-03
2.740660427241674996e-03
2.735466219281296879e-03
2.646633481172996211e-03
2.549137738126725471e-03
2.478592606436466096e-03
2.518382692795786883e-03
2.548688209464350721e-03
2.536131883287089800e-03
2.477527391478606244e-03
2.430478688278108791e-03
2.463724861431030276e-03
2.457139268317103456e-03
2.513414055340742678e-03
2.519655952674636212e-03
2.557311458680518960e-03
2.468114619790096401e-03
2.428211074400331380e-03
2.519451971882753771e-03
2.507120960857582570e-03
2.408026825770318621e-03
2.407876981544606210e-03
2.466366568363184859e-03
2.444819382625519795e-03
2.446886705580880728e-03
2.320537409988228817e-03
2.246542262300092047e-03
2.300612154770627360e-03
2.289484313501486540e-03
2.237464809354731011e-03
2.232885020058769741e-03
2.304846807135968022e-03
2.270482189102829632e-03
2.252238962464769931e-03
2.138669265124421709e-03
2.084504627834926887e-03
2.128122702502222279e-03
2.131531328299144257e-03
2.107854410223733606e-03
2.053225441341442661e-03
2.102901566953770292e-03
2.231452538907198035e-03
2.245890413854381706e-03
2.274253447320737694e-03
2.465251205142001377e-03
2.456183434462847880e-03
2.646789237043647817e-03
3.234145209864665044e-03
4.193829903417600757e-03
4.607389902069484143e-03
4.280788356452943332e-03
3.868292686496467483e-03
3.689799724671260616e-03
3.941521740023957825e-03
4.081265151422538290e-03
3.147353198839740983e-03
2.645850121460657008e-03
2.573168047141187031e-03
2.846710684800623017e-03
2.988295595361881943e-03
2.941285216757523902e-03
3.101595528303937449e-03
2.941133436931905442e-03
2.658452931607645144e-03
2.527710540588562916e-03
2.775527512881432492e-03
3.418715838310652354e-03
4.205987230283470685e-03
4.577411556769273027e-03
1.014364703957227123e-02
2.064907468262196927e-02
2.920537489648454207e-02
3.197698813245248434e-02
2.819733091658075883e-02
3.074659832094625220e-02
3.797261569405270543e-02
4.752048833904828212e-02
5.664421277813041361e-02
6.240349276002441631e-02
5.944690732066845729e-02
4.808348836594013992e-02
3.871533253284215742e-02
3.622965811170723860e-02
4.033302105454530245e-02
4.062865045356829630e-02
3.711433096883694216e-02
2.888233755024077407e-02
1.893120841558031814e-02
2.036865037809735754e-02
3.456477547294674324e-02
6.322810902328541982e-02
1.264865387526814822e-01
2.036855294950892792e-01
2.602387695593585959e-01
2.752446697843803913e-01
2.559220628877547088e-01
2.300750958860048323e-01
2.084003235132535492e-01
1.991644040399907778e-01
1.954909689204849810e-01
1.606424047254579046e-01
1.175153770323457136e-01
1.794777550596768356e-01
3.201706483892426958e-01
4.286458981666971257e-01
4.314284259265643295e-01
4.322277128438733462e-01
4.701788460704727779e-01
5.355223767897026033e-01
5.835511876429075873e-01
5.568505144644482208e-01
5.112866547810502871e-01
4.807615005290584165e-01
4.967810823835485667e-01
5.428823505068419708e-01
6.076270151223902571e-01
7.880357614310554704e-01
8.521715814972676828e-01
8.575495905841026278e-01
8.739892255469511317e-01
8.934464652146284491e-01
9.043521665954493693e-01
8.588280872274768329e-01
8.305802847638115161e-01
8.338526115411758477e-01
8.271328985284528423e-01
8.373459340547317886e-01
9.004217923600597029e-01
1.051492443231093032e+00
1.126967226642882069e+00
1.111396695545344482e+00
1.084703853919961603e+00
9.706292248061603178e-01
9.051537625702171797e-01
8.436343565276204215e-01
6.440262503259170934e-01
4.831640563335263261e-01
4.156594025356028510e-01
4.129355269207869439e-01
3.260045641847534315e-01
2.542795999306937116e-01
2.005642594798547895e-01
1.905112160380413033e-01
1.736606368756478669e-01
1.804661392350365712e-01
1.778225663843158999e-01
1.688106237582913949e-01
1.359436450662157014e-01
9.345296175580340703e-02
5.869929689022158198e-02
3.212457487607377898e-02
3.859789602930979724e-02
9.228305544813580896e-02
1.810872696950952820e-01
3.556657909917064764e-01
3.734581483992567841e-01
1.877691684363151092e-01
1.118288784032673705e-01
2.733447789063552791e-01
3.282309947625330904e-01
2.340760588977046919e-01
1.871624682925717986e-01
1.696979471471274370e-01
1.893946820261829256e-01
1.999201066099835500e-01
2.408380578844471487e-01
3.104546363547751597e-01
3.654104902660654242e-01
5.277024439164712533e-01
9.295923576382170150e-01
1.279961034356610572e+00
1.052842545518846817e+00
5.923654888916682903e-01
4.424528637116597607e-01
4.275732032247035463e-01
5.077587975457816816e-01
7.123560902457539701e-01
7.553231880805756360e-01
5.199973543687108624e-01
3.096893811860595980e-01
4.342259267387140742e-01
7.090752902077109843e-01
9.083451462119374042e-01
8.618697571043331118e-01
9.075814418682363049e-01
1.094695890036330388e+00
9.708632206707807910e-01
8.279015212336483520e-01
6.704914716410215192e-01
6.313719668574940824e-01
5.831488951971111057e-01
3.596437487205248473e-01
2.551365058193747481e-01
5.178926244646142596e-01
1.199496843134205459e+00
1.616858636410981376e+00
1.694669082009218952e+00
2.342074854241547932e+00
3.470991557882062484e+00
3.954006498300303374e+00
2.850994950436576580e+00
1.324541972352100583e+00
8.696643155758442267e-01
1.395605205399970572e+00
1.937394703576663213e+00
1.975265151431695010e+00
1.415639392764202364e+00
8.143714860296169533e-01
7.440819325989231903e-01
1.218247744005736877e+00
1.651398016946841407e+00
1.597356939101841400e+00
1.925730861280263273e+00
2.282628123351683413e+00
1.976239517787975908e+00
1.390015172190225412e+00
7.092416684720008746e-01
4.990294640014243388e-01
5.610199084119574797e-01
3.387825227150289553e-01
2.515361165121294817e-01
4.301353247064410024e-01
7.599905018428565473e-01
8.037093917849489344e-01
4.967787083321373309e-01
4.301950646025128333e-01
5.350266248334676344e-01
1.198013986845281931e+00
2.155406029447531679e+00
3.249743617135275375e+00
4.398232629283704398e+00
4.552339773570118986e+00
3.714610433610568307e+00
3.282433927790354034e+00
2.597461979944458932e+00
2.323067532394496482e+00
2.643899432376248360e+00
2.268165252277410726e+00
1.915677797243968472e+00
1.473105351233849225e+00
1.850697098024511211e+00
2.752260393259629900e+00
3.564606747161112921e+00
4.236444205117130046e+00
3.797021952883291807e+00
2.748567335405316836e+00
1.992198675693895638e+00
1.208265891082707322e+00
1.064096648626103425e+00
1.062289919440599473e+00
1.098320112984219055e+00
1.119718033268834345e+00
1.574443671511287501e+00
1.260040709995753350e+00
1.376483451592378060e+00
1.750799421018368829e+00
2.557775384109219896e+00
3.059393647286056339e+00
3.928923531599059160e+00
6.565432161793345323e+00
8.711025541316253396e+00
1.330572032135378180e+01
1.608314247610104530e+01
1.454020293637157302e+01
1.093550189696793318e+01
8.879751542760804028e+00
1.099289047316043266e+01
9.930214905490482025e+00
7.690332599711815043e+00
4.611276213861851048e+00
4.062279186170148826e+00
4.691821049660650722e+00
5.368265160190713203e+00
5.751273868872216255e+00
6.464547927040785957e+00
6.603576695101215144e+00
5.186528335849605931e+00
4.540026717896417097e+00
3.377397050421214963e+00
3.540236599668179274e+00
3.592859005893152435e+00
4.391631938667637236e+00
5.774031523857559911e+00
9.287781507212894638e+00
1.263625647231034499e+01
1.245808097311282658e+01
7.026619541913492917e+00
2.099579009006666386e+00
9.797538095241862255e-01
2.843774186872933818e+00
4.206105873181777532e+00
4.356024345218266980e+00
4.449924805150357265e+00
5.172621511795553850e+00
5.919398533049258226e+00
7.973483795094826299e+00
7.938638184058825153e+00
8.058834245357740400e+00
8.704068076060710979e+00
1.087551747014914838e+01
1.156774499158341918e+01
9.576216176631811905e+00
8.937368067074693556e+00
8.024931568125724723e+00
6.582008265883079190e+00
6.279334112286361957e+00
6.965158537854932774e+00
7.899568704185582213e+00
5.422738305725729013e+00
4.886097701725439890e+00
5.965969965621574111e+00
7.143376155997970933e+00
1.170133210391139222e+01
1.342125458722381381e+01
1.374209622064697278e+01
1.658139655286000291e+01
1.986295347037263426e+01
2.248790396958538906e+01
2.455332892423999880e+01
2.484474991515953235e+01
1.777217469925779625e+01
1.383755521763870000e+01
2.186176716030117362e+01
2.816151388698518687e+01
2.199521979989637188e+01
1.353369949455008658e+01
6.416819014746228511e+00
6.113048149065200221e+00
2.376499717359067532e+01
6.357799805536496507e+01
9.886553482409085802e+01
1.046739991641236998e+02
1.003729736119308598e+02
8.665122278049037163e+01
6.375039785368305445e+01
4.935620333091397782e+01
4.000056875744119367e+01
3.422815301974023328e+01
2.163040036269208599e+01
1.867883167620319540e+01
2.292343540229440890e+01
2.014876983570616531e+01
1.418061485314431813e+01
7.148055015976292559e+00
5.923462225543587145e+00
5.642907739742607731e+00
6.578706240522064874e+00
1.406289814998644161e+01
2.288828196277780691e+01
4.003723904252488808e+01
6.066110606403245242e+01
7.553846365161552967e+01
7.532764796500326554e+01
6.777438196969245610e+01
6.291409746862709795e+01
4.632849172586868036e+01
4.141061084892430699e+01
4.432101912894587059e+01
4.956535951916752225e+01
4.639949318783141052e+01
3.192190148293149221e+01
2.279989698987598246e+01
1.586340430791190670e+01
1.236830079946317973e+01
1.062701279581950864e+01
7.785048380660851031e+00
1.328126219227339710e+01
2.016141872711457239e+01
2.435106998412132739e+01
3.079487738084518966e+01
2.737963427888509926e+01
3.117309253553209558e+01
4.025746559862555785e+01
4.546748866101722086e+01
4.886607407975881046e+01
4.658173550563479637e+01
3.278081966471091846e+01
3.007396930869925455e+01
3.078061992271134173e+01
3.073405329718788082e+01
2.381728080036386430e+01
1.730912322108473234e+01
1.561498602111671730e+01
1.370891287865276809e+01
1.198154925740025689e+01
8.355799103812815432e+00
5.352461873535541592e+00
6.145537766768149446e+00
7.677271174604884507e+00
9.692446373391533143e+00
1.422275359490603286e+01
1.366460457813031049e+01
1.047608036395835462e+01
1.011867288020884992e+01
7.786615842355839590e+00
4.167644588802303929e+00
2.610733145964537982e+00
2.186944501007292097e+00
1.579157957911597521e+00
8.071562233377084228e-01
8.141553876214234764e-01
9.928801392482276000e-01
1.085625862395096508e+00
1.198349872796925064e+00
1.120197045848029038e+00
1.399297623565447735e+00
1.423486656327896727e+00
1.746049690222174711e+00
2.061273491335497976e+00
2.729428954223825254e+00
3.075867600922724154e+00
2.734277184862242471e+00
2.376170007910989312e+00
2.202399797863939579e+00
1.631377344230824811e+00
7.777065508695066853e-01
4.502729220439419255e-01
2.983366049319717828e-01
2.021372527774034367e-01
1.582920269133394897e-01
1.114964403841178509e-01
7.482115638091711707e-02
5.944810420209065832e-02
3.607411529032670400e-02
1.736957026622901190e-02
1.313769492991805586e-02
8.193536686900761493e-03
5.142666724277327947e-03
4.375378860733818501e-03
5.673572416526074906e-03
6.209969407038329337e-03
4.776039448658985984e-03
4.579508350357800427e-03
5.725555711235806589e-03
5.451217601169583253e-03
4.583581924239838075e-03
2.936946839467356480e-03
1.763679250254224446e-03
1.018976741371150881e-03
5.186276419863488675e-04
2.959870459322298591e-04
1.468658894888608059e-04
5.949264086778193036e-05
3.792541103014073015e-05
2.754902911904457793e-05
1.337822875762663085e-05
6.521652910250622891e-06
4.226774251462052030e-06
3.709481087829861386e-06
3.823190056975728184e-06
4.203999973631757525e-06
4.199905184392817855e-06
3.689091589518805829e-06
2.180584797238622885e-06
1.030542101941463423e-06
5.780220150765327495e-07
4.024983406409583259e-07
2.359391158881286825e-07
1.130256239007714088e-07
6.150418460854213733e-08
3.501512276973323538e-08
1.906599540198471597e-08
1.169976152758637644e-08
7.240459586470635466e-09
4.261203638765146536e-09
2.463178784237486747e-09
1.461181456623257872e-09
9.414113912894975928e-10
5.664245243075156062e-10
3.929682400817020311e-10
2.606413288017269550e-10
1.732326583146688903e-10
1.463161493609098729e-10
1.138893400012692835e-10
9.759925685707377080e-11
9.112788023833946976e-11
8.350498258269368498e-11
7.987203927899678788e-11
7.708363366647441592e-11
7.438290021376224951e-11
7.263631903836953068e-11
7.093776790462915813e-11
6.961034532676286797e-11
6.855504321387775303e-11
6.772815559308120604e-11
6.714605158468410871e-11
6.679828996122461602e-11
