8.460091740977606894e-07
1.089010607166626747e-05
2.763257940524029943e-04
2.833143501117748198e-03
1.478494021855682530e-02
3.582365596640723487e-02
4.513479016933177185e-02
3.742985925973520839e-02
2.613337277330671921e-02
1.823897141468104263e-02
1.318818071430552692e-02
9.883935456934824990e-03
7.582321934451461895e-03
5.975296527953017842e-03
4.769780206989102447e-03
3.885360429401732082e-03
3.253703628202469361e-03
2.770208730743824958e-03
2.421371928435414773e-03
2.201476922054281839e-03
2.082510268091592853e-03
1.905337048596527413e-03
1.717303018037959032e-03
1.637901759090708677e-03
1.528263132342641811e-03
1.490592618835185137e-03
1.436518157175455503e-03
1.402285620935472821e-03
1.376315681714471249e-03
1.335375131801716216e-03
1.307322133756736674e-03
1.304605530423413005e-03
1.317547327663623740e-03
1.252813097404452750e-03
1.194707202429497140e-03
1.186494924925901671e-03
1.216711137993962922e-03
1.194629342360896580e-03
1.223516059231548716e-03
1.203424145798327434e-03
1.172467119860306096e-03
1.120488227944138387e-03
1.181035027696057020e-03
1.217533096138180993e-03
1.077207557428978791e-03
1.055519873502414920e-03
1.064275194952316820e-03
1.023007980686710915e-03
1.005890749026742493e-03
1.007978802982141802e-03
9.904599235068161159e-04
9.670861315514926032e-04
9.648093083233640847e-04
9.610860414945230886e-04
9.357003402228876530e-04
9.029795622130610882e-04
8.911791946874444157e-04
8.524601541717598653e-04
8.276265397178075899e-04
8.396183418494427252e-04
8.303164189886660246e-04
8.072099237603639135e-04
8.066372038156469993e-04
7.821197443792544815e-04
7.525261565420672842e-04
7.699977220869297671e-04
7.572008486315032596e-04
7.484135834032709699e-04
7.308479317311946570e-04
7.238413458194020017e-04
6.946348086400295748e-04
6.911657793913532008e-04
6.851378315869618854e-04
6.844259152681371125e-04
6.732202967509252466e-04
6.933730545349806474e-04
6.808261783396809576e-04
6.696256905164078062e-04
6.721014063672316749e-04
6.510573165057666071e-04
6.389871506551946315e-04
6.416199145190345675e-04
6.505260396080642365e-04
6.338075018291397782e-04
6.223203761923522172e-04
6.399974740470911914e-04
6.443933396511714951e-04
6.190978939729228003e-04
6.241135593515901442e-04
6.234145202378302232e-04
6.146367960980684371e-04
6.055971456888359231e-04
5.986186704702452753e-04
6.070976762208806334e-04
6.008748555775534055e-04
5.918654292057727150e-04
5.809150213209483609e-04
5.629496531880613447e-04
5.718582393228481726e-04
5.963524967686922341e-04
5.793264425310402574e-04
5.561666191986555392e-04
5.430313690232039473e-04
5.628587835797756742e-04
5.562889129016795409e-04
5.688206576960822122e-04
5.384907648638817329e-04
5.464612798864847956e-04
5.460202677224058020e-04
5.556281604730089725e-04
5.633574335794045915e-04
5.516743532102268447e-04
5.508823531277202501e-04
5.553817568304603635e-04
5.559123566549694327e-04
5.526495314192762060e-04
5.538217463839868650e-04
5.363138419437708457e-04
5.364014614008857495e-04
5.511912702903344142e-04
5.474444132656509877e-04
5.243554042314590730e-04
5.252078701536404140e-04
5.362040837684912530e-04
5.333162847991905660e-04
5.322677675863001900e-04
5.123664333267360319e-04
5.297179686628183297e-04
6.045051696744847217e-04
5.329151301257873318e-04
5.158315069931015961e-04
5.149799541488181594e-04
5.060824344463766980e-04
5.097543839982138269e-04
5.058816737302001187e-04
4.946621793277655157e-04
4.985529795303605570e-04
5.139904443080735991e-04
5.036811679862078072e-04
4.909740452594639612e-04
4.855335071455080037e-04
5.082242785800117520e-04
5.015551956112308720e-04
4.893095767369286687e-04
4.879027952027720845e-04
4.865131157022062206e-04
4.992499417394762268e-04
4.937234886852838109e-04
4.789785911986940790e-04
4.780182355340030845e-04
4.847648053151883910e-04
4.704198123647765459e-04
4.745480269166389860e-04
4.929616594673273027e-04
4.808735273499101476e-04
4.663312486428661751e-04
4.586271058417223478e-04
4.683055735059642589e-04
4.615584825586281897e-04
4.688969418381812347e-04
4.626731357730274577e-04
4.576045126709420673e-04
4.534975690480262276e-04
4.599597525611348473e-04
4.640888183364772824e-04
4.674144264774239945e-04
4.710743897495365011e-04
4.769145329457583201e-04
4.627659150197266195e-04
4.504932049742746934e-04
4.527614706549971642e-04
4.561620081998268589e-04
4.574372528170359063e-04
4.616582763527476421e-04
4.606512406062510329e-04
4.611130970511321875e-04
4.751201171580754956e-04
4.859170958451806857e-04
4.731873788228451306e-04
4.839488421794137132e-04
4.706289435263041865e-04
4.720857716753698889e-04
4.754382427661415101e-04
4.877055990503728448e-04
4.800139531907926809e-04
4.742862393698556753e-04
4.707233738727702936e-04
4.607087369386597751e-04
4.545722551274765833e-04
4.788508825899918248e-04
4.851122458032977461e-04
4.710972290669012091e-04
4.669263356890179188e-04
4.604823771373655673e-04
4.793745882286133556e-04
4.757123380925074290e-04
4.750239481404794134e-04
4.680105704389103411e-04
4.585912479665963130e-04
4.833922256084531664e-04
4.808627667895821111e-04
4.728548165431339803e-04
4.735977777734976511e-04
4.796089944472844676e-04
4.731690822353233779e-04
4.624181907899632855e-04
4.701346137795506036e-04
4.671024861044112820e-04
4.686866824389492687e-04
4.666425465428646448e-04
4.684367649592895686e-04
4.602984965141045603e-04
4.607860392556420610e-04
4.720964527867624848e-04
4.683152190256458913e-04
4.836297109139057744e-04
4.790911874032980776e-04
4.736310647440873352e-04
4.663946335024467022e-04
4.823523392405312479e-04
6.829900096609658935e-04
1.043493357780739435e-03
6.602862329675707447e-04
5.095230953830989958e-04
4.988576817340183156e-04
4.829171093082660769e-04
4.838715610954139219e-04
4.875863186661645045e-04
4.817128100612494412e-04
4.716277515075350917e-04
4.743835648261305162e-04
4.691901117880486246e-04
4.744698187588594174e-04
4.824147918452747542e-04
4.917376867646933028e-04
4.955250451727312476e-04
4.814434733368569246e-04
4.864473899142021489e-04
4.816266787156864358e-04
4.595926654910991176e-04
4.682043610149240150e-04
4.821327211303263766e-04
4.809724135832361015e-04
4.848053914253982154e-04
4.824611427632257755e-04
4.700436661754535178e-04
4.700458019272374410e-04
4.644931632612538672e-04
4.680929493474422689e-04
4.689387481925315999e-04
4.594016509176245032e-04
4.647206618336688247e-04
4.717228347274362004e-04
4.754195223377899742e-04
4.594747706603965272e-04
4.780767866699946298e-04
5.079256256958854026e-04
4.870470007054037809e-04
4.682139158729927732e-04
4.627298381461680235e-04
4.595200734012953414e-04
4.746791283815433382e-04
4.736054445933727403e-04
4.726428398050405103e-04
4.879764298311680998e-04
5.060985770189432246e-04
4.981384195429756304e-04
4.858630956163234051e-04
4.811341949929489031e-04
4.839726439505934175e-04
5.006681324240443978e-04
5.097503793472493629e-04
5.147409545707712451e-04
5.069227163768873180e-04
5.028810338807390874e-04
4.974161950482759069e-04
4.874245457459108928e-04
5.130081654309188739e-04
5.229465613305682263e-04
5.179891565896181747e-04
4.992692958605153336e-04
4.980914434158952410e-04
4.919300450817256937e-04
5.057912863105200069e-04
5.047841522078017930e-04
4.985367589728513082e-04
5.294107372107197855e-04
5.324107870133441226e-04
5.014016402949615344e-04
4.957014689158926362e-04
5.001311884056744298e-04
4.951115429394886257e-04
5.041612580778362688e-04
5.039184921397039984e-04
4.989798601541745385e-04
4.926853927256997015e-04
4.829721256554638138e-04
4.814749242433586231e-04
4.954712000987840457e-04
5.117528466592241500e-04
5.066299129912555993e-04
5.052000918183894001e-04
5.112353214863702604e-04
5.159586421647625095e-04
4.963430755839756030e-04
4.909964535363415660e-04
5.096726085329941454e-04
5.156415915518734088e-04
5.025959368361118283e-04
5.012681378596686938e-04
5.182612069118462759e-04
5.174315663573181940e-04
5.204147919469763895e-04
5.057460513694653822e-04
4.980774143358423101e-04
5.066436475086387014e-04
5.201338326179242482e-04
5.313985750660388252e-04
5.281489581218745764e-04
5.260981409893970406e-04
5.194981407204246442e-04
5.319365191902645628e-04
5.259988620102696568e-04
5.318047268261092602e-04
5.314248999174638576e-04
5.327059676079161712e-04
5.291663001017447463e-04
5.251927340946609905e-04
5.393748380424671441e-04
5.347742578806828585e-04
5.205966454787579146e-04
5.354633822850634337e-04
5.168434507980125374e-04
4.990619129172914293e-04
5.168396340424609523e-04
5.284319079953222640e-04
5.153036603649832322e-04
5.141808385977120373e-04
5.057445977192150804e-04
5.324859119862683727e-04
5.256168940223357802e-04
5.246386547088403244e-04
5.276219729051416854e-04
5.279037034764718760e-04
5.443537752567231000e-04
5.245465934576096353e-04
5.226090482127222769e-04
5.330684257896768858e-04
5.384169402928535653e-04
5.240811565376952670e-04
5.252444345211235242e-04
5.350530523642261973e-04
5.268471691744104754e-04
5.382666205440713413e-04
5.492126994780750565e-04
5.539532384522575462e-04
5.610283852527964436e-04
5.558820335676883983e-04
5.595923448505159053e-04
5.563605734054335875e-04
5.507901714911596011e-04
5.498046806135173511e-04
5.635671713681900986e-04
5.644870268213355354e-04
5.618370485360324332e-04
5.619502689677513627e-04
5.439750443239394113e-04
5.499729442896432495e-04
5.565981878983917780e-04
5.337983118226855526e-04
5.359350028081681649e-04
5.478518839343679992e-04
5.280532841028954052e-04
5.210825411227287341e-04
5.338384379775088819e-04
5.584924526434170569e-04
5.375136487137219428e-04
5.203141496104488322e-04
5.228371837751114026e-04
5.429044416927374843e-04
5.480344856148897494e-04
5.443242178823848787e-04
5.432366053197524398e-04
5.283583618080913390e-04
5.310558539627539213e-04
5.355525196800992038e-04
5.299790962584009649e-04
5.248883432938661461e-04
5.267566497857270385e-04
5.220747657868270468e-04
5.282350432076442226e-04
5.244517096883923599e-04
5.103594634206005563e-04
5.318408970385078227e-04
5.359889561925692885e-04
5.368295979358390316e-04
5.319563018088956791e-04
5.254150466500360443e-04
5.198990291990675250e-04
5.054602806251352193e-04
5.048640550534879692e-04
5.029274419829924325e-04
4.939381220169451314e-04
4.858148297420000370e-04
4.810699046962650985e-04
4.612137301996974506e-04
4.605569443840041980e-04
4.508549804817321986e-04
4.359994092972815168e-04
4.247566496540285813e-04
4.091096764331787869e-04
3.991822079745632312e-04
3.802597898584292378e-04
3.618440514056176101e-04
3.522207584888275038e-04
3.426790232551216002e-04
3.190076378267254673e-04
3.001115668013763283e-04
2.885831750432369834e-04
2.666588519727952308e-04
2.465174542694873946e-04
2.293151089052488148e-04
2.145490682937263550e-04
1.957461411861681228e-04
1.773514498006411406e-04
1.574333086368245752e-04
1.353856008093136149e-04
1.177648280047850901e-04
1.063937638504347500e-04
9.387421552676072077e-05
8.365966376413535069e-05
7.038790497471521723e-05
5.935777497008438302e-05
5.185075113427942259e-05
4.412417702466617258e-05
3.611873216305148878e-05
3.019240076854282467e-05
2.611463816149664979e-05
2.126974296621180656e-05
1.743055626499995139e-05
1.402551753801596625e-05
1.194303580810757162e-05
9.808371591924512688e-06
7.692872997625348176e-06
5.750108658488795687e-06
4.572585200301687464e-06
3.652412518224822293e-06
2.868929041065325686e-06
2.201601007295347439e-06
1.724507587835905750e-06
1.330354578227297673e-06
1.016449908359088722e-06
7.713032295880412862e-07
5.840686099401706767e-07
4.160342405974865345e-07
3.124689377782769008e-07
2.347388584538827731e-07
1.718677549188856886e-07
1.239192767544173405e-07
8.777865024124221856e-08
6.366897942893518409e-08
4.495529465279517895e-08
3.193780127157004293e-08
2.238397808089282443e-08
1.554979834528591558e-08
1.042902830256982951e-08
7.174157141298831601e-09
4.867878591721171437e-09
3.303066963420890160e-09
2.248080417152752686e-09
1.518037984252345029e-09
9.904266743933509460e-10
6.426589490691622912e-10
4.252813780902496550e-10
2.730145259682927822e-10
1.758201178918867931e-10
1.152983996048568545e-10
7.572195868021534653e-11
4.815358183428552114e-11
3.116648551471276857e-11
2.000207311003364588e-11
1.302624441660917536e-11
8.685195249222858840e-12
5.633130117662444213e-12
3.650667306662672343e-12
2.361877115105720690e-12
1.517353680293246367e-12
9.782036798236450893e-13
6.250175258262093231e-13
3.961272109760704312e-13
2.493223216428495389e-13
1.531761470404059633e-13
9.372252696733268597e-14
5.549481074821411875e-14
3.324440253291966880e-14
1.961180596394221031e-14
1.148990123556612896e-14
6.914389144962096104e-15
4.416639134469368053e-15
3.032798526137754526e-15
2.293767952236999070e-15
1.952082890123932644e-15
1.729653871553724569e-15
1.605785032032701395e-15
1.532648775468484563e-15
1.483373568325320114e-15
1.438970970365702913e-15
1.406547096381223539e-15
1.379873063005773552e-15
1.359456895736963692e-15
1.345170304695059772e-15
1.336601002094360310e-15
