1.035324863282286678e+00
1.278968853772352254e+00
1.201685163246599464e+00
1.173207286229377866e+00
1.100655088557886518e+00
9.958793580900108244e-01
8.704807438210534487e-01
7.207967170268333446e-01
5.476551719355682302e-01
4.075890662773639095e-01
2.732300255537259970e-01
1.928231440722629197e-01
1.352488910570186775e-01
9.823689941381960611e-02
6.929302320382145497e-02
5.026705889056458376e-02
3.906812785097839996e-02
3.037292448986935942e-02
2.406392664170056012e-02
1.921524584711184480e-02
1.670115439920752398e-02
1.310870121479681960e-02
1.117160930129360193e-02
9.763287091179177757e-03
8.225222887172695466e-03
7.681218382947365732e-03
7.313796086360700721e-03
6.902696217088807699e-03
6.080108362445867456e-03
5.305530212127345345e-03
4.804033799753505696e-03
4.514774897050329028e-03
4.328526019509764539e-03
3.921331774022740989e-03
3.954282149188599778e-03
3.638367526650455874e-03
3.231604118095561876e-03
3.215751053386648167e-03
2.800080899234093802e-03
2.662109570862293377e-03
2.579058983219087702e-03
2.426654695371980794e-03
2.375629939206741221e-03
2.257330257794381862e-03
1.893706873181809401e-03
1.877311923091894152e-03
1.799554483700475591e-03
1.664723005590480883e-03
1.603320056087844314e-03
1.515051372770440281e-03
1.461622145206838402e-03
1.401727970525629228e-03
1.296626616941603432e-03
1.163175145322386736e-03
1.165232433065268528e-03
1.130377466624383565e-03
1.100722524969440907e-03
1.082579710922696543e-03
1.127665125144077310e-03
1.050410225451578082e-03
1.042564141388310512e-03
1.027034708701868478e-03
1.025491505057720592e-03
9.425095354146031815e-04
9.101690975471279877e-04
8.979321065105308041e-04
9.072581251470242334e-04
9.151986131311641006e-04
9.649590523402130438e-04
9.586183974873335777e-04
9.565149204176016159e-04
9.453469122520596034e-04
9.724051778424877774e-04
1.061803489588112508e-03
1.131916535853538146e-03
1.147959286389029290e-03
1.110818338640857722e-03
1.070614153353014646e-03
1.085803369080532181e-03
1.294624967072268698e-03
1.267734466101607359e-03
1.031302800126882285e-03
7.544180698622719727e-04
6.918438449541367517e-04
6.897358353874534628e-04
6.624229540997950139e-04
5.838119831463224347e-04
6.268555382680415225e-04
7.258497933553061283e-04
7.797066742433536590e-04
7.193802237633219318e-04
5.865898714423221569e-04
5.422057327548799157e-04
4.974141980712803567e-04
4.371407517079129628e-04
4.010081262209460283e-04
3.532861522488120465e-04
3.614235727614866617e-04
3.742689952423300381e-04
2.958793192976586568e-04
3.104485836742487508e-04
3.529970437159034237e-04
3.982741179652505800e-04
4.699545732620904873e-04
4.653313085687866592e-04
4.791904735209604502e-04
6.440735761475803803e-04
5.885442441959620437e-04
5.829183089471140717e-04
6.975374759543636217e-04
7.066393422686754328e-04
5.692411279109512064e-04
8.334181186054189384e-04
8.746279490668288151e-04
5.011748041137892903e-04
5.100721675111694097e-04
1.037485936880619625e-03
2.106566897940797926e-03
3.362783018228179214e-03
3.633067168874314946e-03
3.501608369721781206e-03
2.892225618889203344e-03
2.553092397518393498e-03
2.255990656046036325e-03
2.172494371749558294e-03
2.168982796036701254e-03
1.564859015430360590e-03
1.372999110238249049e-03
1.079079321233743748e-03
8.000557158053524199e-04
6.982252084253952329e-04
7.048214391569554904e-04
6.532524736758023570e-04
4.191353809657432771e-04
3.009324372802737427e-04
2.796739580862052919e-04
3.058926810944916151e-04
5.116474863412709146e-04
5.158800417123731667e-04
6.284211948646518595e-04
7.272129253544773724e-04
7.200988106951948563e-04
9.318193102222956234e-04
1.408328853318526440e-03
1.790728261260034985e-03
2.636246442733693098e-03
1.905389278523222669e-03
1.313273271073568541e-03
9.458652522025524055e-04
7.653968976313130310e-04
7.780537202779989328e-04
1.096231876895313768e-03
1.114351193527262762e-03
5.592439858265263811e-04
3.871926550499897438e-04
3.183818542597547448e-04
3.373838307221932020e-04
3.881804497341437114e-04
6.406918586935739105e-04
1.540896028077703506e-03
2.443919483582778548e-03
2.477974438322904857e-03
2.128988933860214046e-03
1.304225075895305667e-03
1.317139934324126254e-03
1.851223963029693899e-03
1.451667204923791062e-03
1.040189583865544628e-03
4.203852068784436915e-04
4.524719351879214857e-04
4.414679876740934105e-04
4.963426915174552626e-04
7.545646859314464024e-04
7.502250587856425668e-04
7.353617556373643347e-04
1.068675431735564450e-03
1.101317569162092768e-03
1.400013477244649480e-03
1.316985069050629915e-03
1.801686238733585894e-03
3.066748411303529213e-03
4.101191318395322818e-03
3.654885651728545341e-03
2.816497690162087907e-03
3.592792278821101658e-03
3.976497942521881566e-03
3.062268168885337507e-03
1.553062516017265178e-03
6.404653439952973093e-04
7.412932026149800973e-04
8.145818245553159385e-04
8.576239399666000639e-04
7.142691423937172750e-04
8.123990060835778676e-04
1.844818999303504334e-03
1.808698941130780806e-03
1.117969471148165311e-03
2.136411851094251451e-03
2.609591916482192301e-03
1.513986564016268303e-03
1.819297048435546691e-03
2.043372888265575140e-03
1.789930807564071944e-03
2.627644730967386606e-03
1.043417235566346420e-03
5.626713845987104572e-04
5.843349735505011132e-04
6.900779597614311233e-04
8.249906645542115198e-04
8.422474255286687946e-04
1.083844576070492997e-03
1.750834910456641009e-03
2.489243472317259447e-03
2.562877131530362854e-03
2.458015376974803830e-03
3.468164611483192349e-03
3.056818433827941661e-03
2.975815864082416006e-03
4.847674214782028701e-03
7.805845451712204591e-03
9.043158949851420533e-03
9.721125917010315504e-03
6.032660380028598453e-03
3.622930251873238312e-03
3.712944574010345472e-03
3.763618183184332545e-03
1.539049789046406571e-03
9.798258343860243892e-04
2.013080931521300625e-03
3.865747726895153117e-03
3.506588784545018080e-03
3.657194504857353302e-03
5.785085477832259578e-03
5.004610811327791023e-03
5.528148203094150961e-03
4.812129707212534253e-03
3.672772698523418290e-03
4.501048137468166739e-03
9.658878226709083012e-03
1.589040602992616499e-02
9.114411607984949926e-03
6.953922351733154289e-03
1.267662965846908830e-02
1.065156900808942632e-02
9.638890944093271226e-03
1.098734464933756594e-02
9.097698666200932510e-03
9.629646532319600244e-03
1.300819226748767612e-02
1.031620344618585164e-02
5.266877814626957574e-03
6.293093131607616769e-03
5.778617838530846103e-03
5.931110926166668386e-03
9.724717922517080865e-03
1.243356735707934826e-02
1.118642811495857738e-02
1.057471927359432927e-02
5.851074857497476182e-03
8.766234927522570386e-03
2.011734957713212299e-02
2.712119316558943283e-02
2.765139352027338668e-02
1.877933928675310990e-02
1.205294506956663438e-02
9.382291832845881738e-03
1.072184057464986573e-02
1.070846406320393254e-02
1.239251495708049849e-02
9.009636728161893315e-03
1.232111586488429840e-02
1.004045204162866585e-02
8.276096844064642979e-03
2.128884765885490776e-02
3.458576226851540342e-02
3.119503223325709867e-02
2.077619423306879126e-02
2.476733706642804400e-02
4.561202810527087426e-02
3.854409494843311079e-02
1.956765667998327379e-02
1.901745439412102709e-02
1.550074788452674747e-02
2.097600256128692373e-02
3.628209390562166237e-02
2.595668063935767725e-02
7.716109343101899831e-03
8.214748226916757101e-03
1.301592741251714029e-02
1.452068463001813040e-02
1.577546319893113197e-02
1.946289293649085955e-02
1.593377626393665744e-02
8.341235674217751736e-03
1.547825296093301682e-02
1.825537150430982247e-02
1.573962373140559354e-02
9.178250224769375631e-03
6.153451660125647607e-03
9.709291633359099644e-03
2.031876646323605567e-02
2.871608090837276389e-02
4.602766256824625951e-02
6.242549481782620757e-02
5.556249926561339370e-02
2.870571935275352538e-02
2.787465580459884060e-02
3.927511400211014525e-02
6.290938064066195490e-02
1.182812377021042055e-01
1.413021601060208965e-01
5.492386820619007959e-02
4.355273549760491775e-02
4.453442978103219763e-02
5.086178555761547426e-02
5.962561178566164882e-02
2.883644589325991270e-02
2.080137062884146112e-02
4.175412949663312445e-02
5.258962675626212974e-02
4.226392379202345562e-02
3.700076525965315111e-02
2.192378750942309759e-02
2.312009716139547949e-02
3.142662122369770106e-02
4.973509598639940660e-02
6.282646569653578539e-02
6.646136396579081784e-02
5.842914897549793957e-02
4.624531466086907738e-02
3.386072612946785382e-02
3.762735148486884978e-02
8.094640517860883511e-02
8.948041920482015243e-02
7.626034957953339855e-02
2.937977258142236009e-02
1.912827196043764486e-02
3.972534289437374549e-02
5.036675967371212481e-02
7.354642370843959831e-02
9.316892974095025703e-02
8.452806979071574023e-02
7.063777119989929354e-02
1.521447267770458522e-01
1.912242993555980375e-01
1.999215991521045843e-01
1.097967366983838983e-01
5.940967952211558684e-02
4.463193913133618046e-02
6.290574946022442493e-02
7.781946892065071120e-02
5.014221621943129592e-02
4.686585276288923047e-02
5.544761465999035327e-02
5.019854344740089930e-02
6.663012953222882673e-02
9.397422218196380128e-02
7.239563698719132800e-02
7.805468131684747957e-02
9.972121045118947924e-02
9.108836989604672529e-02
9.394955496087870062e-02
7.307354286169713553e-02
6.824854680168560006e-02
6.994960379389855709e-02
1.243342966057929683e-01
2.125830189944916404e-01
2.140113846345823023e-01
2.215000197842582341e-01
2.147929164382417211e-01
2.320496491525956551e-01
2.581973345794568164e-01
2.321993189704801563e-01
1.804433860481469420e-01
1.891854701244189696e-01
1.973583777426587138e-01
1.779470063148789194e-01
1.628180219276741947e-01
1.334649940395384593e-01
7.635140012420971178e-02
6.524550834123801768e-02
6.409051334703064207e-02
6.659698754386492170e-02
5.195368439320859760e-02
4.073377523593298827e-02
6.036581547982289991e-02
6.615064771712290959e-02
6.845931648816096227e-02
8.842626425921759625e-02
7.274535107209745277e-02
1.198084269024005249e-01
1.552080397150739366e-01
1.016292333530032233e-01
7.337665305301406538e-02
6.602219665985406549e-02
6.465297896541034872e-02
4.839013136690073491e-02
3.893593573209001846e-02
4.010030063537589617e-02
3.921722414049073901e-02
6.784309104533853274e-02
1.112790249228843703e-01
7.727158275056407455e-02
6.822079665484437339e-02
5.652508695474772749e-02
4.455406393374470447e-02
7.098580986702247853e-02
1.100436965325269911e-01
7.755080799793319379e-02
8.736692329247168487e-02
9.566074564247206702e-02
6.474948336638983171e-02
5.772653873337215552e-02
3.454426362939184980e-02
3.928058373018649546e-02
4.980542688049698768e-02
3.255166264689150768e-02
1.871215372624797368e-02
1.495879691901054291e-02
1.946998349488491056e-02
2.370927013583162823e-02
2.715128156604859275e-02
2.953414932717274635e-02
1.780467572641471555e-02
2.217293864009363749e-02
2.514441489864170307e-02
2.696235964793837828e-02
2.380215214025077977e-02
3.092035514172713356e-02
4.704895441366106074e-02
4.323420080029603124e-02
4.001217480677825983e-02
3.884426816852683262e-02
2.797744858854702907e-02
2.966550353421896005e-02
2.090940349848018423e-02
1.935436783978234862e-02
2.471469235486737845e-02
3.287312892835851652e-02
4.962892080853489873e-02
6.416480108783553793e-02
5.097024121034342270e-02
3.102771759478042957e-02
2.085883656807556788e-02
1.238457426273115863e-02
7.638692462983675581e-03
8.731526442220680084e-03
1.216970654926437939e-02
1.095816020995547292e-02
1.374915687493507427e-02
1.527727881767907379e-02
1.130249059178255536e-02
1.184361522556680313e-02
1.456934320859086009e-02
2.480598691047296647e-02
3.415023239993836279e-02
3.909981463434434451e-02
4.977984976267181561e-02
4.949804233950134968e-02
5.407519118090663851e-02
4.813755582058781846e-02
4.862718813583135485e-02
4.227706385561815633e-02
3.367029622444574904e-02
2.596912752369560928e-02
2.050567662483947229e-02
1.075464726962993209e-02
1.475757369072177791e-02
2.393807940614497975e-02
2.971353438911531267e-02
2.940798283776085292e-02
2.909384974931605167e-02
3.274460118809319892e-02
4.698128675598983034e-02
6.355836055515327876e-02
4.949011702128166407e-02
3.223207372569649592e-02
3.106053401400466971e-02
3.911113956853609630e-02
4.372465022468304680e-02
5.342191886558173702e-02
6.450841941480815744e-02
8.364700555308010599e-02
9.039120058131457081e-02
1.051254316124212579e-01
1.295263115626561490e-01
1.823805738329452586e-01
2.331336393119664285e-01
3.013010970043806247e-01
3.772967895244872527e-01
5.077864698240368568e-01
5.865873663234552060e-01
6.390615421606586910e-01
5.604769666184371557e-01
4.338395667565781433e-01
3.083998142059837799e-01
2.140312892113332699e-01
1.462109541636595067e-01
9.473096400522934557e-02
7.535572861705953918e-02
5.757093597189096718e-02
5.113464116323355318e-02
4.980238232558629324e-02
4.886476050336134580e-02
4.739115177065953560e-02
4.745247555243658349e-02
4.770683942506138975e-02
4.783185042413984345e-02
4.793572542232686640e-02
4.801846587811988559e-02
4.808704195724693847e-02
4.812659260536048672e-02
