3.727947624453052666e-02
3.732013178837717549e-02
3.764126350010882360e-02
4.123239991860668668e-02
5.353410270801452903e-02
7.408848760241452946e-02
9.660428266061309166e-02
8.497688010384497892e-02
8.205264562423290886e-02
6.688388516911543402e-02
5.830454652198458626e-02
5.294338477542867571e-02
4.790090063147536825e-02
4.440000231371545730e-02
4.755941099831447610e-02
4.591660158538028724e-02
4.849385626045755321e-02
3.915813594519287205e-02
4.460769049567576278e-02
4.473706238928060880e-02
4.130484117322217458e-02
4.549086660029525581e-02
4.192812554919436024e-02
4.146833048651595716e-02
4.522447385249044050e-02
4.002454456590613663e-02
4.295868585537742507e-02
4.401132749361859331e-02
4.124361043031742058e-02
4.322103354779864570e-02
4.388127209322172789e-02
4.208089552119132631e-02
4.197899914586100678e-02
4.346108092757580005e-02
4.761758718581447086e-02
4.755897892934755899e-02
4.997105375830818152e-02
5.091069049597216067e-02
4.672570567404033676e-02
5.129932286735687519e-02
4.818357194537305210e-02
5.284065965658228670e-02
5.579818491492272853e-02
5.387781169552555843e-02
5.834622313518379733e-02
5.235014190110835047e-02
5.052856589637718526e-02
4.777217475740282854e-02
5.343601189937251250e-02
6.480314323172352287e-02
7.727823725677034072e-02
1.039844585937409610e-01
1.255112553234566108e-01
1.562873524091259736e-01
2.969348036596198837e-01
3.346935928432591689e-01
3.793657526960395043e-01
4.429745507572716567e-01
4.705016311420852637e-01
5.214978733386891330e-01
5.360020486346812607e-01
3.649287870387429855e-01
3.208923840653032933e-01
4.596800535820178002e-01
5.704380604322998316e-01
7.095017808570169837e-01
5.761068934391713192e-01
5.578769054432646257e-01
5.444159587366179665e-01
7.873050312305336362e-01
9.941966112568535463e-01
1.092902351070315081e+00
1.087596071087186145e+00
1.734166326143012915e+00
2.258622809998736880e+00
3.060595144255934930e+00
2.921475597226059318e+00
3.024074392663973043e+00
2.794102997581455750e+00
2.794674892352601248e+00
2.615069973825758787e+00
2.399445376141115638e+00
2.444296981915146549e+00
2.699596486161961462e+00
2.549135647246298042e+00
2.500142382091191884e+00
2.521633995378538273e+00
2.317266978048437842e+00
2.323067684194606741e+00
2.394807930660574513e+00
3.028573580910641105e+00
2.959018637475291591e+00
2.628161311685899726e+00
1.944398787772894766e+00
2.039304184543961451e+00
1.759959099230144597e+00
1.874232714039738346e+00
2.064018298983536948e+00
2.148641173696653084e+00
2.424200208837262061e+00
1.987624813410075797e+00
1.667688523913184451e+00
1.611212081752863678e+00
1.864200560239983595e+00
2.080073453881473355e+00
2.020579915331222054e+00
1.784793746748165155e+00
1.111236066735852956e+00
1.396486408093322140e+00
1.928824655215654937e+00
2.851402280931452093e+00
5.061007797425761900e+00
7.187685412903702442e+00
7.912734418595475105e+00
8.716483930037620453e+00
8.158025990041219089e+00
9.185411938169554702e+00
8.000395412197287115e+00
6.767351069185020052e+00
4.495411268773384705e+00
3.230010580375004547e+00
2.110985706798757633e+00
2.496382557010139447e+00
4.352225325703031444e+00
4.768122419968005232e+00
4.416645438885420383e+00
4.883965930014440460e+00
7.130542815463516426e+00
9.944940445080035829e+00
1.293257996498009099e+01
1.180125918386517370e+01
1.231089712338113884e+01
9.295142149030613865e+00
1.001813419926072868e+01
7.639383214417232892e+00
6.256138203594811209e+00
5.571957773749005582e+00
4.543491223929448708e+00
4.072843727191982843e+00
4.282449945188781193e+00
4.296505988935468423e+00
2.813151524084275490e+00
2.287354131900657173e+00
1.945453485987387543e+00
2.006682595817475878e+00
2.398140961382423608e+00
2.922915992578619893e+00
2.568639901434677242e+00
2.533073794071749152e+00
2.309560989901699557e+00
2.711866957287158986e+00
3.518708419248729680e+00
3.940293937753424292e+00
3.729828110359400206e+00
7.477167577202118665e+00
5.806649702967844995e+00
7.564958750888811423e+00
6.797019824113472275e+00
6.775077619595846201e+00
6.135244503821743578e+00
5.410248981304794036e+00
6.387258767830522821e+00
4.239253948870555178e+00
5.456042985592702621e+00
5.437488535750475194e+00
3.133309238577164368e+00
3.046468919203659809e+00
2.870518518970994304e+00
3.756110743054517087e+00
3.037925102899606156e+00
4.593140298930328491e+00
4.525577786206699038e+00
3.228692795216342226e+00
4.189603466325452885e+00
4.080201335394305850e+00
4.123037915928931874e+00
4.232433970835558057e+00
4.587618000352825298e+00
5.019987920705335505e+00
5.941994974723860068e+00
5.747326049541572779e+00
4.806886319086993709e+00
5.382007376012883704e+00
6.196101147566123402e+00
6.602538799523703261e+00
8.640965663977000943e+00
1.273164599492170801e+01
1.075123679066138394e+01
1.315527163796600441e+01
1.870524762061154789e+01
1.511364965671121219e+01
1.780983301774120520e+01
1.717657548705664183e+01
1.566675836741385019e+01
1.451025513086817575e+01
1.235702507570032616e+01
1.692806485805771644e+01
1.039976718882428663e+01
5.974949674369109509e+00
4.074208329666439532e+00
4.527996998783414107e+00
7.792211113541671175e+00
1.620352549920853491e+01
1.613482070219074416e+01
1.326657217710313930e+01
2.592776822980141915e+01
2.046609728004175821e+01
3.944336069419127000e+01
3.747980970684663760e+01
2.840082698564475905e+01
3.628844239645312086e+01
3.695306363170926289e+01
5.378717631335365468e+01
6.730423729256762044e+01
5.938635909021321169e+01
5.891017378556240658e+01
6.963912170515574473e+01
5.595531777398421980e+01
6.177064172139691323e+01
5.978220397195612179e+01
4.660845354539196705e+01
4.550216787536798790e+01
4.386087081798071097e+01
7.735510257282398072e+01
7.298337445087246067e+01
5.987268527983588484e+01
5.030378556974542903e+01
3.955291679841590025e+01
3.852231876485290485e+01
3.175523619720687307e+01
2.377560326752417552e+01
2.407124411238955730e+01
3.064258916517697173e+01
2.794762907389146633e+01
4.864925457479638737e+01
5.330837557920874303e+01
6.469898128131380588e+01
8.221906419210499450e+01
9.840378685205182308e+01
1.292567042578874634e+02
1.239390419288578755e+02
1.575466615127371597e+02
1.522904906950545865e+02
1.528445238050306330e+02
1.338375065507026136e+02
1.056134218188338139e+02
8.561596004695626050e+01
5.714944212588479644e+01
6.693352370751166802e+01
7.973549534243673520e+01
8.700720348079799749e+01
9.500915898474545429e+01
1.138286826799522373e+02
9.796066277661233812e+01
1.121339255114473872e+02
9.732871336434970999e+01
7.911622971461282816e+01
8.237923264565364434e+01
6.554843172112069283e+01
5.137803859174426435e+01
5.571465562827744833e+01
5.795005220846616822e+01
8.450399381985003799e+01
9.118503956180427394e+01
1.239628598076693038e+02
1.040098505879072235e+02
9.462964910151580966e+01
1.462322940435844316e+02
2.319669814893605633e+02
2.341827415689866143e+02
2.042447932315109824e+02
2.273250493677795134e+02
2.153222662003813070e+02
2.510597721598717555e+02
3.764205808195836198e+02
3.847348653771119302e+02
3.800464839518997451e+02
3.875020292754379057e+02
3.634729166749361866e+02
3.249779739538843728e+02
2.471185179734115422e+02
1.775235673637609466e+02
1.109943533897596950e+02
1.089047366141087707e+02
1.294130251937862397e+02
1.721501964157951932e+02
2.334471106679230559e+02
3.356675893572977998e+02
4.950002357285582093e+02
5.892737628072430880e+02
6.578923875314436600e+02
6.284158908902018084e+02
8.233046287607608065e+02
6.095429980343689067e+02
5.958969598157684686e+02
6.492654856621329600e+02
6.767003239545929318e+02
7.943700773744493517e+02
8.222667335526138004e+02
8.273358018240223828e+02
1.029158820210341901e+03
8.981637144267165240e+02
1.024190357564471469e+03
7.978845521185037342e+02
6.551322437225387603e+02
5.304366911165274132e+02
4.529206201159576040e+02
3.847190209031865038e+02
3.552437141966064473e+02
4.228201551402828500e+02
4.680925110563321141e+02
5.411889055643665642e+02
5.688491157392576270e+02
5.843949619291662430e+02
6.089697206347739211e+02
6.274739460731459531e+02
5.692668371302167998e+02
5.477280932449752981e+02
4.946677915969985975e+02
4.441942289548902068e+02
2.968961607955027944e+02
2.841747182129257112e+02
1.797886456470556595e+02
1.498638270850022138e+02
1.577716709426677824e+02
1.325201591747130863e+02
1.376845034007233437e+02
1.398643769274689816e+02
1.753677409249877996e+02
2.508570180470650826e+02
3.216390462761999061e+02
3.168600512796173803e+02
3.356240160760468711e+02
3.394764081896450989e+02
2.671417360142784219e+02
2.895497051722932724e+02
2.741098398394483411e+02
2.726167637516674631e+02
3.344095589194928380e+02
3.385377225225489610e+02
4.170386542262419880e+02
3.397529553959751070e+02
3.093107163491471852e+02
2.650328980868919189e+02
2.554348312558082341e+02
3.228007956334627693e+02
3.517168955959929804e+02
3.928311949842944273e+02
3.902008497710812094e+02
3.079209039000689359e+02
2.035278134281209077e+02
1.590826353471326229e+02
1.319445209247527089e+02
1.405392440876052547e+02
1.392508886475615100e+02
1.669848825622339916e+02
2.019124076504377570e+02
1.916785290813325560e+02
1.748932830556330771e+02
1.450665367944202728e+02
1.223738216323543924e+02
1.255803133352911800e+02
1.058107062159489828e+02
1.085226311642134505e+02
1.355221304120943273e+02
1.161607065492948436e+02
1.601764566135144605e+02
1.373262351051828887e+02
1.364534152556675792e+02
1.346959809092276430e+02
1.404803898543444234e+02
1.270765778968561079e+02
1.422010003746794666e+02
9.707375323138539613e+01
9.557070130510165029e+01
8.619715502136071450e+01
7.112365085754525751e+01
6.781092361175826966e+01
7.828602990271602380e+01
6.826149314033769144e+01
7.277520625084419237e+01
7.276488752646396563e+01
6.864071689977231472e+01
6.672414786394587338e+01
5.217813506176827332e+01
5.883980846197732717e+01
4.614384040375852436e+01
5.985858160007076378e+01
5.294326682880934953e+01
5.988327279184225205e+01
6.301869191250429481e+01
7.788872999794455154e+01
6.524512499832901824e+01
7.330382365393415967e+01
5.883417572381941341e+01
6.543069065645585169e+01
4.283840302832293645e+01
4.475528124478279324e+01
3.114183749623249398e+01
2.569260320552545096e+01
2.145710077772439206e+01
1.876643602890055718e+01
1.749471419753250956e+01
2.331154058887903702e+01
2.709646750119942027e+01
2.266975989553618831e+01
2.835514112523215502e+01
1.875430145833054851e+01
1.814056892776105556e+01
1.369955314160957016e+01
9.321867056520510175e+00
9.806085503758296795e+00
1.225848718736255627e+01
1.774925754059558258e+01
2.098747166781558349e+01
2.545777498654454618e+01
2.652985671325020789e+01
2.113569624482957110e+01
2.055629505267765467e+01
1.957510158744710438e+01
1.672621969901568661e+01
1.600208421136687775e+01
1.496518439571974568e+01
1.116386052299913167e+01
8.300134809718713313e+00
6.863930653063045284e+00
6.268740301586863239e+00
6.792209871382126174e+00
4.949654099483510983e+00
5.767958459364121993e+00
4.256087551508960232e+00
3.501014209276427369e+00
2.719732252778172210e+00
2.064665508847593589e+00
1.687436533544371509e+00
1.560566320544376939e+00
1.164152385937653689e+00
1.141953123079099353e+00
9.724322216720305834e-01
8.347770243720110672e-01
6.445751094410244741e-01
5.456185003586356830e-01
3.738715101389192275e-01
3.893286954396719679e-01
3.698542611571967176e-01
3.976315218774224003e-01
3.714624828440343807e-01
3.154214059906078615e-01
2.874177578874160810e-01
2.341507991358345586e-01
2.250710791437491587e-01
1.840107875813005167e-01
1.819133928716067106e-01
1.497925078300966772e-01
1.711072090410600544e-01
1.498967382818125194e-01
1.553276427613786148e-01
1.429130805655682568e-01
1.448763685216861719e-01
1.424352007082050064e-01
1.394750225285591172e-01
1.403142308664184768e-01
1.404364158558736586e-01
1.406544098248708463e-01
1.403519086476884836e-01
1.398356922602475849e-01
1.403184689096996507e-01
1.403672570730621627e-01
1.400470338397246384e-01
1.396659295796525146e-01
1.390656087808713470e-01
1.385389845654422525e-01
1.380737976244162113e-01
1.376313208104874009e-01
1.371156747061968439e-01
1.366828785461573215e-01
1.360885551432755580e-01
1.355947227415019440e-01
1.350353775560377279e-01
1.346222475699588861e-01
1.341803999999337804e-01
1.337848339849174450e-01
1.333474091413764662e-01
1.329483359408823451e-01
1.325471136919953163e-01
1.321855742165471970e-01
1.318274641875399611e-01
1.314943410554967884e-01
1.311573714942446678e-01
1.308369117563165651e-01
1.305250455897469797e-01
1.302320875263240640e-01
1.299533174555686788e-01
1.296889971730859625e-01
1.294369669881054452e-01
1.291963147480073570e-01
1.289700890653495136e-01
1.287577727934110239e-01
1.285598169545112690e-01
1.283756715763920697e-01
1.282051759681006875e-01
1.280480445192785921e-01
1.279046986521313323e-01
1.277750171968733695e-01
1.276591283217589079e-01
1.275569177107343244e-01
1.274683498708771012e-01
1.273934216711563594e-01
1.273321301502219616e-01
1.272844692845692405e-01
1.272504314786027102e-01
1.272300108565836696e-01
