9.518561948617608980e-04
1.023348255259774785e-03
1.415600698127112041e-03
3.595158351132238077e-03
1.413814092928278136e-02
3.748842531657771426e-02
4.784082228299241235e-02
3.749032761970570726e-02
2.680426937710436719e-02
1.924114439319244557e-02
1.453648983232195407e-02
1.102253540919774684e-02
8.548564136538396724e-03
7.001482497239593962e-03
5.873039070522798576e-03
4.843112179315081992e-03
3.989538834388100218e-03
3.671530022728951206e-03
3.247007082633988732e-03
2.813087902697242616e-03
2.627809627760124313e-03
2.640273369206238337e-03
2.425227049984751432e-03
2.683270555305428129e-03
2.597902564340274622e-03
2.683599611057491986e-03
2.661558775394479593e-03
2.881859687110750311e-03
3.488165619442587604e-03
4.443195797143590330e-03
5.437322814964473151e-03
7.054321700206843578e-03
9.049674926621899609e-03
9.259405334506178031e-03
9.648095087872602185e-03
8.549455050322183128e-03
1.177162425974085519e-02
1.249391643484808016e-02
1.521251142117680498e-02
1.235795100543421628e-02
1.130269209911769109e-02
1.237838838235621151e-02
1.515253762440815430e-02
2.338700895416819664e-02
2.951330308057719884e-02
3.659564617114258178e-02
3.982184894245100609e-02
3.571157101397329225e-02
2.896071007378822962e-02
1.572514571463461130e-02
2.757500746511279063e-02
4.922932676001983560e-02
3.630370302118832160e-02
2.056421817085777801e-02
5.106838117510804909e-02
9.041513909098672364e-02
8.180327777735571515e-02
6.111357951227228830e-02
2.703478512463526606e-02
1.823441549809679332e-02
4.333357284832608375e-02
1.174231690276636014e-01
1.100386375491092805e-01
1.026256226046984577e-01
1.355332633251263297e-01
1.587638388887469276e-01
1.241873253676468447e-01
1.639298849965827587e-01
2.352827975074758271e-01
2.829862163484325732e-01
2.774004421044938828e-01
3.142135493936918378e-01
3.339692427826260746e-01
2.197117132416236407e-01
7.607904654511003784e-02
4.859636056512841445e-02
7.406134892565341410e-02
1.630542420535414094e-01
1.835361294825545164e-01
2.257020512798300071e-01
2.528993860109911007e-01
3.975715014512602452e-01
4.313935227829351904e-01
5.349262042664001404e-01
7.481120033342115727e-01
1.065017732649010673e+00
1.093902758385062901e+00
1.004371281741204935e+00
5.871937170656978955e-01
3.196969966496309712e-01
1.349473751912555475e-01
1.837046018498251221e-01
3.786095893607172025e-01
4.934681730624349560e-01
4.746028972303856786e-01
3.194940068625309326e-01
2.104107414044782132e-01
2.096610983401065442e-01
2.775319401336766578e-01
3.488619710627963166e-01
3.865076768530653628e-01
3.196988104783132223e-01
2.426201795780407178e-01
1.608819134853712307e-01
9.945849741864996874e-02
4.489673274041537654e-02
2.999632689543729400e-02
1.527451657289036896e-02
1.709817091658547700e-02
1.564274140584989009e-02
1.936131602326203460e-02
1.604025430680345102e-02
1.633709462723204400e-02
9.111972962837165332e-03
7.912942176634562078e-03
5.621988667684808989e-03
3.576982537109412320e-03
2.668195709730884248e-03
2.565630333987054760e-03
2.545473450646660533e-03
2.189979308938629337e-03
1.766610499638692237e-03
1.469604853687975568e-03
1.508904624020546321e-03
1.652897830751446978e-03
1.921308996679657035e-03
2.197542081960499397e-03
2.174417029454167941e-03
2.487982852743131443e-03
2.235710779295684101e-03
2.574915430441125121e-03
2.681495338755278922e-03
2.495040098400821797e-03
2.281122419412289631e-03
1.824043502444175693e-03
1.318921988019611680e-03
1.262540596580467031e-03
1.382898338483824763e-03
1.866936177040647796e-03
1.889106037814951679e-03
2.452132887961363823e-03
2.032977097534211658e-03
1.834693416350906313e-03
1.813861732535810168e-03
1.752315025958217512e-03
1.666142029265969002e-03
1.910201942451953544e-03
1.649225288655979801e-03
1.517377689610152928e-03
1.167240941371054403e-03
1.119183796265173962e-03
8.971733863095099045e-04
7.798865042412497003e-04
8.243168351153329658e-04
7.231030425284874644e-04
6.940624701490977775e-04
6.949911689269421509e-04
6.496330711365023340e-04
6.584878677729329643e-04
6.339081749613421565e-04
6.849983885796793147e-04
7.180361989715130068e-04
6.736251736255377369e-04
6.806143952745967582e-04
6.966684889420041854e-04
6.691033766299426134e-04
7.041951022194671735e-04
7.676495171908452944e-04
7.544554548428840726e-04
8.357590051991421612e-04
7.125358451523956934e-04
7.371377334119675641e-04
9.025514408145912356e-04
7.527182834470429488e-04
8.023126822682397465e-04
9.489626208796770159e-04
9.119111272877430127e-04
9.235584913199777540e-04
8.285671848149838434e-04
7.493519408107116595e-04
8.005394102481753430e-04
7.099132012652824937e-04
6.924541409686130926e-04
6.483776321584938489e-04
7.223188859476354631e-04
7.258372182022358038e-04
6.994654353372312420e-04
6.867693498002611823e-04
6.239936418225206817e-04
6.277133137450207527e-04
6.172076844352208892e-04
6.135642283656250577e-04
5.890060513000914448e-04
5.813690639057570797e-04
5.910417581198196832e-04
5.573893777106209580e-04
5.961148821155259339e-04
6.185516660168506728e-04
6.424955498074132274e-04
6.389156134547529153e-04
6.049664486496250139e-04
6.845386322027266360e-04
6.255720153593875019e-04
7.078823485382762125e-04
6.952208096828241257e-04
7.646644332641701694e-04
7.478215565479824720e-04
6.694655794957690264e-04
6.061635397288354671e-04
6.862881724434700525e-04
6.460354393841863602e-04
6.242631311028029942e-04
6.604531219679761651e-04
6.514710024314256500e-04
6.586480693936082233e-04
6.067335889859977027e-04
6.641203835931440425e-04
7.151334200472543156e-04
6.354742029128792290e-04
6.638241044490745309e-04
7.170313015013919135e-04
1.422425855176621306e-03
7.732917349156051036e-04
5.976269109290789942e-04
5.665327236670403711e-04
5.524088988796505093e-04
5.619605549719425535e-04
5.533212363042570425e-04
5.820883803110428857e-04
6.020530779235302218e-04
6.173002345296217316e-04
7.027818274059423505e-04
8.803809408584539146e-04
8.416652684598915912e-04
9.337966176269907586e-04
1.002607764495818841e-03
1.093748059102069015e-03
1.209089956319822808e-03
1.196306325267327240e-03
1.140607538121876348e-03
1.224458797110857672e-03
1.249977018687463241e-03
1.525447829831927870e-03
9.408338315663490603e-04
9.635002689553275740e-04
8.875466324911925747e-04
9.615448731610168462e-04
8.566784762343167790e-04
8.216520119099737394e-04
1.069870237190819395e-03
9.012369141971791420e-04
1.056192960884510049e-03
1.014288223798620169e-03
1.139835958640674288e-03
1.273006942809329876e-03
1.023743349467791212e-03
1.001103511840091510e-03
8.848671409709676569e-04
8.531192547344942966e-04
7.941306069660295083e-04
8.171035605460294201e-04
7.560478916438702086e-04
7.591517447313123274e-04
6.471508761461124571e-04
6.034134053404064399e-04
6.678065216957247696e-04
5.832691310649459806e-04
6.049603766548418459e-04
5.842088028216597517e-04
6.032115898018528466e-04
6.127078247501381797e-04
6.141272451122896337e-04
6.043960318754587526e-04
6.202386573681077089e-04
6.330431171684818567e-04
6.616785585360398635e-04
7.193720837311579899e-04
7.265443919860298727e-04
6.631922563731676521e-04
7.104949796765589430e-04
6.330172878163135754e-04
5.687413694481350569e-04
5.772098291155345522e-04
5.818808929366406498e-04
6.006340607748063666e-04
5.905876435146670657e-04
5.793329666547148262e-04
6.149480345083031515e-04
6.335204234245347390e-04
6.587843947611970790e-04
6.720685849269437441e-04
6.654019391476830502e-04
6.266186227496879819e-04
6.275012799885172155e-04
6.951125835411858670e-04
8.201710230825544953e-04
1.009627503018759812e-03
1.180045925133509956e-03
1.323828814100303213e-03
1.558013358459878553e-03
1.596041565808615755e-03
1.776672399211252354e-03
1.716093557351118081e-03
1.846432786967305839e-03
1.886483196475886122e-03
1.595613194599076936e-03
1.574043635978666228e-03
1.876220314199078705e-03
1.589008433833944724e-03
1.416932661394915702e-03
1.657060526590691755e-03
1.771414207446175273e-03
1.739062246655713852e-03
2.263445376485893456e-03
2.467510207382754648e-03
3.383843464249056826e-03
2.867010748321789215e-03
2.647779120817412343e-03
2.480342043558099799e-03
2.276728973803331807e-03
1.986860336034206118e-03
1.957686050737201047e-03
1.326834687209302093e-03
1.151012862268703356e-03
1.120590351028347316e-03
9.627833380414434032e-04
1.138630596422349943e-03
1.066023805436180569e-03
1.022107982095095966e-03
1.048212893584379423e-03
1.167784586928449905e-03
1.034291613453743866e-03
1.162881797728354885e-03
1.157277451100527550e-03
1.428732390974162816e-03
1.488392415934885766e-03
1.696463291204567672e-03
1.726806399319495222e-03
1.544456046077529419e-03
1.408566234773952651e-03
1.519916677558774557e-03
1.112401816290989722e-03
1.044003692926007750e-03
1.133879528500240062e-03
1.192351809757820173e-03
1.314360177993814010e-03
1.800843849530373237e-03
2.206468984158863403e-03
2.485423193172417791e-03
2.677220319866108547e-03
3.334451558944095430e-03
7.610559060281516137e-03
8.572367343437692355e-03
3.314527651350583116e-03
3.242237927518681461e-03
2.850236115860403652e-03
2.663962538727455195e-03
2.696905114476183182e-03
3.539888383849231195e-03
7.476660063609741162e-03
3.281073923290024966e-03
2.813803576043470873e-03
3.417409876098905820e-03
3.829987527320987632e-03
4.131138291209678244e-03
4.640353415184295637e-03
4.265033464229689951e-03
4.655104278663405905e-03
4.434979875400271720e-03
4.465152243502624324e-03
3.824052959457924228e-03
4.614351434492519263e-03
6.154372171787179935e-03
6.718133272547318312e-03
7.426570818056582070e-03
8.024255616476273778e-03
8.855231051905398248e-03
8.798103599143840270e-03
1.146336460478344400e-02
1.016339908330021226e-02
9.285917076705283921e-03
6.690114180156736361e-03
7.041396260504926771e-03
6.542516124043971232e-03
7.833882426853002942e-03
6.603820197271671050e-03
8.742757378992957115e-03
6.683434047422793373e-03
6.630448958453043218e-03
7.197709032443629432e-03
6.894577423125111161e-03
6.319807812931382135e-03
5.176535656719010239e-03
4.426162008715891702e-03
5.195891318500754641e-03
4.339016124731504866e-03
3.240923291524162603e-03
3.452880253711732364e-03
2.496011882572798067e-03
3.667518694461552320e-03
2.893320090250371852e-03
2.346122628017605332e-03
2.280407669145649401e-03
2.780008872663496632e-03
2.691986565713838132e-03
3.195064047078744179e-03
3.176114383395052532e-03
4.128739848454239351e-03
4.023409565487434149e-03
5.030718006896191079e-03
4.519985288907873988e-03
4.346751018991995737e-03
3.358098530096801856e-03
3.054161764955013077e-03
2.583658645015825869e-03
2.134685769394262592e-03
1.427465612392592956e-03
1.672404823219081176e-03
2.298008011902110629e-03
2.825067049987284827e-03
2.432566892545695060e-03
2.490363682145877756e-03
2.703885463977011381e-03
2.407460954940235983e-03
2.454135775124610848e-03
1.560021765048364263e-03
1.639404212524317927e-03
1.205336722931624497e-03
1.101532434614074232e-03
1.014420304568806625e-03
7.929849372041980872e-04
5.456020569441247204e-04
3.745235066708818778e-04
3.555375858421575084e-04
3.346317779044378072e-04
3.014754483441260354e-04
2.853708250339956711e-04
2.954920981613651677e-04
2.660092238235044291e-04
3.175332770701569081e-04
3.464483804249194991e-04
3.521325287883426036e-04
3.229176354932120204e-04
2.727428596208418196e-04
2.270421740849312296e-04
1.842273902392896367e-04
1.411220410465166173e-04
1.097271609963025270e-04
8.765176231285587048e-05
7.815869861796391385e-05
6.414075502563006278e-05
5.669417575922888346e-05
5.127293211960339252e-05
4.780441615850506841e-05
4.380205860123576012e-05
4.138086590021947391e-05
4.025083422293033433e-05
3.823053410812576045e-05
3.747773505403781305e-05
3.624793609961236970e-05
3.516129005724636015e-05
3.416425503265231822e-05
3.337517391230330517e-05
3.310360582387222687e-05
3.238725863009790174e-05
3.223892567409673322e-05
3.179220773659604225e-05
3.154293425343497392e-05
3.126070791738633448e-05
3.094605078048707255e-05
3.072956327713775908e-05
3.044722141936279642e-05
3.021255185099427167e-05
2.997005640006069395e-05
2.979420432099577417e-05
2.960887435916562143e-05
2.943547312226463784e-05
2.926313214077524812e-05
2.910427823333135112e-05
2.896174092790934065e-05
2.882439319623097994e-05
2.869809822600877342e-05
2.857538399066483339e-05
2.845639649389041699e-05
2.834385743116519521e-05
2.823833893968297391e-05
2.813952814219825856e-05
2.804670066883814398e-05
2.795832275344332804e-05
2.787413953497705263e-05
2.779445466709982919e-05
2.771924791432032884e-05
2.764869445936983533e-05
2.758262775640978975e-05
2.752055522462955870e-05
2.746239254870373311e-05
2.740797291309197200e-05
2.735733626853593771e-05
2.731035808588157555e-05
2.726697879573067713e-05
2.722708236520990328e-05
2.719062337257201220e-05
2.715751732370509804e-05
2.712772800510736582e-05
2.710119990196233720e-05
2.707789136477257620e-05
2.705776407209661730e-05
2.704078549265065157e-05
2.702693007405168848e-05
2.701617599445203750e-05
2.700850644936841427e-05
2.700390946893425697e-05
