1.162183259926474310e+00
1.279614921001416050e+00
1.173708582681682211e+00
1.114331313895975617e+00
1.052477872033737105e+00
9.409926094348728398e-01
8.273146211326742883e-01
6.856947225113444455e-01
5.096405477884745627e-01
3.693828639147218040e-01
2.663939819447995183e-01
1.901830478657627888e-01
1.292537128770517019e-01
9.043359183142951618e-02
6.630023381095084822e-02
4.744379935718875951e-02
3.630633092386607863e-02
2.873535542006842858e-02
2.259806473619654227e-02
1.731720581544510598e-02
1.462281137035458325e-02
1.210114238928915523e-02
1.057362375900511818e-02
1.070517648916255102e-02
9.961123039848670049e-03
9.341080503587199588e-03
8.774031178600700046e-03
8.645142073330449109e-03
1.009403817877185111e-02
1.221239516166009072e-02
1.512942165530082629e-02
1.954857978530540052e-02
2.353142336437174381e-02
2.334288830182319405e-02
2.299615645295258193e-02
2.071112221184509550e-02
2.343897489944455487e-02
2.684212905702750701e-02
2.842071861125277862e-02
2.267711104039134631e-02
1.880654464101471496e-02
1.953402868521082053e-02
2.483438387100432229e-02
3.447847647545775052e-02
4.305498104543125509e-02
5.250137952723244600e-02
5.263371320814468762e-02
4.697033277187058486e-02
3.421612328162774996e-02
1.958792985790193744e-02
3.132995331787971627e-02
5.425100028489473342e-02
3.876007218877686178e-02
2.148121201883134226e-02
5.126948539807541644e-02
8.690621280884662514e-02
7.825420254138247544e-02
5.170148075098891793e-02
2.287047750498097387e-02
1.168285055020630570e-02
3.624797317292224874e-02
8.889254105045478471e-02
9.288234264457870260e-02
8.216617605208380304e-02
1.010896517149540291e-01
1.107811442901491805e-01
9.236827151014867510e-02
1.112424176431525830e-01
1.563080672707862495e-01
1.825597660897074481e-01
1.780274602166992126e-01
1.940455348799134949e-01
1.920638546757566789e-01
1.207381497184403518e-01
4.193938877699535106e-02
1.802595979931304743e-02
3.667446687479657130e-02
7.453506084945012156e-02
9.054681640725041614e-02
1.040378157852626106e-01
1.269683133362023153e-01
1.711079969527579403e-01
2.004179408230959969e-01
2.496455453426523474e-01
3.460010070581297503e-01
4.620665567527861839e-01
4.681127748133334099e-01
3.899550836218570460e-01
2.399777487112726149e-01
1.174656290966892558e-01
4.335085576928621870e-02
6.394556247955184014e-02
1.340696220459084709e-01
1.804387652604228787e-01
1.665728351572647870e-01
1.102373846023088216e-01
6.852551312222975033e-02
6.597501885578167802e-02
8.896062483831085332e-02
1.110567721594973717e-01
1.191337329068579143e-01
9.854325729607481266e-02
7.131817591940362022e-02
4.781446282197674563e-02
2.592738292839989397e-02
1.221158883911023681e-02
6.390638532394641962e-03
3.092220297430308372e-03
3.229298367471347860e-03
3.870628378516161212e-03
4.253490529518147607e-03
4.041920651852337794e-03
3.417165287471142163e-03
2.051778575619498876e-03
1.531167919513614717e-03
9.673374523100002976e-04
5.549809999256244538e-04
3.191533926371245534e-04
3.071848518484215592e-04
3.471072777093696968e-04
2.866639117684411731e-04
1.901420095667501935e-04
1.322073358245750066e-04
1.344888721285278062e-04
1.869037077625906504e-04
2.387336721295553335e-04
3.027759340869784206e-04
3.222701187866898920e-04
3.339551905648300125e-04
3.435727341369759790e-04
3.961066937239682631e-04
4.164968631012710412e-04
3.934424823110308812e-04
3.370203514939291729e-04
2.345523249632403852e-04
1.543258121681909329e-04
1.329990860864532515e-04
1.709226252037328070e-04
2.400384143423911075e-04
2.783543228786520629e-04
3.261216504013440733e-04
2.937100586925767099e-04
2.553072688911515596e-04
2.308985316723861816e-04
2.379247069174679030e-04
2.321476341342098085e-04
2.383630123602077005e-04
2.182610052595679306e-04
1.719501222229363399e-04
1.337850704196608597e-04
1.199325792783311167e-04
9.201283689764021766e-05
8.279081717470198199e-05
8.010955184243237471e-05
7.186679704020718313e-05
6.510621787199634652e-05
6.122936340286921789e-05
6.190280427876036296e-05
5.831100480018712825e-05
5.898630197822304737e-05
6.193934904004059496e-05
6.356269980383731394e-05
6.143902690278443585e-05
6.365121033019175778e-05
6.535169274967071588e-05
6.047561696331305215e-05
6.249512790607980161e-05
6.945756689245819685e-05
7.149974634805162667e-05
7.309931233913525412e-05
6.930049258052940211e-05
7.045590151263231554e-05
7.486815911972904600e-05
6.851795869455598706e-05
6.644265565925132333e-05
8.040290888070399512e-05
8.536012857446247408e-05
8.594900780143881615e-05
7.477815051748196347e-05
6.149625083483461498e-05
6.532235815939109740e-05
6.097142244502584251e-05
5.589757883089223784e-05
5.557767794647952661e-05
5.827130757598815523e-05
5.759234851962781015e-05
5.074284095469566041e-05
4.883004222869413876e-05
4.725433573422209909e-05
4.411673107383631815e-05
4.401114045898934498e-05
4.489890711950734033e-05
4.156840251512822204e-05
4.208605788589784023e-05
4.247701604174548736e-05
4.128374198354299080e-05
4.236278614436373043e-05
4.280897768986613298e-05
4.429454765271958718e-05
4.339908861964849392e-05
4.293719620208519023e-05
4.615369681586544229e-05
4.524427996038322053e-05
4.911481966007647014e-05
5.026890986153671314e-05
5.011769359867008383e-05
5.099112159103621708e-05
4.724732325030209197e-05
4.098239133927019507e-05
4.466281402492404645e-05
4.227802940348284009e-05
3.905410525755858528e-05
4.229748872106715401e-05
4.265959486651684385e-05
4.281009346841701201e-05
3.943786229887712722e-05
4.261659062133214208e-05
4.156584753727458708e-05
3.793840712550769240e-05
4.021376285594294153e-05
5.018804402017440876e-05
7.865234319426026076e-05
5.478270154028660197e-05
3.630034422636406883e-05
3.256853809853293947e-05
3.175862093717704549e-05
3.121285596561084884e-05
3.256559636619597983e-05
3.292095891152902132e-05
3.257052509218380623e-05
3.396133685849763448e-05
3.921009778888262873e-05
4.666676353064871013e-05
4.964952019210848287e-05
5.531304047623405588e-05
5.706245652167957341e-05
6.704755197635901256e-05
6.990228221746659578e-05
6.887419391199979784e-05
6.806132980583946943e-05
6.884031395399872874e-05
7.429335666619758165e-05
7.525912324908532749e-05
5.565692870963835084e-05
4.782461757550679444e-05
4.556038339559159836e-05
4.735452857392955401e-05
4.447181251013008802e-05
4.596154414112993679e-05
4.989289869383503715e-05
5.101828775571199098e-05
5.469277671532610046e-05
5.576554106847807923e-05
5.877198553231021007e-05
6.163726005330334712e-05
5.343720049462998928e-05
4.805460693486694561e-05
4.477881942103275373e-05
4.100384803860650809e-05
3.678033239508743065e-05
3.659004328601936828e-05
3.684385471751359557e-05
3.467352681000748755e-05
2.806233762242241038e-05
2.640211897604429668e-05
2.659472853192918406e-05
2.434551592915112822e-05
2.517202117307122973e-05
2.613813328343813565e-05
2.552124422090775040e-05
2.454055843925105108e-05
2.518871303958475035e-05
2.589998784014595662e-05
2.565504981836761578e-05
2.581644318474265965e-05
2.640001424425740323e-05
2.950181154543565787e-05
2.989248264373653530e-05
2.749575126449786358e-05
2.702485708801249839e-05
2.559515334317915934e-05
2.224820281357338774e-05
2.245723989279415879e-05
2.257988407807309011e-05
2.242904922513732103e-05
2.223596717676643326e-05
2.123412149522704661e-05
2.321046489382207044e-05
2.431148813991914631e-05
2.468780296708870007e-05
2.495949303424013256e-05
2.464767369911174220e-05
2.458045043413345168e-05
2.486149199260875715e-05
2.757333730138549022e-05
3.198474886230082137e-05
3.974043267414217661e-05
4.580755414129758339e-05
5.242710170410711592e-05
5.781692018598275323e-05
6.086028544709297470e-05
6.526316388489502283e-05
6.601663111616461806e-05
6.922770819854068389e-05
6.869412290122731157e-05
5.823114899134713111e-05
6.096342225080687578e-05
6.305632720897694167e-05
5.549782282710895965e-05
5.325429936648415959e-05
5.632043643134907081e-05
5.692108551617291833e-05
6.350553165081681824e-05
7.931883363114396168e-05
9.031284589363360678e-05
1.093099166035588074e-04
1.022750508667902373e-04
9.562410352915886973e-05
8.828350609843313543e-05
7.646213615597912446e-05
6.804711984346960133e-05
6.217031068394135169e-05
4.416865520328369221e-05
3.853228570105689103e-05
3.569069191404499906e-05
3.066010408852453041e-05
3.172914428772289036e-05
3.268206432173245278e-05
3.283664573388617749e-05
3.174189983045273036e-05
3.400940927276524745e-05
3.331283139662380308e-05
3.438936083842335576e-05
3.836757610060472835e-05
4.594552971523183067e-05
4.822008973569698434e-05
5.321081570532439943e-05
5.110577802311502192e-05
4.656063921525366674e-05
4.362563907283529711e-05
3.989398098522639277e-05
3.240352971683186902e-05
3.036238589148392326e-05
3.163197681614751618e-05
3.315385759345044971e-05
3.696317980014372540e-05
4.866736758564027787e-05
6.069527050581887653e-05
6.907991981740341735e-05
7.761425946382206995e-05
9.891053662027843210e-05
2.377242611034027092e-04
2.386250284530722413e-04
9.402614768300021208e-05
8.494086709328414666e-05
7.804922158610203096e-05
7.408549987323088146e-05
7.713610424863980562e-05
1.108584780995838364e-04
1.736187505418595686e-04
1.112678160592665795e-04
8.048876348102311897e-05
9.119835389935703428e-05
1.076444563030550482e-04
1.145641250087145983e-04
1.231480852665394420e-04
1.215414219676362145e-04
1.227476868290886479e-04
1.226551653055393820e-04
1.147963369906426697e-04
1.043629140346266203e-04
1.226268653749433633e-04
1.550027636722489774e-04
1.812058959540941837e-04
1.937066171526966821e-04
2.061343967054783785e-04
2.289436707811988761e-04
2.434744795958609161e-04
2.786435698652596038e-04
2.693631015260650099e-04
2.312072060998903659e-04
1.837598840093762804e-04
1.669998409519954635e-04
1.633657348977630920e-04
1.791661821278623778e-04
1.866825903373616217e-04
2.019738995396958903e-04
1.747553737823029233e-04
1.643327635869930856e-04
1.735234770115396687e-04
1.746442895353321012e-04
1.516468256393650271e-04
1.239019397207087646e-04
1.106262804271834624e-04
1.148923722266996826e-04
1.027600484754120783e-04
8.078209969604376538e-05
7.290005600101951918e-05
6.886134490059456529e-05
7.760450528605954590e-05
6.803342771979309996e-05
5.556760642551479660e-05
5.054723348815781984e-05
6.246816748360312988e-05
6.651115269445723090e-05
7.122337006030506404e-05
8.041316933972247861e-05
9.347751413707076689e-05
1.083912301440924630e-04
1.228822091936964571e-04
1.167096707376901176e-04
1.129547630044862560e-04
9.558989554302882181e-05
8.295790346357929793e-05
7.325473142455503762e-05
5.784634504001771773e-05
4.108922296920997541e-05
4.980378021030698246e-05
7.590729499308245518e-05
8.880836781920245808e-05
8.791256515216048378e-05
9.695589541420583071e-05
1.074663938031661874e-04
1.125809387415875796e-04
1.045639253387728993e-04
8.419026437918555503e-05
8.022541510109802438e-05
7.070142045680781115e-05
6.889141912961510366e-05
6.626603478914876730e-05
5.910766639769002935e-05
4.425427141937239692e-05
3.232047640398770652e-05
3.399773442204139738e-05
3.821668744610858448e-05
3.955045642041911115e-05
4.336302586572903769e-05
5.192488025899133519e-05
6.271468177154480091e-05
8.380808590650991395e-05
1.230405993607278927e-04
1.582679436039273295e-04
1.672289444233009896e-04
1.647585069042371017e-04
1.676849093111984436e-04
1.557393225969181262e-04
1.335103006017414296e-04
1.166605349524912514e-04
1.082229036205524156e-04
1.061209954926884932e-04
8.748434152698356483e-05
7.529443359675931484e-05
7.075673772624326485e-05
6.711480831233992148e-05
6.013019157138578443e-05
5.828779574140089905e-05
6.592328047683320455e-05
7.262295765968179012e-05
9.733013001437496275e-05
1.159619118761899103e-04
1.255493492984166885e-04
1.308483035784983092e-04
1.385672978475993166e-04
1.571765477042541569e-04
1.734043017234622095e-04
1.835236937299896027e-04
1.740409667217531929e-04
1.615354910144414314e-04
1.441968050787639083e-04
1.260344069787826173e-04
1.142417227274836601e-04
1.038640065429186798e-04
1.032145812220824850e-04
1.155432951324790989e-04
1.147790446811495748e-04
1.055594994044874331e-04
9.372555224665351885e-05
7.846718354578392448e-05
7.120932519484517533e-05
8.477482733678703617e-05
1.112880751199918876e-04
1.353461875641142796e-04
1.539026566607329556e-04
1.912745126643985484e-04
2.537217717230920520e-04
3.117799754017804882e-04
4.189041972551346975e-04
5.206211117637060118e-04
6.341706142034063236e-04
7.225351162008096691e-04
8.747172496304930420e-04
9.545380298454609561e-04
1.040645866817982391e-03
9.272440794511281051e-04
7.260828111898452947e-04
5.371451663842452973e-04
3.828775079279031881e-04
2.689988839011268808e-04
2.070755107411600905e-04
1.636893923143613468e-04
1.458543205219038619e-04
1.355247730436177651e-04
1.331462683454463162e-04
1.324530708918370111e-04
1.328780986340081984e-04
1.339851083264157752e-04
1.349975110112875201e-04
1.361580358517017002e-04
1.370845700018419138e-04
1.378371458174241365e-04
1.383784102434930212e-04
1.387085805681333097e-04
