1.114375870530181373e+03
1.111810708069244100e+02
6.156742292513554204e+00
1.417495365698022480e+00
1.006274518707031662e+00
9.577071360681004286e-01
8.389346548208329590e-01
6.603895590164470253e-01
5.098421502318333243e-01
3.836287087963497489e-01
2.806313313723963754e-01
1.979234146052920307e-01
1.422942242256560463e-01
1.021871953860739590e-01
7.649484117400122407e-02
5.653087740524018884e-02
4.238698985457298174e-02
3.469685970889924143e-02
2.768755968366045511e-02
2.134426021317089445e-02
1.836556658000999473e-02
1.616481642198375202e-02
1.385770559103992328e-02
1.433264648839899930e-02
1.250300954635505390e-02
1.212010216455079725e-02
1.136301040549992335e-02
1.142817580208649667e-02
1.230600402008979501e-02
1.445265964303248454e-02
1.682907778970006707e-02
2.076390416086629567e-02
2.539814291445316105e-02
2.418390901967666651e-02
2.461924049536241138e-02
2.031570820679609937e-02
2.541468352357889246e-02
2.560554264320128587e-02
2.988581472812223971e-02
2.273828011610582248e-02
1.990306902316885118e-02
2.110937269928814947e-02
2.444163007557565576e-02
3.487396603771952819e-02
4.197280377982531147e-02
5.084987020915884143e-02
5.191903701619515060e-02
4.594998146117116461e-02
3.603399939782268163e-02
1.874594599231123315e-02
3.205079029888440595e-02
5.657404163452704748e-02
3.842745873106313825e-02
2.056421817085777801e-02
5.064340318021209875e-02
8.574973996345178207e-02
7.385511112817814972e-02
5.363516279061000813e-02
2.387926577396881633e-02
1.522935168685194025e-02
3.523327386263414018e-02
9.376009318347781896e-02
8.620020079811072100e-02
7.775685618102944063e-02
9.994670730961942307e-02
1.140865334759680466e-01
8.479551056908951612e-02
1.098042118846682819e-01
1.511396022780821247e-01
1.741198073494628351e-01
1.647415231106248990e-01
1.811591112411294058e-01
1.877159977602094465e-01
1.228460564961749019e-01
4.174453844243287276e-02
2.630175054919471622e-02
3.850743218234436993e-02
7.978436602987908077e-02
8.638039094030826315e-02
1.070937101720648155e-01
1.186333120145179054e-01
1.760961748865023102e-01
1.877924662235348208e-01
2.342293015461072714e-01
3.220851783661247691e-01
4.415514400612951529e-01
4.274445088284306027e-01
3.836218881674724468e-01
2.200033920002838761e-01
1.211979373597433934e-01
5.005951109399867094e-02
6.459625844183942978e-02
1.307167256898746632e-01
1.703677394603953510e-01
1.615706121699296283e-01
1.060307263662585847e-01
6.676808091869383677e-02
6.494089253188208011e-02
8.655665522184076421e-02
1.042092129472861617e-01
1.146973974918970990e-01
9.327106724413031236e-02
6.863318038526736165e-02
4.592286429441960055e-02
2.768672196645643319e-02
1.233122989734949417e-02
8.185055554762080132e-03
4.087139165517871160e-03
4.483256250523053391e-03
4.081372180440707292e-03
5.040262063364366052e-03
4.023068457235053075e-03
3.929991308225763355e-03
2.150974433462711846e-03
1.917529381948895537e-03
1.331646279068842168e-03
8.227722848788699946e-04
6.007032020297563800e-04
5.773047080157707412e-04
5.632274159749875485e-04
4.573946190061773894e-04
3.675164289309028635e-04
3.078144001499073541e-04
3.103310217400394094e-04
3.255780822767768415e-04
3.635328722552076393e-04
4.084980997723415704e-04
3.973350156969085792e-04
4.574794945423601360e-04
4.185679524541324964e-04
4.655098811569812747e-04
4.742946952915649329e-04
4.372472669137448327e-04
3.954990782588924244e-04
3.065212763356570764e-04
2.231051594994838238e-04
2.033979776588197227e-04
2.208752825163314980e-04
3.006263480847981995e-04
2.973906777421473128e-04
3.778197474641249872e-04
3.141944176189293545e-04
2.772193483021763156e-04
2.695188713896650183e-04
2.665325163983361359e-04
2.421799765809595187e-04
2.688624475650734104e-04
2.330394961280460244e-04
2.072167400581089271e-04
1.564587779517766187e-04
1.539172192643713320e-04
1.205735621452184623e-04
1.059330920309450836e-04
1.090470042808369981e-04
9.567212914795449855e-05
8.967972222038362901e-05
8.739410489654058809e-05
8.167776691643699688e-05
8.359554207479966798e-05
7.998446706095758941e-05
8.508838751347654408e-05
8.579313739925008232e-05
7.871183835577491008e-05
8.074838268235308458e-05
8.246806782058033918e-05
7.598688160201940128e-05
7.760202596216954124e-05
8.530827468163162421e-05
8.213689778141828679e-05
9.169497153061384508e-05
7.929209265861917981e-05
7.992250089465847171e-05
9.438624599984218779e-05
7.786356402603117159e-05
8.185181468223162802e-05
9.607511425653483383e-05
9.448587502580119385e-05
9.558883834706043982e-05
8.276265923137512764e-05
7.235456736916543547e-05
7.743788723183220324e-05
6.901875653339155153e-05
6.518642469447726733e-05
6.070403118533922328e-05
6.708094623112825664e-05
6.689080166367269216e-05
6.187517599631645136e-05
6.024956373700691010e-05
5.557225396116470897e-05
5.471151741434061253e-05
5.405322041525669028e-05
5.317900446546616441e-05
5.102795025656110594e-05
5.098600054472400447e-05
4.992390510254415169e-05
4.650893603094743598e-05
4.906454536548662658e-05
4.971572130418226379e-05
5.165770358654421377e-05
5.054875063071922103e-05
4.737409016519529439e-05
5.356676743356735969e-05
4.900394382790199441e-05
5.558687442066321627e-05
5.275205830841242554e-05
5.789768490299622016e-05
5.697907319518317505e-05
5.117037567719768339e-05
4.442257749867398582e-05
4.992534424285228258e-05
4.639398487473489507e-05
4.403342395926615498e-05
4.698189324837787577e-05
4.610507947870984790e-05
4.708524210544342767e-05
4.062092008352048846e-05
4.444217038477713455e-05
4.722531857909531718e-05
4.265185292212157037e-05
4.411882507207788600e-05
4.684291948669664458e-05
9.393438098701652422e-05
5.079429585366848361e-05
3.940193836454745295e-05
3.566700517870641105e-05
3.516629927949456002e-05
3.574948953119123793e-05
3.557065032468507390e-05
3.674785057980007398e-05
3.635460905015333968e-05
3.669298988769473588e-05
4.203303917586878906e-05
5.361939007344866253e-05
4.984238507231817007e-05
5.612371970717601493e-05
5.928986334256664117e-05
6.431807169923249188e-05
6.903113639780573952e-05
6.876799450770321360e-05
6.558121500252619366e-05
6.911031057999310041e-05
6.981604606467526459e-05
8.465848367049738578e-05
5.342636366931532413e-05
5.377319006592943428e-05
4.868810416124849313e-05
5.205004067325076937e-05
4.534534261831770299e-05
4.371317052944645275e-05
5.558292717788396615e-05
4.878640492906848996e-05
5.686725609230989771e-05
5.253400731451588428e-05
5.769676898435900279e-05
6.474677282092888083e-05
5.073267833459154920e-05
5.093589354616038882e-05
4.621583497918853734e-05
4.319047159440839287e-05
3.874769962871283324e-05
3.978000114228633397e-05
3.702567892768893567e-05
3.647055103917975501e-05
2.953032103042682100e-05
2.827357456096189301e-05
3.204920339532639679e-05
2.655101917091137300e-05
2.786036263061797180e-05
2.775260780748423867e-05
2.766203406275015580e-05
2.681718752052339534e-05
2.689106757499983624e-05
2.704300614670745987e-05
2.741461132777492352e-05
2.762944852324048626e-05
2.871049936554471158e-05
3.141554843581366641e-05
3.180896367963111402e-05
2.855596739357435572e-05
2.968910906134225277e-05
2.726580329860719536e-05
2.368784662309773728e-05
2.412416380925280174e-05
2.402814204186083186e-05
2.431993016083100031e-05
2.375771261391876424e-05
2.339441648910025736e-05
2.449300114173247149e-05
2.516581042738016990e-05
2.624510702553208667e-05
2.674119903438030294e-05
2.637334889583160127e-05
2.545448800522744570e-05
2.546531772237110850e-05
2.752182604499930882e-05
3.209272861591129516e-05
4.001665918004033637e-05
4.559037935883695542e-05
4.951235166324902701e-05
5.802719256703819408e-05
5.997250884145249503e-05
6.563680752590887301e-05
6.377989518798935593e-05
6.729849840360029706e-05
6.895748737652624631e-05
5.729929260621479916e-05
5.752522021862322620e-05
6.899761012618761311e-05
5.698904862426407223e-05
5.117449613213297078e-05
5.846170797698908102e-05
6.180118348870139227e-05
6.187333979807672923e-05
7.920204505337717171e-05
8.362100872977961264e-05
1.147514961791020366e-04
9.779457128559339524e-05
9.161590046923633545e-05
8.588683677619963835e-05
7.685026299292403978e-05
6.491293554606121150e-05
6.485160959897789739e-05
4.406364387528390877e-05
3.735698190605511406e-05
3.646570005533847055e-05
3.136111241817635082e-05
3.578484722414628871e-05
3.393770364470680877e-05
3.225391826122522745e-05
3.305933005470051950e-05
3.550245190939748979e-05
3.167134966465077209e-05
3.700102685168615808e-05
3.668565228036074522e-05
4.467035899415707146e-05
4.668683883245071831e-05
5.236797951246969173e-05
5.225773284380661940e-05
4.640940233368819116e-05
4.202474739139340596e-05
4.497363924608360243e-05
3.265863296284018648e-05
3.052351362080809477e-05
3.384663125232528091e-05
3.547431619064964444e-05
3.766026183075704237e-05
5.086974311604838199e-05
6.138037290813497953e-05
6.999374001092782595e-05
7.710575971512844079e-05
9.707108674169716463e-05
2.136652700748212393e-04
2.340739131162162449e-04
8.963929725173036458e-05
8.943042319228004984e-05
7.965722137675640370e-05
7.325957203048788957e-05
7.408526959742320903e-05
9.978615466314575799e-05
2.054424843766711130e-04
8.923287643329722246e-05
7.509742187902099177e-05
9.131892474734653730e-05
1.036797642368424919e-04
1.090838298537615399e-04
1.221408218300393440e-04
1.123819023367486625e-04
1.221758720328966865e-04
1.187784331764146534e-04
1.188479744239272440e-04
9.862519722704684005e-05
1.180034726152258330e-04
1.561102768242101149e-04
1.750229715247460336e-04
1.877840723632394544e-04
2.016444323995905078e-04
2.234043336003051672e-04
2.173492407304255928e-04
2.812599573893929819e-04
2.486153421113685216e-04
2.260567689814319762e-04
1.678470333158018257e-04
1.753566534388435814e-04
1.577294592101409216e-04
1.872352580242539596e-04
1.606245886093005408e-04
2.137903198330287657e-04
1.616278278745041281e-04
1.586399879210040873e-04
1.754359093231916585e-04
1.693055990363076925e-04
1.512428133144398570e-04
1.218423624682623174e-04
1.051470338711289933e-04
1.218111743681988922e-04
1.042050697923003664e-04
7.594443207092881618e-05
8.099834051384190831e-05
5.909062240350770537e-05
8.528746905128390939e-05
6.737870955258779167e-05
5.562510122569381919e-05
5.323449833866913028e-05
6.527371429769351365e-05
6.336852419918340303e-05
7.402608342005825436e-05
7.500328399048179274e-05
9.617530120370369545e-05
9.808596925474361147e-05
1.246522210140455780e-04
1.102390095002195531e-04
1.100366153917659354e-04
8.776818867151289230e-05
8.106910144854175253e-05
7.312056205439163990e-05
6.016612477267268931e-05
3.974552118647503346e-05
5.078059465067382013e-05
7.379174655845496084e-05
9.045075805528543034e-05
8.244011894533597893e-05
9.125182533853095539e-05
1.045018823233681706e-04
1.003331939666042967e-04
1.095541806692200377e-04
7.379738981131693141e-05
8.632959654982858477e-05
6.932454190860342887e-05
6.994789213043734084e-05
7.048112553879636369e-05
6.163175075556689227e-05
4.894925385492484183e-05
3.856615066316796623e-05
4.171048962014950375e-05
4.547268377957465653e-05
4.722871116958284081e-05
5.260952475303740024e-05
6.326913343240101308e-05
6.737269195003071193e-05
9.586059512689490165e-05
1.327318461092291755e-04
1.648091135945072548e-04
1.806693155744006779e-04
1.864478477525254182e-04
1.952145112401659831e-04
1.924788933618123651e-04
1.841071612995811451e-04
1.881582435502996483e-04
1.968810589946398356e-04
2.304646217336303669e-04
2.369126177293734696e-04
2.766312477966499542e-04
3.301275292946962260e-04
4.007262167295882267e-04
4.887641392623986352e-04
6.336437597448795617e-04
8.355674991004857170e-04
1.088645300231229482e-03
1.515701322551351237e-03
1.941687361585682069e-03
2.654402890536742155e-03
3.712103043468735573e-03
5.239102967084568498e-03
7.588133231296705257e-03
1.073442168262706518e-02
1.577789343833676042e-02
2.316594489315256314e-02
3.428274404251563379e-02
5.021870844431741004e-02
7.278540870908439819e-02
1.115054444022336305e-01
1.773576014150773095e-01
2.760363770414049900e-01
4.507638521566197376e-01
7.282131001102281065e-01
1.192870125109585011e+00
1.941232379444155942e+00
3.136520734437886038e+00
5.296612033291946631e+00
9.242903205141191236e+00
1.629828266472008380e+01
2.901324243301948869e+01
5.190901977788399790e+01
9.651916965382251590e+01
1.861046063508764519e+02
3.574343293169729918e+02
7.226715770708759692e+02
1.446323122523918983e+03
2.947632063496158935e+03
5.748203122351737875e+03
1.212551733576494189e+04
2.238221602898113997e+04
4.013461468008284282e+04
6.075691369844809378e+04
7.957649286879569991e+04
9.703363057677906181e+04
1.085010887619538407e+05
1.182752420100155141e+05
1.273655994604357111e+05
1.354695781633259030e+05
1.433237900597219705e+05
1.512237878452136647e+05
1.586497634023987630e+05
1.658841763316174620e+05
1.727106826428611239e+05
1.790360831196338404e+05
1.847591441830421099e+05
1.898181724265402881e+05
1.940821337724908662e+05
1.974928418717524037e+05
1.999786999299227900e+05
2.014908265509145858e+05
