2.902110923517821902e+03
2.781437637160480563e+02
1.268775182987528893e+01
2.019657292165772944e+00
1.248777617057370115e+00
1.287799368907154518e+00
8.999466223406977772e-01
7.425413880583759951e-01
6.725657748993992824e-01
5.892912612778944403e-01
4.174051131726507213e-01
2.755749733587875006e-01
1.911115090564195484e-01
1.915814846424796214e-01
1.508850085671395169e-01
1.063365058226939386e-01
9.053236114902604714e-02
5.935024213777084778e-02
6.499816317250736719e-02
5.383334053534123698e-02
3.850652296087454796e-02
3.779412949097623459e-02
3.222083621343799914e-02
3.768200893949360392e-02
2.943547816231868730e-02
2.227454874348717972e-02
2.215414088844112894e-02
2.025326262664711718e-02
2.008886115661480745e-02
1.695583040433125063e-02
1.552678715200178985e-02
1.402945166700036127e-02
1.581811227528795785e-02
1.467064052156971839e-02
1.307577212415477960e-02
1.422016315005631380e-02
1.386909754721163748e-02
1.316044655193812640e-02
1.544772739841786431e-02
1.395719290932618227e-02
1.205999042211062557e-02
1.178408201222762991e-02
1.225367493219879991e-02
1.202985675226131076e-02
8.900041937853228266e-03
9.003381564765686879e-03
8.443264298602910431e-03
7.519398298501613238e-03
9.048577487517740076e-03
7.942083361428677740e-03
1.049320382865798727e-02
1.253524096887190589e-02
1.432998156640912651e-02
2.004860951203099248e-02
3.543765766026935743e-02
3.579244310788032984e-02
4.333465038471810693e-02
5.049697234879886587e-02
5.673470599230908545e-02
6.248879039814051600e-02
5.792999275040584817e-02
3.490067886611528114e-02
2.442997719236946266e-02
3.678107654687349376e-02
5.530021008159481666e-02
6.639160809275077013e-02
5.378126153954235211e-02
4.507389518904299924e-02
4.222389437450583399e-02
5.721223960804887321e-02
6.852389899461594491e-02
7.306234151577603586e-02
6.071542378267570650e-02
1.088135972664630996e-01
1.525069946271823407e-01
2.124131725613741528e-01
2.020019407573345194e-01
1.860662769891274770e-01
1.605944715597266148e-01
1.601161141357574924e-01
1.416057393816468335e-01
1.296683963989435362e-01
1.205766760925295888e-01
1.399837310354265230e-01
1.442373778066625145e-01
1.359149301583980063e-01
1.227797109670413916e-01
9.630107391820465212e-02
8.525932237735793506e-02
9.427580587364929599e-02
1.230340777073792025e-01
1.241951604603381970e-01
1.053307320440383804e-01
7.721060705251939216e-02
8.762697484658478475e-02
6.612608298858160816e-02
7.057277682072339575e-02
7.661397512907897056e-02
7.717437351730213613e-02
9.055542827229599856e-02
7.307611504994152019e-02
5.758063302161491037e-02
5.158808726063522643e-02
6.243746562686377372e-02
7.056254000368786250e-02
6.948136475366607778e-02
6.300259268685970415e-02
3.331835623831974624e-02
3.823573491140503516e-02
5.579206480785610378e-02
8.219753646563518479e-02
1.454318817990125634e-01
1.903336558178211901e-01
2.055990261792796647e-01
2.296487469863053577e-01
2.130288699370249672e-01
2.491940285254835574e-01
2.156607739720546868e-01
1.972534223509131157e-01
1.236520927770543288e-01
7.542957628710511564e-02
4.173097095151639263e-02
5.430348999640960406e-02
1.086509141537517209e-01
1.105047214187830362e-01
9.363506507601887519e-02
1.055135723652115831e-01
1.330317428002537328e-01
2.135323236075810927e-01
3.008883610609939252e-01
2.653580713892610965e-01
2.750928632301685717e-01
1.964778390682282161e-01
2.145450998118597352e-01
1.457884847864145406e-01
1.264373459592075810e-01
1.141876882962176709e-01
8.472554530098608261e-02
8.750842587865889644e-02
8.936733377900722697e-02
7.171560333252952057e-02
5.769585545428164430e-02
4.013795505108684603e-02
2.911613617729222683e-02
3.489957830837592256e-02
4.235986669155351186e-02
4.784582983328398986e-02
4.060668986819560705e-02
4.032788659843494772e-02
3.054011702662169300e-02
4.215311980535623587e-02
5.679696613963104712e-02
5.881862936098669614e-02
6.136360000281770172e-02
1.223904961021623911e-01
8.448259462814379506e-02
1.176247674475149746e-01
9.689093322298547584e-02
9.214583618173721735e-02
8.296024928007206256e-02
9.457267982543643425e-02
1.033917699083948538e-01
6.583357349917345891e-02
8.794576215158297905e-02
7.383500879374713111e-02
4.915786079919909346e-02
4.286260391178624979e-02
3.666344739185081747e-02
5.220360130588218295e-02
4.380161395846002281e-02
6.611275554943210619e-02
6.943097413123655581e-02
4.336250699904822814e-02
6.029452615140135086e-02
4.781658914497494833e-02
4.766768047960725369e-02
4.831203660595948662e-02
5.539403069101841298e-02
7.587094427579969824e-02
8.005123245315150238e-02
7.665467629155148233e-02
5.733872629555809841e-02
4.348415485707130684e-02
6.741345789307326419e-02
6.080810984992399831e-02
9.096163769771849206e-02
1.442808128094379416e-01
9.387556675331568123e-02
1.461228487524108832e-01
1.729631487071530971e-01
1.313743711629733191e-01
1.805359098961539788e-01
1.403005229443679280e-01
1.709494556139665999e-01
1.388869289387653638e-01
1.214112741010097279e-01
1.816418799272722373e-01
9.205043693442969965e-02
6.012643657234760519e-02
3.702946258898563714e-02
3.962528636482901684e-02
7.816132127403378760e-02
1.335599550900784804e-01
1.078737994707980319e-01
1.154907812193545075e-01
2.243206569565162900e-01
1.671053596271369346e-01
3.772895307701727985e-01
2.916620669645654806e-01
2.369636041111211622e-01
3.091551006349474995e-01
2.685120109139598754e-01
4.461155113779333159e-01
5.072143018356327637e-01
4.777197795975544614e-01
4.863948085893681772e-01
5.186115320569271159e-01
4.210692356861506225e-01
4.923904305889137967e-01
4.082183832914900723e-01
3.337105000139583000e-01
3.413659364725035172e-01
3.125676210423309898e-01
6.245875002403232790e-01
4.912977516891731677e-01
4.894659999487668278e-01
3.977839842260776915e-01
2.893449126699313423e-01
3.080298352935535999e-01
2.255435955424614780e-01
1.596881311218423249e-01
1.672788555115793940e-01
1.971775426875255477e-01
1.569223401534875217e-01
3.342508267980535686e-01
2.900035503703637940e-01
4.417957870545209387e-01
5.198963458116502290e-01
6.563570591251211006e-01
9.421870453382198418e-01
7.939156522653594283e-01
1.133210993994266724e+00
1.088432948232525677e+00
1.075011266446797897e+00
9.056842897638396339e-01
5.888212151559223395e-01
4.587519322990163961e-01
2.998173084499592966e-01
2.966621734048337511e-01
5.376160588913807548e-01
5.081826360237644558e-01
6.957693755640299571e-01
7.649302154117528785e-01
6.493247142546381134e-01
7.287409659992716282e-01
5.146652674521493553e-01
4.961138945705060865e-01
5.045541431530311538e-01
3.660807602179352860e-01
3.137226534586607385e-01
2.993788073027687791e-01
3.117630977328101349e-01
4.425554885438713892e-01
4.851103890571751842e-01
7.036699411748830180e-01
5.394843804002628085e-01
5.205910635693297150e-01
8.362735065331852180e-01
1.325624304051637781e+00
1.253730997924593638e+00
1.023101896927421928e+00
9.954166062162861373e-01
1.096402171818554594e+00
1.471043196146248233e+00
1.951500173366232715e+00
2.023208568797572493e+00
2.107767464513738087e+00
1.921981534782202905e+00
2.016821113949893718e+00
1.682733315057953094e+00
1.181026952407805641e+00
7.847515755256662118e-01
3.474484714305935973e-01
3.333097705044099635e-01
4.742991753195243687e-01
5.916053880841110058e-01
9.788985940212396875e-01
1.461359749689089327e+00
2.191436447493612327e+00
3.042655923193410494e+00
3.081586788573666080e+00
3.123522028536362516e+00
3.949380665623665632e+00
2.603255223010040087e+00
3.004278499047666973e+00
2.790327634514072841e+00
3.180113995696273399e+00
3.518820640234442632e+00
3.604809750135358648e+00
3.993411662110209370e+00
4.731593242041335579e+00
4.348874506348164637e+00
4.978208207965869825e+00
3.508292318667119769e+00
2.920780990393998522e+00
2.109482556559657329e+00
1.602856230362116774e+00
1.223682971762854788e+00
1.079760128379780859e+00
1.544186143067587391e+00
1.682769663207750677e+00
2.353198432153614128e+00
2.399412010064407408e+00
2.600106956293633420e+00
2.747234057758899617e+00
2.731452530479588692e+00
2.556094031620828044e+00
2.401143944403516528e+00
2.175794658873337895e+00
1.778907289627835286e+00
1.175974674200219727e+00
9.850234852698600552e-01
5.000285905995462965e-01
3.754110933350056634e-01
4.919215991489919726e-01
3.116345912179309119e-01
4.730046059193885322e-01
4.170915546329869716e-01
6.979271510813807033e-01
9.199430765622601536e-01
1.250477154219563625e+00
1.216102177641235293e+00
1.333433825702345477e+00
1.281586675740674197e+00
1.018641958183865714e+00
1.121991510336548759e+00
9.534515921550346107e-01
1.010535388676470081e+00
1.163487644071744098e+00
1.283275300058239310e+00
1.480265031938409193e+00
1.182075184399636436e+00
1.130734301275981180e+00
8.762353038827020990e-01
9.307773335614237808e-01
1.130693890392929335e+00
1.233672773560415825e+00
1.400505299251751490e+00
1.330522378897160962e+00
1.046396640784397425e+00
6.688717686946662466e-01
4.758931508543458033e-01
3.052288797088448802e-01
3.762802129301555110e-01
3.373869462369050720e-01
6.186438713088224794e-01
6.452720984822374328e-01
6.663152812390067403e-01
6.106894118647177017e-01
4.980219190825407316e-01
4.210119221271726997e-01
3.598314287259447020e-01
2.893066124669664285e-01
3.318947996232169961e-01
3.704624669596138786e-01
3.776253666234311579e-01
5.224734893736537877e-01
4.300803121175283406e-01
5.246461370449645445e-01
4.370502114133162364e-01
4.796528408106258135e-01
4.130162676576469294e-01
4.148340588389859973e-01
2.812218939845183563e-01
2.933882963539025668e-01
2.326574046810412633e-01
1.960339483262243387e-01
1.847352101406911362e-01
2.086332484830615563e-01
1.926498653226819679e-01
2.033475843155384266e-01
2.130532788817096068e-01
2.012316428005389291e-01
1.745114673065863153e-01
1.324665608967088848e-01
1.580584734845887629e-01
1.121324821463285937e-01
1.611710832193923582e-01
1.420718583336363916e-01
1.916224762254324365e-01
1.955175227099388013e-01
2.316919478107465347e-01
2.020135599777573565e-01
2.289335526630576767e-01
1.882113004107873466e-01
1.870747290898102932e-01
1.213770923764544152e-01
1.158874982825030125e-01
6.833178124772736062e-02
5.939542664373287373e-02
4.970663229102013914e-02
3.641287317152920588e-02
4.407076941733639036e-02
5.802965304936724689e-02
6.823172611629639561e-02
6.932186761670275366e-02
7.212622120096298661e-02
4.994964672116170706e-02
5.017418023738853122e-02
2.885955368395113491e-02
2.363724340628431744e-02
1.945545236634789454e-02
3.090510362793291721e-02
5.012723889208269001e-02
7.033048789408823109e-02
9.139029104819855476e-02
8.944920120052618495e-02
9.720230046281272407e-02
8.996310121163617057e-02
8.147456474879044563e-02
8.026198405844041373e-02
7.722804023578723476e-02
6.974878379873916678e-02
5.575083334976885241e-02
3.997441520274753329e-02
3.765533953157967906e-02
3.746834156592749460e-02
4.118833006011941161e-02
3.797604913228882356e-02
4.387833236786322505e-02
3.840891537742289336e-02
3.608914279556809518e-02
2.670972699434878347e-02
2.340349721456682144e-02
2.018533184480377635e-02
1.923017846719133825e-02
1.957271623633769983e-02
2.246887286709654472e-02
2.246699424313701454e-02
2.347401416545288541e-02
1.774142534181592443e-02
1.350492656425097797e-02
1.093668703091300008e-02
1.211091602390001673e-02
2.082613490259788841e-02
2.461562194175737767e-02
3.497750207288543439e-02
4.415693155763231181e-02
4.118935246520436660e-02
4.805533631256920374e-02
3.706098795152106690e-02
4.577457724964204694e-02
4.550261417217761617e-02
4.731378387489381526e-02
7.076209355962863323e-02
6.661582898991690038e-02
9.751435504753590278e-02
1.052387027704731748e-01
1.360261978898604784e-01
1.892955480826924719e-01
2.336589522477017788e-01
3.511447127815013891e-01
4.697774901201911546e-01
6.186287665121228407e-01
9.023100478164561844e-01
1.255585112607800813e+00
1.867529682214862374e+00
2.785192979288522164e+00
4.070542262961771129e+00
5.924610919247534468e+00
9.023364406677782057e+00
1.418764394644112770e+01
2.200734854944813890e+01
3.589089750810969548e+01
5.753033124524896635e+01
9.462083781454397524e+01
1.535360331251513628e+02
2.470165158398794745e+02
4.178307734639323598e+02
7.235985020031386057e+02
1.274299542392055173e+03
2.258500062312387399e+03
4.029607703113274511e+03
7.485293798156415505e+03
1.437831784556053026e+04
2.756511245321885508e+04
5.560089516493507836e+04
1.109949339202233386e+05
2.257182766401990084e+05
4.391528877664012252e+05
9.246210976605904289e+05
1.703246778467249824e+06
3.048182108636997640e+06
4.606407658246304840e+06
6.022869731646468863e+06
7.331752011349879205e+06
8.185293449138777331e+06
8.909863266952134669e+06
9.581545256279043853e+06
1.017796410045170784e+07
1.075524380230682902e+07
1.133566615349743702e+07
1.188041263738307543e+07
1.241082954081147537e+07
1.291103337343044952e+07
1.337427333251981251e+07
1.379317104868933000e+07
1.416335620411165804e+07
1.447524297320032679e+07
1.472465955430073850e+07
1.490640859755602106e+07
1.501695115648563206e+07
