9.242082064038891365e-04
3.033865340220274435e-03
1.516334081471738642e-02
5.036144563401057095e-02
1.185326285947476549e-01
1.978482610696027655e-01
2.388005102895621179e-01
2.382645980997973867e-01
2.292894741930364411e-01
2.239545546701818823e-01
2.275944650556654403e-01
2.359892194898313422e-01
2.451054404150702359e-01
2.617560713955792151e-01
2.770865028412721198e-01
2.926977616272742333e-01
3.067927275067299231e-01
3.252958006586000872e-01
3.424516618556148195e-01
3.630371742169370419e-01
3.782638027427177030e-01
4.041467206882311536e-01
4.183411024304235504e-01
4.326822086049411653e-01
4.558313051330813992e-01
4.705499372060776841e-01
4.839732168603587681e-01
5.021667572842669625e-01
5.324024217559422123e-01
5.544646185067875210e-01
5.684109033148373458e-01
5.828719053866515676e-01
5.969191450460654691e-01
6.187686440206866534e-01
6.260131587270836295e-01
6.487139444534216759e-01
6.805747662312415791e-01
6.985255668412198027e-01
7.134571731646786041e-01
7.372154502062540082e-01
7.535827071638711017e-01
7.657630180824486210e-01
7.873677132142844481e-01
8.189109359392796605e-01
8.385421899897970155e-01
8.483396888686907111e-01
8.757847850888231811e-01
8.815801598730286237e-01
8.964960274968135634e-01
9.158907196105645632e-01
9.275523882964568090e-01
9.328318059467514134e-01
9.719739612175999355e-01
1.000000000000000000e+00
1.004187022698980636e+00
1.026843294714198107e+00
1.052434496602879577e+00
1.067441441038773586e+00
1.064022903565586597e+00
1.094221428348710168e+00
1.109010732958507495e+00
1.119097391231224536e+00
1.129843947609190158e+00
1.148837374725156568e+00
1.164497879607287567e+00
1.179664753636216146e+00
1.210186230244592265e+00
1.221854710671418154e+00
1.247687862007131221e+00
1.274848426487884323e+00
1.297633461546952915e+00
1.316989655068106391e+00
1.333836485525141002e+00
1.337352812749401210e+00
1.349996674954826226e+00
1.359281936462892082e+00
1.386830962915193144e+00
1.429575681430604872e+00
1.457649814796260435e+00
1.451729729783816980e+00
1.460059518327930350e+00
1.502562901165422904e+00
1.515645824171010014e+00
1.511215240782258329e+00
1.524045529923920395e+00
1.553058327705937325e+00
1.599740307634021752e+00
1.618063099909533120e+00
1.633713928091776513e+00
1.624133273554739354e+00
1.641870572339003242e+00
1.686383468150503662e+00
1.701885054291940147e+00
1.701907269193087435e+00
1.713894192937981176e+00
1.735863173711226448e+00
1.775209063132646481e+00
1.796800259774686381e+00
1.790631635265293120e+00
1.829674170487197715e+00
1.835702419298975485e+00
1.851386263419296574e+00
1.880166878967987065e+00
1.871712442953184397e+00
1.895331485177103703e+00
1.908113355745671758e+00
1.914358289446266737e+00
1.933187704448046329e+00
1.952891187746056412e+00
1.957732421005281109e+00
1.959931432589450351e+00
1.996764805890115291e+00
2.038879772701907456e+00
2.058204801545587159e+00
2.031411854242016979e+00
2.054710039696092228e+00
2.085060125439165191e+00
2.107554758503513703e+00
2.108115935846594180e+00
2.125897849153096431e+00
2.188136851055145105e+00
2.192461746638882492e+00
2.185022041412745253e+00
2.205049276101136879e+00
2.253177597071316374e+00
2.298935381496547414e+00
2.319388929125533405e+00
2.339338134925481594e+00
2.332050094038682797e+00
2.311132386834871877e+00
2.351890148255941337e+00
2.377740140479876363e+00
2.388774823018119164e+00
2.401604886783542891e+00
2.439423949501538846e+00
2.431390678428771324e+00
2.491433849032406833e+00
2.502197399562760438e+00
2.492018230562579095e+00
2.520371109376633889e+00
2.547590814612092913e+00
2.543706564690133121e+00
2.572586475487784963e+00
2.594224159764058957e+00
2.564076584795571101e+00
2.622931165984502933e+00
2.665474715780483450e+00
2.660266995658779887e+00
2.706041349826011633e+00
2.731368453908637584e+00
2.696541463118501625e+00
2.727797614855362873e+00
2.713312890423130064e+00
2.749414477443801186e+00
2.749206581167029650e+00
2.781968150137518414e+00
2.819996529024529686e+00
2.820214460111265531e+00
2.806611689659353814e+00
2.815207096237660078e+00
2.837328550503249947e+00
2.892989748066440825e+00
2.925426064135127291e+00
2.903244746884428018e+00
2.906498973977205136e+00
2.967408249894369909e+00
3.012381489611394958e+00
2.999755865753137574e+00
3.030732830102239372e+00
3.019032389688318663e+00
2.997701730477902338e+00
3.036965014181382205e+00
3.092300034226838079e+00
3.109203108494632328e+00
3.130816921593557289e+00
3.142817033391095194e+00
3.106653470221440561e+00
3.108340670451215537e+00
3.164074104398487464e+00
3.218177118844174789e+00
3.215248991999412276e+00
3.207148436105259570e+00
3.259244396168914815e+00
3.268174566207544096e+00
3.281443228809003188e+00
3.294097248479100681e+00
3.362210542188484919e+00
3.376202592322500973e+00
3.350896982118520828e+00
3.387203504703622414e+00
3.379129808407553615e+00
3.396721298589563176e+00
3.397471455203867396e+00
3.376762264742474873e+00
3.440763387392715256e+00
3.461873081368166183e+00
3.485628457293360238e+00
3.527289601708373912e+00
3.526691848249319694e+00
3.555220468701913994e+00
3.573511660524468780e+00
3.574795988066844288e+00
3.572918744670380065e+00
3.568571593445808432e+00
3.630292986701683322e+00
3.634166711648933568e+00
3.622774477854459718e+00
3.617052593512405601e+00
3.693967144287432891e+00
3.707598716150382057e+00
3.731619320946443441e+00
3.765239575442258957e+00
3.749347913848165348e+00
3.759007197789840937e+00
3.740109416857476887e+00
3.864774340566590638e+00
3.865678883936891630e+00
3.891401920973925677e+00
3.859935175037491284e+00
3.878953201656677230e+00
3.912434502194828578e+00
3.891370031931908890e+00
3.901792881779622135e+00
3.894540988972697182e+00
3.985466635376668787e+00
3.963391732799779188e+00
3.964769957738189632e+00
3.944053220920741509e+00
3.979958046027039842e+00
4.069468125340796938e+00
4.101631789106611414e+00
4.088978859334609695e+00
4.052046133516510551e+00
4.109323152862097039e+00
4.078992668719204850e+00
4.112210210887108808e+00
4.123748209041067980e+00
4.185109210185085082e+00
4.170883120830792379e+00
4.170406506648524747e+00
4.209210698165012587e+00
4.231295824809400585e+00
4.244860641470178386e+00
4.196417166170292923e+00
4.232948837881386872e+00
4.269570196229327763e+00
4.298077495715098451e+00
4.346529023538177938e+00
4.335486197455720614e+00
4.387274882948365651e+00
4.298036287975989467e+00
4.309635079280870862e+00
4.394003783124549756e+00
4.444730467888846626e+00
4.434108570736619903e+00
4.492123125364398284e+00
4.433304154385869111e+00
4.375660637888677762e+00
4.444377077044516788e+00
4.527130410252292236e+00
4.532169625621419229e+00
4.518800185664439084e+00
4.562397647594675476e+00
4.681323864026349035e+00
4.619735571025289644e+00
4.564746962927164198e+00
4.686988609377691795e+00
4.659830104243691373e+00
4.588092331329294282e+00
4.669740881537268073e+00
4.779914176413653237e+00
4.778869382218927875e+00
4.727519389458838539e+00
4.756509504645460851e+00
4.786637482739590332e+00
4.800684417537699034e+00
4.785248185949940058e+00
4.779212237882583203e+00
4.819159324754572538e+00
4.891949039501942487e+00
4.818353253624666266e+00
4.899983510105570872e+00
4.891484983156530575e+00
4.921040655559757226e+00
4.969627262868084649e+00
4.985857545949808234e+00
4.976316710177983715e+00
5.010697761859103316e+00
5.017355223727599345e+00
5.010112495363101992e+00
5.013215334303308346e+00
5.022956198556413732e+00
4.961573917515409882e+00
4.964011265951908669e+00
5.025611959195271261e+00
5.055322763699628297e+00
5.022965232092263754e+00
5.087598748013974159e+00
5.170816639139320436e+00
5.181670689655219597e+00
5.158767916354402239e+00
5.202714002882721900e+00
5.187147287423321096e+00
5.237982758641036796e+00
5.230410273572982049e+00
5.277025335760941793e+00
5.230933981698484558e+00
5.214646737155787193e+00
5.280406994774816454e+00
5.261963339384089444e+00
5.323943480951392360e+00
5.353794113281327149e+00
5.301585674191944264e+00
5.345850525149494104e+00
5.432150301177793850e+00
5.430326642518526370e+00
5.414486646531659453e+00
5.375952828556822105e+00
5.373935920081970075e+00
5.442932997580649079e+00
5.532456975148293488e+00
5.494284492963712907e+00
5.487420028263062299e+00
5.550782333208180042e+00
5.543463107669661660e+00
5.540749976010351574e+00
5.640814799694670256e+00
5.604569061358974480e+00
5.629335716568310666e+00
5.630898830925349152e+00
5.735247912920472757e+00
5.714631306624117890e+00
5.606100744093361676e+00
5.616562848497984817e+00
5.655431207941088445e+00
5.646268022291586419e+00
5.691664919093183173e+00
5.748394200490662520e+00
5.768790784799837645e+00
5.789433649092146084e+00
5.813408941232061089e+00
5.836222541887210902e+00
5.848355381613416171e+00
5.787962814192347594e+00
5.797559190307215005e+00
5.907660490328097147e+00
5.949880677514500782e+00
5.995620725952384156e+00
5.958961415391562433e+00
5.892487175740115823e+00
5.860939797995883715e+00
5.968171744606470597e+00
6.051651064450557449e+00
6.080812351390029846e+00
6.021154872053125828e+00
5.981744277884129879e+00
6.030202106374567883e+00
6.033466429390747621e+00
5.956067908131848831e+00
6.032657767842739993e+00
6.063809669749936404e+00
6.121169064637724588e+00
6.117417772946509125e+00
6.077873815814681002e+00
6.153960127195670538e+00
6.163751343420599049e+00
6.160458437454011005e+00
6.172654702424274831e+00
6.110503971015893931e+00
6.129460397986760789e+00
6.226844303888178445e+00
6.253280930707465046e+00
6.278792501196743814e+00
6.195505987304835038e+00
6.288756609970857170e+00
6.308255279524665582e+00
6.295846806419724828e+00
6.362319464293034521e+00
6.384135551221616467e+00
6.393748171298619276e+00
6.409197322230312466e+00
6.313350926820316289e+00
6.336774728827600178e+00
6.440446747871399147e+00
6.468367820286828440e+00
6.411971833360863293e+00
6.394847537320354824e+00
6.430455914216214985e+00
6.464949458689827289e+00
6.405276723013846762e+00
6.381432298240858891e+00
6.464196684377532698e+00
6.518091448898792883e+00
6.488064221719717750e+00
6.531101965066796744e+00
6.452844618612120442e+00
6.532605115258830253e+00
6.529090644326197790e+00
6.499261959995076943e+00
6.557579354594518684e+00
6.552950642173177798e+00
6.494413652792349723e+00
6.545000190789418859e+00
6.526103060237748998e+00
6.517779255517730519e+00
6.569728132140140175e+00
6.507406363445172204e+00
6.552046664794048958e+00
6.404624583983011377e+00
6.352796978625397273e+00
6.403255916364220646e+00
6.285122845131040137e+00
6.185547545924999113e+00
6.137879220434281358e+00
5.944260127516951542e+00
5.956497412462894658e+00
5.992923436011695415e+00
5.738809579397309513e+00
5.580484091528536972e+00
5.588667532838851315e+00
5.432041646874505858e+00
5.224089477332327647e+00
5.086652729184020671e+00
4.898434524146642488e+00
4.732981594495652367e+00
4.597744443015161941e+00
4.357758590559481782e+00
4.169756457817944018e+00
3.968362426116880837e+00
3.793783569230350317e+00
3.586990418352671295e+00
3.338604400022263441e+00
3.116279435458991998e+00
2.919578223294991837e+00
2.712740785679332856e+00
2.526521089423456434e+00
2.329016665077933368e+00
2.161110596484826729e+00
1.987039030227848446e+00
1.820013302727562010e+00
1.615592023461250859e+00
1.461714183140091716e+00
1.336914649632022334e+00
1.209478096010265347e+00
1.078443058787647901e+00
9.783303880983247325e-01
8.755119609071849718e-01
7.636519168309510164e-01
6.672342910709599950e-01
5.823532805213267327e-01
5.203228977383894671e-01
4.527084543254846216e-01
3.940970701294887468e-01
3.453902956387791545e-01
2.993626357118451264e-01
2.555507771080490764e-01
2.194808701989181821e-01
1.873967185099476851e-01
1.572460893632622314e-01
1.366318629438823262e-01
1.150930183208198343e-01
9.593475394033583459e-02
7.981477647525037078e-02
6.604959777972824186e-02
5.492850372239341250e-02
4.520284517615740655e-02
3.704548921113121063e-02
3.033285277853892126e-02
2.494977507663317245e-02
2.061961036316771120e-02
1.660084358577590055e-02
1.310234194284263728e-02
1.046189953084455775e-02
8.153972441304739929e-03
6.396415281675223857e-03
4.982122108009267615e-03
3.894007171552625948e-03
3.054473226754953613e-03
2.344117274558211398e-03
1.770142093744828246e-03
1.329869922981544725e-03
9.945541304485769948e-04
7.419499733235104333e-04
5.429791623252592115e-04
3.902571926497823310e-04
2.810744973160057315e-04
1.973276383899948280e-04
1.392541751166817944e-04
9.739102150765101002e-05
6.963613871791937584e-05
4.787722168117575152e-05
3.519161354238303221e-05
2.624688483695230374e-05
2.130688524601103952e-05
1.859671341187640447e-05
1.682317818313055095e-05
1.589356821070754213e-05
1.520862605278786221e-05
1.464325499827244187e-05
1.418723037577537486e-05
1.378292555732945268e-05
1.340909680607110390e-05
1.308354155869104458e-05
1.278804720776844103e-05
1.252664181498853394e-05
1.229807498634723834e-05
1.210160523847276640e-05
1.193550386283659426e-05
1.180064049590272640e-05
1.169597035351346020e-05
1.162139904898299122e-05
1.157672408085981102e-05
