2.931157956173586498e+01
1.221867480019434282e+01
1.375535014994063232e+01
2.166428253576697571e+01
3.316648546637232187e+01
4.420097119308996270e+01
5.701445988198601356e+01
7.087139896764905700e+01
8.040459742906675444e+01
8.636765349013694504e+01
8.265827953934967809e+01
7.665038772911542253e+01
7.198580208899967658e+01
6.301783252859807050e+01
5.566943707397833663e+01
5.032440882977429197e+01
4.577670588533667484e+01
4.111458417174196711e+01
3.703895869488316350e+01
3.291625018168256389e+01
3.037103112619338319e+01
2.641801368277564066e+01
2.482671252934516204e+01
2.325818029423903610e+01
2.090458198408935786e+01
1.966207279974313238e+01
1.863121565148156478e+01
1.730214028616387978e+01
1.550121130068935216e+01
1.427652899524492369e+01
1.354386332793257175e+01
1.293006335427153353e+01
1.250193066599749159e+01
1.166345602743822241e+01
1.130260598524024118e+01
1.071352323118820671e+01
9.683911683221266387e+00
9.158930752025723265e+00
8.896816224022785491e+00
8.332575757470792155e+00
7.891059673236130223e+00
7.828152127651928360e+00
7.373197751298059544e+00
6.766165547839990246e+00
6.505771828539913315e+00
6.359534060889906470e+00
5.952006457766664482e+00
5.976547320289532728e+00
5.802924131837237098e+00
5.492026992055926371e+00
5.476415367745370411e+00
5.453834094490677131e+00
4.975339544260963365e+00
4.717561598364845565e+00
4.698853363940547645e+00
4.556654883992919736e+00
4.330505176628765440e+00
4.187051160274466888e+00
4.260028194558750592e+00
4.076491980591002928e+00
3.939944776381146152e+00
3.894115190073394128e+00
3.860053686857008337e+00
3.714093441139374008e+00
3.628518529656381109e+00
3.566744318219378762e+00
3.431004605595747048e+00
3.345085237546725931e+00
3.238332832540537165e+00
3.135541052865432832e+00
3.041634688175456791e+00
2.949461659438519234e+00
2.902017760262857848e+00
2.897667551326089441e+00
2.865260339731951156e+00
2.839103627438121169e+00
2.748211983767644195e+00
2.588728339322026617e+00
2.516447141796278597e+00
2.552447763546791037e+00
2.535443444351130449e+00
2.397646767851507210e+00
2.373640898199366411e+00
2.413118076914372523e+00
2.382930669323681361e+00
2.304360085975157624e+00
2.191860871968065450e+00
2.160410646034481186e+00
2.136079636605621612e+00
2.181145741580896580e+00
2.135511157873525079e+00
2.043337364895268848e+00
2.032004453300022995e+00
2.035791796130649534e+00
2.020374221608836507e+00
1.991620959596687168e+00
1.918135933231606804e+00
1.884312798617567175e+00
1.909325258929529978e+00
1.846431432052198618e+00
1.846688178610666808e+00
1.829000331165198778e+00
1.787366746171387355e+00
1.821262622623331495e+00
1.791444675838192779e+00
1.786867559977195929e+00
1.786092822962427995e+00
1.767938655333398446e+00
1.749459357255485958e+00
1.759499674179317852e+00
1.765024879010785419e+00
1.718295415867702403e+00
1.667227888155138560e+00
1.653341775463945007e+00
1.708268138400657721e+00
1.686694010546337719e+00
1.654601250414076130e+00
1.637033203535932069e+00
1.649115366235037294e+00
1.639749234178249138e+00
1.562170651166566060e+00
1.573359789099297412e+00
1.606424390653369727e+00
1.590114321973948197e+00
1.536347742084444246e+00
1.498347128746543744e+00
1.484777123273525179e+00
1.474930074675788072e+00
1.505245450802759066e+00
1.547673176922499838e+00
1.511859679254293098e+00
1.502748255883279427e+00
1.504090832005543277e+00
1.502725169419100393e+00
1.477607814553600463e+00
1.504905955647539262e+00
1.447727128593491397e+00
1.459358610235256482e+00
1.487777813420881445e+00
1.469978559374037763e+00
1.462478503245902672e+00
1.486892769321451313e+00
1.470863848811282404e+00
1.466848559066377344e+00
1.520292693621271507e+00
1.475405526948417201e+00
1.451543337438077952e+00
1.474211344529089640e+00
1.446671256109553605e+00
1.441695240624079055e+00
1.505480646264125921e+00
1.491325516039331278e+00
1.526710836636861579e+00
1.512413581267785911e+00
1.538465412387302944e+00
1.525062749380017069e+00
1.507710864801787176e+00
1.531793199499825509e+00
1.575352154537492888e+00
1.589172675396942847e+00
1.590889262526083092e+00
1.554634267972438977e+00
1.548657736148170372e+00
1.599901495680756458e+00
1.624863995671305572e+00
1.586402335549713438e+00
1.570715627060846886e+00
1.613630639424510793e+00
1.612192974512537180e+00
1.648876753554312069e+00
1.713713065104311983e+00
1.701925485776335290e+00
1.667713032978944465e+00
1.684559101204176956e+00
1.701167506502775595e+00
1.719860951363840540e+00
1.797502885356270230e+00
1.831736314379040387e+00
1.805077830014866214e+00
1.787640395834105833e+00
1.828823334173510728e+00
1.874580333386826725e+00
1.858800444803237362e+00
1.896100006674457772e+00
1.927224544257053251e+00
1.953664763354686862e+00
1.923008544338641101e+00
1.956658583025682629e+00
2.035536747582971095e+00
2.042506849076396236e+00
2.106307991531659152e+00
2.138695174898090023e+00
2.196067363478838352e+00
2.289398272372916487e+00
2.264372730063338945e+00
2.291921902765180263e+00
2.328648352903954777e+00
2.345303550550669858e+00
2.408388611251945921e+00
2.439418419340027455e+00
2.494512341435068947e+00
2.574895902536936898e+00
2.649489353338573938e+00
2.754065051930222996e+00
2.749703610071525972e+00
2.827965432406748025e+00
2.939398852677700624e+00
3.070571825575023173e+00
3.045282340143957711e+00
3.126974452719611275e+00
3.199347148802589302e+00
3.272407735333688894e+00
3.447151061751702716e+00
3.532283354140949072e+00
3.713564432558345452e+00
3.644319740642297134e+00
3.779882558013178517e+00
3.891301376695932124e+00
4.135360382962719683e+00
4.283627047096524976e+00
4.402246776406298245e+00
4.687753897505231748e+00
4.869955654206636453e+00
5.131836543065038114e+00
5.176573204841788289e+00
5.506366821449157456e+00
5.795309593205693943e+00
6.213422068990318792e+00
6.446534158734688269e+00
6.531947120441635057e+00
6.846409323475064923e+00
7.323674365081757287e+00
7.947092819311354361e+00
8.253527922788077120e+00
8.994758894834655294e+00
9.498027542319338323e+00
1.018131581526579410e+01
1.067340241117961774e+01
1.165765803265369094e+01
1.267148333340964506e+01
1.360523309180510054e+01
1.473351947543593354e+01
1.614152383188909567e+01
1.828096053222812145e+01
2.000899525091541875e+01
2.203084525953270045e+01
2.452003900518758428e+01
2.725093452070991162e+01
3.137375156528105080e+01
3.550418239580707080e+01
4.341864957232449740e+01
5.127983275829235765e+01
5.956137997753948810e+01
7.190518171165649619e+01
9.132685759788745372e+01
1.162381707567840721e+02
1.624750111135732027e+02
2.410842086433861482e+02
3.692660449276714871e+02
6.585417687100689363e+02
1.759351658814999610e+03
2.477825756825214194e+04
1.448110392116108269e+05
6.951135333773029561e+04
2.959091305157125134e+03
8.179399359477004054e+02
3.879228342766532478e+02
2.397905635722388524e+02
1.673892364825913148e+02
1.169277842653804242e+02
8.446465590933435408e+01
6.629233149516784351e+01
5.450012371681149403e+01
4.440380256804361636e+01
3.666585344044386829e+01
3.098708725895718175e+01
2.682360574804001274e+01
2.340932840244254010e+01
2.019512741096170316e+01
1.734623898114436358e+01
1.590185605224261067e+01
1.380510553319513178e+01
1.248785120218570022e+01
1.119248996215659098e+01
1.000655490544887094e+01
9.077634042242801016e+00
8.383501346598521309e+00
7.616816903548013329e+00
7.027281107441845087e+00
6.531505696461824328e+00
6.068388333452101158e+00
5.630431752284098756e+00
5.413209997713844146e+00
5.061871897488777527e+00
4.628169165898800230e+00
4.297665409681378890e+00
4.116884609585382826e+00
3.778161606219967439e+00
3.457082554273895880e+00
3.267469266451866972e+00
3.122199171281096142e+00
2.918026325472959037e+00
2.804181808190697733e+00
2.608449696676165885e+00
2.492248293598191999e+00
2.346948912652389474e+00
2.281435795836412872e+00
2.194803772213399728e+00
2.056385046169290298e+00
1.980535938649827132e+00
1.855053262162024152e+00
1.768976527837596846e+00
1.735784052443963388e+00
1.633438944786374192e+00
1.527002771768466216e+00
1.467569411279365577e+00
1.431222252983001431e+00
1.396270962568506802e+00
1.347351662519515436e+00
1.275013092265375292e+00
1.194471893711637867e+00
1.166896630075219043e+00
1.135005284032233996e+00
1.073715226668975342e+00
1.045802623514427987e+00
1.016342190554555547e+00
9.520601077132370138e-01
9.345363755702950082e-01
9.006704728254876224e-01
8.739208122291584058e-01
8.214241706403240251e-01
8.010378978034665698e-01
8.108347926899976965e-01
7.867836353373939273e-01
7.565298027071547526e-01
7.408141666349850052e-01
7.090709124544093411e-01
6.774414224793634531e-01
6.593946916299183725e-01
6.372304993048631960e-01
6.171258816316274043e-01
5.995703202442880242e-01
5.824815050561586993e-01
5.807284471317936125e-01
5.709470298788752451e-01
5.310483292781975617e-01
5.086194615542481978e-01
4.943766867686845701e-01
4.891514727909653804e-01
4.910772262809851574e-01
4.856160806462376245e-01
4.572156544589779381e-01
4.395079896707768663e-01
4.255024927289361991e-01
4.244190332108842001e-01
4.241606971998873044e-01
4.062774842731234903e-01
3.991529854999756877e-01
4.043535660696271350e-01
3.849284161344689870e-01
3.732608369219109212e-01
3.633215256107533708e-01
3.546038184395803872e-01
3.581951092596821762e-01
3.414435943607404544e-01
3.337048815686175507e-01
3.249631551463803003e-01
3.214299708296000091e-01
3.206596810890060545e-01
3.136729215150846906e-01
2.982061828480701560e-01
2.931843008029916264e-01
2.839853616422038374e-01
2.874843257862340073e-01
2.747664162061203008e-01
2.686760492683958335e-01
2.646415271434893191e-01
2.565425008733735468e-01
2.495555196086509664e-01
2.463871875141274148e-01
2.404759491275038630e-01
2.445710379193228035e-01
2.387576020250118947e-01
2.278113444762042972e-01
2.210033273651662022e-01
2.233883889432707048e-01
2.196382160189820909e-01
2.143242533439362885e-01
2.090912589745469730e-01
2.084200716498143535e-01
2.065868135021329544e-01
2.012192026210189999e-01
1.910407738732601279e-01
1.912551742739271865e-01
1.860955713715700954e-01
1.855343295580544893e-01
1.775211251718554206e-01
1.770842353802378755e-01
1.736356358889568630e-01
1.660183933727423511e-01
1.646361506899087779e-01
1.628599965415086503e-01
1.554651326060997318e-01
1.537818168221917470e-01
1.506573898317556393e-01
1.432183128203687039e-01
1.417626819842393859e-01
1.354659910856023941e-01
1.396313401234722806e-01
1.353340169086744427e-01
1.290169527846514452e-01
1.288116224034883406e-01
1.286871564585019834e-01
1.280941710829145708e-01
1.376222432430793119e-01
1.222812685247780251e-01
1.126658719422861249e-01
1.168778191701315000e-01
1.163650202963258246e-01
1.082669434708027206e-01
1.093099361188001467e-01
1.086528566700332293e-01
1.069127323700181237e-01
1.060989911636634198e-01
1.059704299782602277e-01
1.017014462265943137e-01
1.045424727875393783e-01
1.039206873913714330e-01
1.046845405622934683e-01
1.023980897804366297e-01
1.073410049206955236e-01
1.088969744363352948e-01
1.094402765125422061e-01
1.143618059052544794e-01
1.176981845233266988e-01
1.170094046095537105e-01
1.257906329023340264e-01
1.255121565497807901e-01
1.285467895698458596e-01
1.340940492519831773e-01
1.476380842954452544e-01
1.580181092347861249e-01
1.654646655820771750e-01
1.710286975921729291e-01
1.857163378035903700e-01
1.940588690708370534e-01
2.076256961730514328e-01
2.350408048127661798e-01
2.571092312204150132e-01
2.865459717148274854e-01
3.096676624454791082e-01
3.457613381141312336e-01
3.759885949857337262e-01
4.160831644102805371e-01
4.613061685656955069e-01
5.289375841355210550e-01
5.984922455675606434e-01
6.798612150101789320e-01
7.912730859661866178e-01
8.739146483642239449e-01
1.007831233088939848e+00
1.185316411891986110e+00
1.379848382160454578e+00
1.664758785905220639e+00
1.955203362942628198e+00
2.298592387391852565e+00
2.728973204999622926e+00
3.251462971962241877e+00
3.786205976646012328e+00
4.416844432032387857e+00
5.345040532812989298e+00
6.688582790796075095e+00
8.167790223261611970e+00
1.037186971196794083e+01
1.295046141718749055e+01
1.629639551874158343e+01
2.011629857098280638e+01
2.457678254428132547e+01
3.110247146003305829e+01
4.027981209598321044e+01
5.234913177094860259e+01
6.787804709549595827e+01
8.733636356406550760e+01
1.160640693867041477e+02
1.579830664776370384e+02
2.107970865804103937e+02
2.925048410485320005e+02
3.962408075274910857e+02
5.385030301737818945e+02
6.855866548972774126e+02
9.365781885848523416e+02
1.078128069751869589e+03
1.199021085674191681e+03
1.093222043118477814e+03
8.388627854541806528e+02
5.833961277712921856e+02
3.655889273330009814e+02
2.139803804849005644e+02
1.228558556351105295e+02
6.927872491473928562e+01
4.029666155563624841e+01
2.583640671088810237e+01
1.952441237044729405e+01
1.650878989948815345e+01
1.594504675688434858e+01
1.595935140595249457e+01
1.624438761213121651e+01
1.660081738744853297e+01
1.692882431542765076e+01
1.718829807181570501e+01
1.737982892500009413e+01
1.749613384093621349e+01
