1.714367205038137014e-06
9.963237299524134300e-06
2.533081646662202154e-04
3.809702777209190983e-03
2.814451703606138736e-02
9.664713665654860175e-02
1.784909174934335985e-01
2.102851295719038172e-01
2.110384558555573886e-01
2.154496176469753443e-01
2.158047990721635168e-01
2.126613929611274045e-01
2.140750179221090066e-01
2.125991746695292117e-01
2.115091083082258072e-01
2.115268761178148160e-01
2.122162904880468826e-01
2.140893348174178756e-01
2.153223267208835279e-01
2.154768363516897101e-01
2.164543246730622206e-01
2.172915267429997299e-01
2.186607646963426854e-01
2.179168612307735842e-01
2.196581396065573899e-01
2.219546158205534803e-01
2.230556577957626130e-01
2.243906135066278673e-01
2.258920329561482643e-01
2.275584794062672778e-01
2.290150950022465659e-01
2.305261246619749460e-01
2.323853346851831314e-01
2.343877257728028685e-01
2.358227022190067246e-01
2.379234871698183151e-01
2.404943609766415635e-01
2.427132615025864026e-01
2.438516732832360923e-01
2.462204887252108787e-01
2.482855637045453812e-01
2.501905692891328581e-01
2.519570883926689486e-01
2.552182536312951333e-01
2.582463280929287452e-01
2.606853572988674372e-01
2.633852099694639626e-01
2.666035215060397756e-01
2.692405018437485920e-01
2.719022572697162854e-01
2.754701119104854823e-01
2.789495844018650694e-01
2.822952382623681866e-01
2.863589647848492348e-01
2.899127761346686483e-01
2.938636837020387471e-01
2.972652712674331843e-01
3.007061606704033996e-01
3.059622952231503823e-01
3.101167171793694499e-01
3.132630172494023646e-01
3.179022014583752775e-01
3.232848649655473139e-01
3.289695540010669772e-01
3.339993662278007980e-01
3.388080906713000218e-01
3.448148998711074165e-01
3.508214238998194623e-01
3.578223134799525806e-01
3.642687871473840877e-01
3.696950244300833965e-01
3.769177254978887115e-01
3.840453889455499037e-01
3.907706338975682203e-01
3.984918660239469279e-01
4.061241066897950391e-01
4.133479151781868088e-01
4.220447610553171858e-01
4.307420118263428632e-01
4.401993610622730313e-01
4.499355750309910751e-01
4.601133210409183993e-01
4.706434577895957649e-01
4.808953747795021716e-01
4.918820779776203467e-01
5.024193143061037592e-01
5.150343754258412954e-01
5.283221470724441815e-01
5.421676164848464596e-01
5.564911803014354064e-01
5.708184143342427408e-01
5.859147788460780104e-01
6.020669847284353393e-01
6.197153006112847695e-01
6.366659011839513882e-01
6.550956276202295481e-01
6.743049446248913226e-01
6.940733176781278546e-01
7.158741103901314906e-01
7.391890522145841969e-01
7.618434193810349475e-01
7.871645263443982632e-01
8.139180610566157936e-01
8.432583879746580191e-01
8.730493757667905363e-01
9.028821790615271237e-01
9.351022897206943130e-01
9.705186146654525281e-01
1.008170144550090797e+00
1.047423621093074519e+00
1.089913318654433416e+00
1.136632092333434985e+00
1.183489963427649894e+00
1.234074565205341534e+00
1.290200005624806634e+00
1.348532750746482600e+00
1.410655407092422653e+00
1.479569895057700535e+00
1.552919963777175116e+00
1.632460095370328101e+00
1.718649042551913642e+00
1.810321675920706586e+00
1.908987559819415036e+00
2.019183251425237025e+00
2.141506980975984575e+00
2.272636562395347060e+00
2.416736798324101709e+00
2.576284241073022230e+00
2.748080780565717696e+00
2.944603023219131366e+00
3.162547883156596740e+00
3.401294573457437576e+00
3.668349264370618368e+00
3.974767740697304763e+00
4.321875597833354732e+00
4.712028777942460778e+00
5.155684555628272214e+00
5.673016311087411445e+00
6.274368826757211970e+00
6.975894212116798165e+00
7.798016619623377110e+00
8.783392577327353123e+00
9.966363073177268106e+00
1.140349051716785844e+01
1.318792121130829642e+01
1.542793473291800055e+01
1.829922806766977317e+01
2.204556655668802634e+01
2.709622745453684090e+01
3.413786935443630455e+01
4.436032361677459335e+01
6.002456606369630521e+01
8.620610269450399699e+01
1.349403498439464215e+02
2.473367130441395147e+02
6.728679886563404580e+02
1.347941156716317164e+04
1.417312311110063747e+05
9.445070469615131151e+04
2.862320887961445351e+03
4.173105084299916712e+02
1.866727262893786587e+02
1.097623005738589654e+02
7.294292232018290179e+01
5.225051072972095767e+01
3.928150811489465610e+01
3.064576888539218302e+01
2.459013556093249164e+01
2.016284854908637669e+01
1.683897049248835742e+01
1.427950016475222839e+01
1.226326019410239354e+01
1.064738491762116901e+01
9.331003069134316874e+00
8.243182043121873193e+00
7.338971626027274375e+00
6.572938863872835213e+00
5.923222689269125318e+00
5.367478267565183536e+00
4.883109026108279238e+00
4.462308578259565728e+00
4.096063248129758527e+00
3.770883721488923257e+00
3.482978946422190969e+00
3.227155369664379769e+00
2.998957524478734094e+00
2.798161778783232467e+00
2.613704534114817513e+00
2.446816398542982274e+00
2.295339976198511156e+00
2.157191045950974218e+00
2.033665538215386981e+00
1.918710528691381922e+00
1.811885855020338942e+00
1.716421399545795978e+00
1.627642746323098910e+00
1.545922012242822774e+00
1.468528170602586336e+00
1.398041670788977120e+00
1.332143516642834147e+00
1.272776547324425023e+00
1.216619917777099547e+00
1.163739283815461656e+00
1.113842191988624331e+00
1.066534572753839560e+00
1.023088977873602312e+00
9.818796971597856249e-01
9.438765176277079672e-01
9.078698762807698719e-01
8.740385593262240960e-01
8.419615772122100994e-01
8.113743643593274157e-01
7.824303561071445090e-01
7.559981559790857064e-01
7.305427292646881066e-01
7.052283502360067180e-01
6.817747070050329539e-01
6.604397346798390744e-01
6.394850212322181759e-01
6.188297249871835826e-01
6.005705090685240499e-01
5.823353636386464638e-01
5.651155383099650820e-01
5.492132740918320710e-01
5.330355335559378016e-01
5.176487249753705111e-01
5.025508426536637874e-01
4.898278028517918936e-01
4.768623345536694424e-01
4.643626954416702479e-01
4.506460498503581658e-01
4.383544555405711196e-01
4.280326358094765360e-01
4.175100778628401677e-01
4.062994917810433537e-01
3.963275539302890671e-01
3.867416744354499336e-01
3.775137564583158079e-01
3.680298533779939318e-01
3.601981836121225244e-01
3.525434971721400079e-01
3.445570349920839548e-01
3.355990338542272911e-01
3.285065264176033617e-01
3.225405543804159558e-01
3.147617515893993967e-01
3.075190759254877726e-01
3.011707082990185413e-01
2.954305093253817849e-01
2.890586277409771254e-01
2.837206869643584817e-01
2.777673339122466722e-01
2.717459957617022193e-01
2.668941592740161628e-01
2.615726398086206106e-01
2.558109877736228222e-01
2.511536463018915755e-01
2.468933990120690813e-01
2.439064842402033639e-01
2.393416106630476825e-01
2.325322978987689748e-01
2.283817473153737510e-01
2.249837973348403630e-01
2.210692713515999275e-01
2.169851650082111616e-01
2.129968104307126964e-01
2.094249881118146195e-01
2.055214722236290426e-01
2.023022836984434136e-01
1.985910736639974195e-01
1.954872100385231515e-01
1.923283210107677443e-01
1.888690030783570506e-01
1.857004876707958052e-01
1.827372783186922423e-01
1.793836619236636176e-01
1.763475490132409840e-01
1.742333204338459840e-01
1.715893514218538030e-01
1.684530900285652055e-01
1.663510189686780438e-01
1.638891400129594000e-01
1.610945819085814468e-01
1.588950591261955869e-01
1.570514144990211580e-01
1.544175574763794745e-01
1.525831356729076271e-01
1.511992775428908364e-01
1.489772643451436618e-01
1.472870104503965216e-01
1.456006673853556810e-01
1.445857177303090935e-01
1.435434902997125284e-01
1.417151054767669949e-01
1.409945683084243839e-01
1.409767135288259865e-01
1.407102171089797127e-01
1.407968211682521786e-01
1.418359276912324329e-01
1.430949542310566425e-01
1.457804208868954954e-01
1.497400365776467568e-01
1.548527020794570885e-01
1.631735816021653851e-01
1.749568505341161373e-01
1.917920284182611512e-01
2.162369492397887560e-01
2.549651274049147820e-01
3.183013277633556792e-01
4.379591053341056472e-01
6.178652860059893337e-01
1.021198192021885331e+00
2.247611179409461535e+00
1.249587192145582293e+01
1.690756529252142286e+02
2.406194027451878128e+02
3.013387616074416542e+01
3.393906699260697657e+00
1.609020525440258975e+00
1.015167292016544875e+00
7.292637118791771567e-01
5.672592326637898585e-01
4.647682438808363736e-01
3.958593730886547646e-01
3.467523261005598378e-01
3.092179071557452641e-01
2.811765582533969354e-01
2.586970541094645859e-01
2.403389731564399556e-01
2.257186493683434880e-01
2.130756030665477141e-01
2.020919780306765501e-01
1.928186793358866724e-01
1.846998308050530890e-01
1.782246679025259184e-01
1.722854706081105303e-01
1.663433896695994119e-01
1.609521920796481154e-01
1.569855055916861697e-01
1.531211523483292647e-01
1.483700140345340368e-01
1.450488014224649014e-01
1.414633187698495498e-01
1.382747719054778779e-01
1.356935353320935234e-01
1.337385278853186477e-01
1.317060245779762828e-01
1.295637992230594671e-01
1.289195943197037897e-01
1.293990570453565081e-01
1.244519464908008105e-01
1.264306399245737345e-01
1.241835985310784929e-01
1.182206104824071458e-01
1.164996942056731738e-01
1.150914995702124050e-01
1.141767847657252227e-01
1.137036003790934668e-01
1.155645131792727154e-01
1.534652899891172373e-01
1.843287125524121772e-01
1.211766511958758952e-01
1.071407279508896498e-01
1.042069573674613836e-01
1.030096188981395045e-01
1.019153100845003740e-01
1.007301071213003024e-01
1.009735006160485254e-01
9.970894512233616225e-02
9.797190511227783782e-02
9.687771393687338861e-02
9.602341053409961524e-02
9.544967682972754774e-02
9.432588026250521285e-02
9.356414181766510574e-02
9.329781504724334040e-02
9.351662859711727671e-02
9.202275296983158936e-02
9.067319461412629011e-02
8.965700802722259555e-02
8.885905977890322383e-02
8.799735286348094043e-02
8.648729864510809606e-02
8.599689245581802755e-02
8.566962747115529353e-02
8.426102916598998682e-02
8.287331054446744893e-02
8.250621932208047904e-02
8.231002526170701217e-02
8.141798164008243188e-02
8.050626297068484705e-02
7.929440249979455291e-02
7.854126666119205791e-02
7.790038484395475638e-02
7.659103756766856563e-02
7.555864760457468854e-02
7.497591881516055268e-02
7.383179808518323950e-02
7.417904672131639399e-02
9.099716339964025735e-02
9.063964602724453035e-02
7.233491558243543285e-02
6.975465565541845436e-02
6.829501372580479290e-02
6.661331052232125072e-02
6.498027045234475163e-02
6.373650374632594540e-02
6.246199597741478038e-02
6.262273542080690203e-02
8.103074728684900307e-02
2.046151695777238821e-01
1.672187036607953592e-01
6.262721281556908604e-02
5.240604220563097743e-02
4.973952922298745943e-02
4.787753614100347110e-02
4.476048503188430339e-02
4.245529166891142542e-02
4.006575223071259101e-02
3.763623954084424628e-02
3.551374037848548798e-02
3.338420174593038220e-02
3.112065259244696167e-02
2.904608332073259358e-02
2.678820660833216780e-02
2.481883414207992217e-02
2.283091179832183459e-02
2.089594570888943584e-02
1.898601546048041266e-02
1.715233660600394561e-02
1.549907646065823257e-02
1.408810648106778932e-02
1.265416899171919671e-02
1.131003407181907505e-02
1.006252455035748852e-02
8.912400761499834553e-03
7.846792857954304826e-03
6.953549856043932630e-03
6.081255225771629511e-03
5.318891386265334024e-03
4.639931779705798974e-03
4.057291702208447835e-03
3.504891108136609472e-03
3.039025233765735388e-03
2.653300796185655529e-03
2.284284559365592181e-03
1.952321739473346189e-03
1.669271425654966301e-03
1.436546492146991479e-03
1.346567957210989194e-03
1.432542679629203149e-03
1.018928597608078799e-03
7.509787096392345467e-04
6.279730078324264253e-04
5.278057777632711106e-04
4.414924655022432320e-04
3.684220198918909542e-04
3.077676199592343088e-04
2.576650491799952749e-04
2.150309738004961655e-04
2.016779198283467781e-04
2.118651062706078110e-04
1.393862355436993150e-04
1.000091022764801292e-04
8.182233370563005430e-05
6.656550075410038684e-05
5.557743005496029140e-05
4.746333778627454003e-05
4.248445956625834129e-05
4.204438696678360087e-05
6.763568380129897578e-05
4.014022859393409745e-04
7.913067353797066487e-04
1.987250102327533846e-04
1.931134695148669056e-05
8.375086106032641974e-06
5.165282716803187027e-06
3.513889791453785471e-06
2.482726536203311709e-06
1.776833553404792738e-06
1.278243993493865441e-06
9.149488178053782696e-07
6.506508463577252719e-07
4.594778343077307888e-07
3.213040511237891299e-07
2.219481368312425461e-07
1.515281264746753173e-07
1.020265490511791165e-07
6.765763130962425901e-08
4.411067734851622917e-08
2.826645124608477106e-08
1.774848374515702860e-08
1.089057540129550383e-08
6.542247018752728048e-09
3.832052575360679503e-09
2.165261840268693444e-09
1.190904943527531136e-09
6.333286443395007126e-10
3.262725109864209095e-10
1.614945900613589424e-10
7.833243316627755077e-11
3.894972526908038128e-11
2.082597674784487444e-11
1.352739218147688420e-11
1.041513881984985932e-11
9.625087640014894004e-12
9.115847217043066345e-12
9.061015491165544980e-12
9.005588955690706558e-12
8.983484359944629567e-12
8.967665046288620191e-12
8.957524822776915695e-12
