6.636956209873258794e-06
5.784272188805735339e-05
1.507894727430610831e-03
1.955307683724063703e-02
1.196841850481617509e-01
3.325661915941334201e-01
4.804101173636479705e-01
4.732552015306505377e-01
3.946532842496079385e-01
3.278971550101685839e-01
2.728133342994782384e-01
2.301311746029883754e-01
2.036323918267124167e-01
1.808134029481185678e-01
1.629235898420592077e-01
1.497154771134037443e-01
1.389320566292295556e-01
1.331350358163105041e-01
1.299337116177225471e-01
1.273075583380624820e-01
1.253765736051462576e-01
1.225896232211066000e-01
1.207445261499153072e-01
1.218766959025922025e-01
1.245662815934114320e-01
1.270127934647575785e-01
1.296288165739733766e-01
1.325884592083063362e-01
1.362221333248630484e-01
1.402864094334362877e-01
1.438179746267655157e-01
1.472410017117783965e-01
1.514441376614890922e-01
1.564380228914894755e-01
1.620744686150832892e-01
1.673199650956569695e-01
1.726840221700614852e-01
1.752596729542345022e-01
1.793669213246835425e-01
1.824973424725046811e-01
1.855449822410606686e-01
1.900846666854164868e-01
1.897013173880341408e-01
1.899845363306320867e-01
1.954184238791953909e-01
2.012615256435376643e-01
2.064627995981368758e-01
2.127988570141987612e-01
2.233872545754042871e-01
2.313010686357771239e-01
2.329220339955465624e-01
2.320968749637634942e-01
2.327088692214451804e-01
2.370274115694012973e-01
2.401347337255385350e-01
2.391811559359573180e-01
2.383981728655166776e-01
2.417776579361824718e-01
2.429341758263703355e-01
2.396015164968265110e-01
2.349955982121499920e-01
2.296891620221278296e-01
2.248696358827157737e-01
2.203267082276594013e-01
2.166908791308656546e-01
2.130699453850979086e-01
2.098288618577907605e-01
2.071055996015647160e-01
2.055056944630176408e-01
2.055166981007055804e-01
2.094619302474302336e-01
2.124151398803370006e-01
2.108160184015639704e-01
2.072606939176606933e-01
1.993399477185288371e-01
1.898673323607333041e-01
1.835948733899425422e-01
1.787976842944359046e-01
1.750155668568316447e-01
1.699994366063123652e-01
1.626726859359944599e-01
1.556607008519184931e-01
1.487983225522575004e-01
1.410358110148294541e-01
1.331082131564232107e-01
1.250785324797703824e-01
1.168902555850097197e-01
1.083166174437198565e-01
9.955728573862639152e-02
8.964350891161411428e-02
7.922951409214612495e-02
6.817451270107334482e-02
5.982612341476230278e-02
5.921270113609104074e-02
5.680642454852524725e-02
5.072566406492967639e-02
4.640774520466948300e-02
4.341997201085601860e-02
4.056191039972067980e-02
3.755912980081956010e-02
3.460584405345098341e-02
2.918971511149930781e-02
2.316416568055784317e-02
1.898510302509351030e-02
1.595423904044285940e-02
1.361679909602050813e-02
1.189642595619878548e-02
1.029838203227556592e-02
8.858639739814412606e-03
7.562690424064376880e-03
7.195787434856136706e-03
7.266528837244620384e-03
6.729164411773138309e-03
6.484038622799845678e-03
6.433809094012160439e-03
6.692826157388547317e-03
7.183920282500933126e-03
7.685340982970760050e-03
8.446899637661681171e-03
9.538306584473485103e-03
1.055694365523660548e-02
1.171960245356962020e-02
1.319013051328493322e-02
1.463057927692359809e-02
1.642833645253046621e-02
1.814283624160446112e-02
1.991786461527531027e-02
2.215668532267886168e-02
2.435153148815618826e-02
2.685795652900178562e-02
3.079429629222639464e-02
3.622093024395225264e-02
4.240181648824242061e-02
4.967190450727002743e-02
5.506148804492397991e-02
5.734340560239227502e-02
5.996752014934080693e-02
5.968166382907015566e-02
5.737224942936198363e-02
5.761996697412482410e-02
5.437726690209853525e-02
5.354585216679056542e-02
5.520899092579913819e-02
5.604304919665491214e-02
5.976294831132594049e-02
6.229736137673952401e-02
6.523125487397436750e-02
7.041577230663298437e-02
7.503753064922671911e-02
8.195159489599114500e-02
9.200458124390520354e-02
1.059256154269592604e-01
1.227370662654808375e-01
1.410671461452385200e-01
1.616444778232597745e-01
1.769798415157027016e-01
1.882603635049424906e-01
1.933978464822425081e-01
1.852363694678932360e-01
1.802112506606366182e-01
1.730755131456997720e-01
1.659873087447422679e-01
1.653081918341951229e-01
1.658861329334081758e-01
1.702437621772407428e-01
1.776051650358755618e-01
1.824129978651621575e-01
1.901307485455381308e-01
2.005740797981516443e-01
1.953917296954280902e-01
1.921732907203901330e-01
1.801146732918136595e-01
1.690872351516560512e-01
1.582851251466626530e-01
1.520409366262978068e-01
1.514747764691448118e-01
1.591484976152348352e-01
1.782594368474665347e-01
2.051187855150731210e-01
2.371063140805784175e-01
2.590268936139413225e-01
2.670939665293073362e-01
2.651986610486272711e-01
2.621588444609715962e-01
2.588118524806271026e-01
2.687340186490058125e-01
2.739186280767426096e-01
2.646687924743884590e-01
2.547394229272601507e-01
2.340073560581843737e-01
2.181935011232110366e-01
2.144684717951508557e-01
2.169729685079998804e-01
2.292588450287389445e-01
2.308412660937342875e-01
2.348973982931263638e-01
2.258709549213763212e-01
2.110527739749984422e-01
2.160179237826684862e-01
2.064108525494029456e-01
2.248066322344897949e-01
2.417200575734131385e-01
2.192006355935486317e-01
2.336078008583947485e-01
2.279381670830448459e-01
2.207757397621195050e-01
2.569297694548337563e-01
2.611636335537734221e-01
3.049889524354269521e-01
3.491120977009483650e-01
3.105020300120942545e-01
3.386547356650841945e-01
3.510673204499527023e-01
3.399041585416611166e-01
4.062456325973369253e-01
4.475049603099457429e-01
5.002283999113277257e-01
5.561180479227292306e-01
5.516905234864697416e-01
5.708380677483633203e-01
5.769081029328402277e-01
5.376135869195441952e-01
5.730135441406265517e-01
6.015708245583661906e-01
5.825298898091753053e-01
6.040025492216007930e-01
5.712811886604689526e-01
5.236445461368034460e-01
5.212839282220428361e-01
5.283898107192344096e-01
6.044012392956251700e-01
6.352210081437466016e-01
7.114615521977972756e-01
7.318600668606732862e-01
7.196769564125508056e-01
7.762024855723426153e-01
7.321733228409007532e-01
7.264211984643152986e-01
7.356944967779105449e-01
7.133804260617219173e-01
8.144180624155997750e-01
8.908465995799451642e-01
9.281520677623114057e-01
9.067632536094548668e-01
7.398615255046190331e-01
5.983814011533175048e-01
5.799733354305506294e-01
5.847990221569447922e-01
6.082143639036386995e-01
6.310353604206384581e-01
5.821263703178947146e-01
5.555493877199053632e-01
5.677452023541523785e-01
5.131288476117856767e-01
5.169029246927062671e-01
4.815566750497117798e-01
4.083813687528079495e-01
4.755284538517942083e-01
5.029094692521138832e-01
4.671059413736359800e-01
4.754348238420947892e-01
4.908093760661812466e-01
6.058001955575427200e-01
6.838290151868791078e-01
8.497973847273266879e-01
8.887201510439909358e-01
7.356834563212218958e-01
7.379182313240625346e-01
7.845301969092229877e-01
1.078575564362454831e+00
9.716054363515969072e-01
6.328589495754696204e-01
6.712430703418512667e-01
7.213779334426367873e-01
7.484401844334428455e-01
8.430398822523765823e-01
5.993587613033032335e-01
5.082968100103175679e-01
5.698936344976225365e-01
7.064907322840632276e-01
9.551925402882581739e-01
9.146919023417527939e-01
7.844052320925648525e-01
8.498773993491718359e-01
7.516344731436995774e-01
9.343332928946320726e-01
1.139656920995751888e+00
1.167071665117716650e+00
1.447128356620909884e+00
1.490942304175407296e+00
1.402279986889698682e+00
1.610418358576112707e+00
1.509178452294649642e+00
1.087061582424430295e+00
7.094132439492127906e-01
4.000679649978337582e-01
4.162699393161501393e-01
6.073737541042094623e-01
5.709139882405985800e-01
4.408360430192941326e-01
3.921665389077645947e-01
9.941766584609019741e-01
1.393902436368332554e+00
1.557239837384731818e+00
1.989759658647684448e+00
2.233622084391863716e+00
3.144481428282578150e+00
3.543723203510497743e+00
3.865925817377218188e+00
4.298889943358418009e+00
3.413110549742664368e+00
3.778930351215573413e+00
5.343643526853391279e+00
5.936625553434854652e+00
5.653793991459587609e+00
5.045689020654651635e+00
4.259620530077482314e+00
4.421427259775531304e+00
4.815226972071385170e+00
4.801125267590936829e+00
4.716000475003546022e+00
4.579212548759271861e+00
4.503385487961004685e+00
4.676432877523748033e+00
4.031011638394252472e+00
2.998565851806522353e+00
2.552395961604486452e+00
2.609429114902850788e+00
3.140826132847927887e+00
3.398808002540065765e+00
3.310213621073679668e+00
3.070263508695825205e+00
2.934731274942386836e+00
2.763058042605152309e+00
2.030112844137013539e+00
1.907989440204477027e+00
2.163902282914752728e+00
2.225159067838190730e+00
2.544808748039762758e+00
2.495463546942125355e+00
1.824249501375678317e+00
2.260174217794300056e+00
3.260052664696948543e+00
5.197538153000082595e+00
7.235405815109031913e+00
8.497387836199388644e+00
1.055556328227840446e+01
9.222627488732896950e+00
6.210668437255509211e+00
4.696879713719782856e+00
4.181136939477786640e+00
4.719410595049232882e+00
6.380273152095425893e+00
6.777986311400898245e+00
7.554388611058640457e+00
8.501031621098046998e+00
7.332684414323789923e+00
8.660171636571805109e+00
9.420193720329006482e+00
1.042313452424483522e+01
1.175367629516095924e+01
1.198701464015291407e+01
1.288738904493315829e+01
1.394423931827617835e+01
1.431214906823185196e+01
1.294207290651193532e+01
1.094319645904805327e+01
1.151896785080890950e+01
1.428323409152711143e+01
1.635297848043306601e+01
1.636285205569495815e+01
1.370049467874134130e+01
1.131763170553549536e+01
1.173765017582940651e+01
1.295842852864507755e+01
1.464813136030529961e+01
1.520864380212806743e+01
1.337274234207893109e+01
1.195882431909709176e+01
1.102713876615395883e+01
1.218976618444126991e+01
1.381149190815835759e+01
1.514206888025594466e+01
1.761039706379816394e+01
1.923251048763803794e+01
2.163395550054099559e+01
2.673823016077821535e+01
3.169638196909780348e+01
3.104202462544433772e+01
2.920489193581526521e+01
2.884433946744573518e+01
2.571645543777104592e+01
2.304185527586141191e+01
2.618230422897410392e+01
2.641497020471974011e+01
2.575840448005266481e+01
2.524431333645058118e+01
2.386745315118030675e+01
2.581596919682524316e+01
2.711628909268050691e+01
2.282375786773454251e+01
1.919957457624580499e+01
2.018388230105511738e+01
2.050494859494178002e+01
1.765880738733631006e+01
1.461515723117710408e+01
1.081659315592116677e+01
1.268401197793397017e+01
1.413127762391801667e+01
1.421183684938215208e+01
1.287836020249299374e+01
8.903176537073164809e+00
7.882538029044600769e+00
8.208746964883511410e+00
8.545993283927423079e+00
1.145770656139485766e+01
1.359944935789360443e+01
1.449963307409051616e+01
1.382549618518407897e+01
1.389051493704103457e+01
1.398691312267959397e+01
1.221773420400449872e+01
9.908419996769399773e+00
9.176224415871510942e+00
1.010174824490758816e+01
1.118750970919980858e+01
1.143941394748245344e+01
1.064882657623316575e+01
9.239516948189939072e+00
8.691436790022095238e+00
8.420777443157403397e+00
7.876760911208501525e+00
7.707969921454362883e+00
6.795919884384555409e+00
5.431146227833284712e+00
4.757947389782703596e+00
4.104175931114749432e+00
3.148736039818714971e+00
2.123134124813186308e+00
1.601763657773652927e+00
1.510839589671664207e+00
1.559725531083842265e+00
1.513003969114037561e+00
1.250133391350470857e+00
8.288086988888624385e-01
5.609482484140790870e-01
4.225292717927360275e-01
3.803257943603702285e-01
3.241739643284591299e-01
2.186609365653957859e-01
1.382115362939537739e-01
9.511977032451078562e-02
7.294812658063205835e-02
6.671663824090444395e-02
6.539700447480574497e-02
5.306379382718624804e-02
4.396622937210953319e-02
4.409895348633584289e-02
3.991440406432079230e-02
3.231046476053543726e-02
2.379023450419450944e-02
1.734058566560174597e-02
1.304139618317934173e-02
9.602656873731810205e-03
7.379925354150249778e-03
5.586418767372260466e-03
3.920921882067608145e-03
2.826101706205620158e-03
1.926113322036462081e-03
1.259549619364751325e-03
8.736025113899243463e-04
5.731598517438144273e-04
3.475381215348304228e-04
2.217663322387333281e-04
1.420756646159028100e-04
9.171750651364180961e-05
5.836176863340874425e-05
3.385674784969944001e-05
1.919320828257071605e-05
1.048701072931051464e-05
6.013013917720540696e-06
3.779374254881056321e-06
2.153871833742027154e-06
1.182834214883896189e-06
6.548240584915571345e-07
3.433320815940190405e-07
1.768396404992344743e-07
9.258132584055899637e-08
4.942960175563708816e-08
2.681600308600885474e-08
1.441833049319851066e-08
7.978017432227357971e-09
4.340679261067998489e-09
2.363536387074021604e-09
1.333692034304857927e-09
7.784640073967458706e-10
4.726185803098386445e-10
3.168977836742545423e-10
2.273799341008354831e-10
1.768466669112458569e-10
1.531641917960597903e-10
1.361582012030532855e-10
1.276212790837367239e-10
1.212415181530645478e-10
1.164371696652507291e-10
1.130911904071611315e-10
1.100477042665114186e-10
1.077346388164623563e-10
1.057981231269508155e-10
1.043383169691849788e-10
1.033014716204173162e-10
1.026838751739714717e-10
