3.337908182712369193e-07
3.800798287262300190e-06
9.380611420942210088e-05
1.058420479851904759e-03
6.037249405947437732e-03
1.466057386092068683e-02
1.942237561903579698e-02
1.665774105922977061e-02
1.158475555772266359e-02
8.963769895018652845e-03
6.438242623392339756e-03
4.479335423032241269e-03
3.587421419375712035e-03
2.869275198792232799e-03
2.278648255602590614e-03
1.858440699201215421e-03
1.509583317891216711e-03
1.339337338606414948e-03
1.200326282507114964e-03
1.061152284800388019e-03
9.315142984384143206e-04
9.112035805548943839e-04
8.185876144060350154e-04
8.111778363508184101e-04
7.597472213164273855e-04
7.214328019104619032e-04
7.554066003602594691e-04
7.751737110192063887e-04
8.029479355990605006e-04
7.999027902232457932e-04
7.320924589613819712e-04
8.166697421216919089e-04
9.698415311989734122e-04
1.032914124602410432e-03
1.091264700830245609e-03
9.929714877301592559e-04
8.784089243143913123e-04
9.320507235729680578e-04
9.250601455687197400e-04
7.598417486963686060e-04
8.000033242099431575e-04
1.175408595799573705e-03
3.188878829441856803e-03
6.996967856468887768e-03
9.717809655511930322e-03
1.163565217595421974e-02
1.395869413393107696e-02
1.738284396937289644e-02
1.920028213478294082e-02
1.419916843677355815e-02
7.752302212069040258e-03
7.356485464478549653e-03
1.271340131051951552e-02
1.702520670911382428e-02
1.464135950367830355e-02
9.977405128603105550e-03
9.293582692911651552e-03
1.056313310077829602e-02
8.664314403856159669e-03
5.148632099137471010e-03
2.735639499021764662e-03
1.838590387097211462e-03
2.259364126155196783e-03
3.742162363442676394e-03
5.229613058545492382e-03
6.995032870623103978e-03
9.998530182218648421e-03
1.428821210647376189e-02
2.272549542451638566e-02
3.439654179361233133e-02
4.518823126808588220e-02
4.549429504941115976e-02
3.940910684492156951e-02
3.392841395078014660e-02
2.419850623655001379e-02
1.712569611629879973e-02
1.622439859136268897e-02
1.959518788264704922e-02
2.440293337279618793e-02
2.547845427070817223e-02
2.216299709413517560e-02
1.875063991668029020e-02
1.716699859256563127e-02
1.680532531797774426e-02
1.472544311060286493e-02
1.317020594375858250e-02
1.386728901378334392e-02
1.417174177151505829e-02
1.608553121633325006e-02
1.909190637650734490e-02
2.348421859607745243e-02
3.316898751898360309e-02
3.787732579004632338e-02
2.666004216606410876e-02
9.381155661497404125e-03
9.455308803592086045e-03
1.101029860814095943e-02
1.058393727137746203e-02
7.979912150615688787e-03
5.590923838231580748e-03
5.337313223770272057e-03
8.888098660496552075e-03
1.235697393935512173e-02
1.607658310767271295e-02
2.212651044768456157e-02
2.356649364612841899e-02
2.150027278883097012e-02
2.330319363958835779e-02
2.586532949817627047e-02
3.503241419546514190e-02
4.036990460143482368e-02
2.569130638619230786e-02
2.206489986741723766e-02
3.047867779427380561e-02
5.028872386848485393e-02
6.959025847049439550e-02
8.010911839171350191e-02
9.491479220862712729e-02
7.473365749165242211e-02
5.650810423782633846e-02
5.526043649894176596e-02
5.208767919563887794e-02
4.932028103277204950e-02
5.652602330321516294e-02
5.791633905192791060e-02
6.067859741543096125e-02
7.677855912202712074e-02
8.670140420051734853e-02
1.044238390412618595e-01
1.340860992682260944e-01
1.518266771836712936e-01
1.524846508645800180e-01
1.434305178881012388e-01
1.240339890259564842e-01
8.355929775980104612e-02
5.981965980938201005e-02
4.450424512254089887e-02
3.087650035262646739e-02
3.704904137260780356e-02
5.225746931425875180e-02
1.089590153174802983e-01
1.590765608900924777e-01
1.980846617772310803e-01
2.646680729343853788e-01
2.844188085506093588e-01
3.183421886905187792e-01
3.768024805046892856e-01
4.018320223600890251e-01
4.160311915905115510e-01
4.369283740991229403e-01
4.604443603732609192e-01
5.184538580812473318e-01
5.393529124725973123e-01
5.120344752187157011e-01
4.426372983724759513e-01
3.364339268352314893e-01
2.537606470015420501e-01
1.678222235727091505e-01
9.321590244515171042e-02
6.598886583072191558e-02
5.119028661562782107e-02
6.244545142053892217e-02
6.700803523552739671e-02
7.668881492567702907e-02
9.130429386663298230e-02
9.436300320996894586e-02
8.428824225386116753e-02
8.891092243843513876e-02
7.663612523398140308e-02
5.714741687831021572e-02
4.751257509643803251e-02
3.632354787306191907e-02
3.275688780798442085e-02
3.827519647736109254e-02
5.705673868658590192e-02
7.220500088520072357e-02
1.026820064073732386e-01
1.185209462932803465e-01
1.313934555748657862e-01
1.356946859904985814e-01
1.045827361265458250e-01
7.189954668529621729e-02
4.941799885617363663e-02
3.617931005813197071e-02
2.929318518022208662e-02
2.937293022270892270e-02
2.126533109445324227e-02
1.268054820467422357e-02
1.237082213002009025e-02
8.377469003756327082e-03
5.222939200510588395e-03
1.015322051769209505e-02
1.374234310105714937e-02
7.817916956940906131e-03
6.234021128881502005e-03
8.693652341266056710e-03
1.278460476857889994e-02
2.615450809011879429e-02
1.788231785335389970e-02
1.735087961488262012e-02
2.358220573187967684e-02
1.783275413405055465e-02
1.781919039063072085e-02
1.619878381020446040e-02
1.814117058648762396e-02
2.896569526025931721e-02
2.252045267963057387e-02
2.256388640475440882e-02
2.719795565199189386e-02
1.882337662843211815e-02
1.712124087292645966e-02
2.114046451975250610e-02
2.073584660927229109e-02
2.182247720455195161e-02
1.694288987452585368e-02
1.343862780130811868e-02
1.494508066802382844e-02
7.430198106625644783e-03
6.922025197422175882e-03
1.074054043570323545e-02
6.386849842478372653e-03
7.058018132179108041e-03
7.410054959292843198e-03
7.426998826559208858e-03
8.163705180605331305e-03
8.271593023044147147e-03
1.190739850811689884e-02
1.312140656676237006e-02
1.236726875713984111e-02
1.250412289374452750e-02
9.879757533668615671e-03
8.365754966484775443e-03
7.392853524110631208e-03
5.969148731792345980e-03
5.817088917081133896e-03
4.838206287322944360e-03
4.692401051801321603e-03
4.324622805587471051e-03
3.539255228908654450e-03
3.341206962881503907e-03
2.505430752303558755e-03
1.808445587743974904e-03
1.446099070679009689e-03
1.107052245047566085e-03
8.902280696097598662e-04
7.058461895576617672e-04
4.750221100767049870e-04
3.224116693886700229e-04
2.648934430742984824e-04
2.892041309460975976e-04
4.797793082801095582e-04
8.088242400633483030e-04
1.183792471205098512e-03
1.699960191865936476e-03
2.294844520549794986e-03
3.098139603078646238e-03
4.375945582068831510e-03
5.687340449378290586e-03
7.080930015768513268e-03
8.102913835581542976e-03
8.822736019738496721e-03
1.035826338471664866e-02
1.151027267930521819e-02
1.217044312635215571e-02
1.254482601150874906e-02
1.226894191088851067e-02
1.302704277583877253e-02
1.375899032586362647e-02
1.670957944153200411e-02
1.976816499315596845e-02
1.841751635271130644e-02
1.960563385442725196e-02
2.061655443491578962e-02
2.187577358056749799e-02
2.413057689921139365e-02
2.299777324830862626e-02
2.401836461076317306e-02
2.777742711770774670e-02
2.847492083810569674e-02
3.152697097975402929e-02
2.980227777373641029e-02
2.535772256441841746e-02
2.661548354951706261e-02
2.556366863984367924e-02
2.635166153063748726e-02
2.842966285989016739e-02
2.506669567580023170e-02
2.444753814382865514e-02
2.326784441797942124e-02
1.993401721524650991e-02
1.899451344492951096e-02
1.717824606768811324e-02
1.589255366965611899e-02
1.601735053465823053e-02
1.600141718431280155e-02
1.799447934968656862e-02
1.851706628634222987e-02
1.746557222841453941e-02
1.759402818770930410e-02
1.677982059266090731e-02
1.714990652597979046e-02
1.820902917203230664e-02
1.727202410500341956e-02
1.654859508120920183e-02
1.482043777706261445e-02
1.286832335785136582e-02
1.135572515975935039e-02
9.128410990755812457e-03
7.493266337140764254e-03
6.475727077585680634e-03
4.923162609331043979e-03
4.150730208446655814e-03
3.279689044353013144e-03
2.300714780466376133e-03
1.615398988187446028e-03
1.057506409627147247e-03
7.383218316964580219e-04
6.374084745320490785e-04
6.017511883303044550e-04
6.803787877876098147e-04
8.490025052709732414e-04
1.139806126740399795e-03
1.547491975409097473e-03
2.123467541781075274e-03
2.771355381351401932e-03
3.700246349858176201e-03
4.679296130238858216e-03
5.994299624910211927e-03
7.434470157304354752e-03
8.300269818462551949e-03
9.200637557166808575e-03
1.063060436469613970e-02
1.227417832409750074e-02
1.407252134635105477e-02
1.605468931318177264e-02
1.862110864591440262e-02
2.082419121354441710e-02
2.274789959256385066e-02
2.497882129964301354e-02
2.615819606120805760e-02
2.863482855111597683e-02
3.310610826218662178e-02
3.702786943858190488e-02
4.140642686863042071e-02
4.380495826895593192e-02
4.406302383689544855e-02
4.503628981400259468e-02
4.228902964434588102e-02
3.989334195800749161e-02
4.127902306024315571e-02
4.310590894066895079e-02
5.120511697541162144e-02
5.510985887277589090e-02
5.113005982015515760e-02
5.114856878161405662e-02
5.037035392455504329e-02
4.912933452607302909e-02
5.210532086507473071e-02
5.330346367492420218e-02
5.393501432593247186e-02
5.415631940197496164e-02
5.362693511836246624e-02
5.129389314577785519e-02
4.840423703216478052e-02
4.600325191923068657e-02
4.345288526320367078e-02
4.137195770248874166e-02
4.169956107537480666e-02
4.174732264983800623e-02
3.960239531327392620e-02
3.545301717670970576e-02
3.074256294309945375e-02
2.815941983691560083e-02
2.747128319814085354e-02
2.668740800150628742e-02
2.575737427197583029e-02
2.347070122167549747e-02
2.060419713422921226e-02
1.878908106243795326e-02
1.737950671067779382e-02
1.655226730430794588e-02
1.557454871935698426e-02
1.425336610055002833e-02
1.321179884359672055e-02
1.206619236547375532e-02
1.085123533265178013e-02
9.758660926471611832e-03
8.304690708775031710e-03
6.996368366436782164e-03
5.943838358545318334e-03
5.082769806724714810e-03
4.531956809734480167e-03
3.993665888792737734e-03
3.569746812930720079e-03
3.354189619406287154e-03
3.084273010758512359e-03
2.880479135304502870e-03
2.822766157521028763e-03
2.927331479473195119e-03
3.134865520970639158e-03
3.319500083838931859e-03
3.773248421086406942e-03
4.170829679168041280e-03
4.545063315930852020e-03
4.880119627001433882e-03
5.057110750778525364e-03
5.409338219408410357e-03
6.218826066204072821e-03
6.782803352155896900e-03
7.295712588375322626e-03
7.448650122352190248e-03
7.257262157298125481e-03
7.803316505224436317e-03
8.318022967367852058e-03
8.923771059244092752e-03
9.703274041837314443e-03
1.010039043354706706e-02
1.046140496170984077e-02
1.083316694012012409e-02
1.085012965766975895e-02
1.045905138770244873e-02
9.584455898306001170e-03
8.677057151299863436e-03
7.863551617720078088e-03
7.495185425989892361e-03
7.014657324480502894e-03
6.238395682227503534e-03
5.425430161388987427e-03
4.594604996708052426e-03
4.086293340486928105e-03
3.745022806835455846e-03
3.359422120243260156e-03
2.924349788532629082e-03
2.472651298903209664e-03
2.049968583567918050e-03
1.733847902867201090e-03
1.384896834160204929e-03
1.083015506149464244e-03
8.118872108027840430e-04
6.294754661985515511e-04
4.985959964762837638e-04
4.051615844418778338e-04
3.362926031729393007e-04
2.629347649069933629e-04
1.968891185183240390e-04
1.533655584259733021e-04
1.204357106776814118e-04
9.821068548182049955e-05
8.136318008505794995e-05
6.374944272138031033e-05
5.206859291700654532e-05
4.304030026202932568e-05
3.619815524086106106e-05
3.090117936598869695e-05
2.720830631377973825e-05
2.383852250872925432e-05
2.050794510668891955e-05
1.806021271531031811e-05
1.556839998382142156e-05
1.300449685430206337e-05
1.033291173277918941e-05
8.100998986985040397e-06
6.304582226609393896e-06
4.915595510867006846e-06
3.871846839746373358e-06
2.989569031824612548e-06
2.233774345729298447e-06
1.655819710046960585e-06
1.199463244080230309e-06
8.603766052092293127e-07
6.084457124378017721e-07
4.241124619085587579e-07
2.857693222061968563e-07
1.907245221723962671e-07
1.262912055604867883e-07
8.200824086208535728e-08
5.244762782082263544e-08
3.195106266203848917e-08
1.899801954350884364e-08
1.105608355640203635e-08
6.470191694169663870e-09
3.803869749658066220e-09
2.165793336305447232e-09
1.255306244399517750e-09
6.831953336271823937e-10
3.400752531644016781e-10
1.692490970354419744e-10
8.456139343672139059e-11
4.111743483258877868e-11
1.967825038994606708e-11
8.902911972156944294e-12
3.989308225525713142e-12
1.738431700021190714e-12
7.771865812848374999e-13
4.078967417750443369e-13
2.245673506579487502e-13
1.534173148897236589e-13
1.281916827181823453e-13
1.045643631324676200e-13
9.776856342879826609e-14
9.180817818584018218e-14
8.501893281757509194e-14
8.214151780117565720e-14
7.888848418581807989e-14
7.590521871678961802e-14
7.388626544880904396e-14
7.194465706775128255e-14
7.037860226277773207e-14
6.915647858716244546e-14
6.819972210233761436e-14
6.752935053867521598e-14
6.713034292673761209e-14
