3.562840832818281896e-07
3.817452994065837154e-06
1.046122071523432735e-04
1.159534461729455493e-03
6.092002015051380288e-03
1.494647761981821553e-02
1.971618099164241036e-02
1.708555968854171686e-02
1.242984501963993217e-02
8.811290149385307344e-03
6.468900631535630733e-03
4.730332291241097498e-03
3.560356200107444701e-03
2.837806653719146966e-03
2.310586823291341241e-03
1.855946692758292165e-03
1.630771481646968880e-03
1.381235819212083341e-03
1.208669430025446131e-03
1.050155241326206513e-03
9.388997880621474234e-04
8.548483848965233566e-04
8.200891605065974621e-04
8.082015039355417698e-04
7.462011941633398589e-04
7.173312566143485655e-04
6.651678048583639126e-04
6.434726681737348419e-04
6.309594898455394034e-04
6.395837052802957456e-04
6.239940012943421318e-04
6.011157854152838565e-04
5.829777751162601700e-04
5.822278589214239424e-04
5.869175045928554059e-04
5.842641177914378739e-04
5.625181714242387604e-04
5.560985167688789780e-04
5.600055544098233098e-04
5.466810583087958674e-04
5.250080122184055259e-04
5.194310537295467392e-04
5.514042361948580731e-04
5.760286180639439049e-04
5.135233126874876606e-04
4.841757801763710897e-04
4.984532365890871272e-04
5.000353458956349620e-04
4.923319139631491268e-04
4.851593241211378418e-04
4.567669174146912498e-04
4.440587908957232036e-04
4.523984573355014607e-04
4.487260305197046965e-04
4.258164549765174295e-04
4.305233682750303557e-04
4.148909722958423699e-04
3.999900057508326144e-04
3.881296681213189815e-04
3.936575623302809748e-04
3.794088079528708094e-04
3.668450256416103377e-04
3.587563446819844572e-04
3.648913660009471603e-04
3.820547427455391163e-04
3.607582969600824237e-04
3.526043750734938163e-04
3.514845482307900814e-04
3.409733487817148841e-04
3.240719315403294606e-04
3.298029743837370235e-04
3.263101533552165579e-04
3.206061516280843556e-04
3.186034155514254492e-04
3.180894395505081025e-04
3.186413445151847052e-04
3.164141490938177461e-04
3.067241057490626365e-04
2.987636768341750903e-04
3.014282570407713323e-04
2.894852655327789489e-04
2.917873220824744639e-04
2.915736974905543490e-04
2.861654434568627653e-04
2.955893803922096121e-04
3.217687550254453763e-04
3.022102794579547918e-04
2.673133685606724668e-04
2.707413533940763333e-04
2.793584428821836762e-04
2.729486304586441832e-04
2.695442878368148549e-04
2.611833928072602529e-04
2.649778391312824794e-04
2.750214649065895931e-04
2.713296221482359278e-04
2.623695755964132329e-04
2.600561397951309207e-04
2.557816915610204816e-04
2.516569229859500433e-04
2.609333152864475340e-04
2.612710852054879419e-04
2.524321475145768052e-04
2.489740937209298935e-04
2.458233684018232561e-04
2.545902711597408880e-04
2.462999459083556114e-04
2.440242659524481000e-04
2.542191028126174960e-04
2.552002464847702261e-04
2.425053147306534956e-04
2.565401242845032959e-04
2.646087054479534691e-04
2.657832991547486750e-04
2.602055324445245121e-04
2.673903379406049156e-04
2.804268849691561854e-04
2.815552747249609441e-04
2.748498976112399720e-04
2.628666414127698485e-04
2.535574014322307845e-04
2.668744029326822892e-04
2.555473105218048413e-04
2.505418657425002166e-04
2.552369676969745748e-04
2.489811035048454350e-04
2.464512300744467607e-04
2.457022620357546803e-04
2.762802579932212461e-04
2.601090827846959950e-04
2.543763386071780006e-04
2.453155436155946695e-04
2.461008534050300933e-04
2.441384372488127313e-04
2.462470737938613776e-04
2.418483629443691856e-04
2.371730966568682197e-04
2.369082717589500898e-04
2.416923498556595822e-04
2.278189838753453373e-04
2.335024618447729169e-04
2.332822719575897152e-04
2.248707655124748954e-04
2.255761324936228268e-04
2.328813365720746762e-04
2.355423254036681654e-04
2.390679372885860527e-04
2.370054058295892926e-04
2.344834526255926979e-04
2.282458167123851880e-04
2.312020282176609957e-04
2.362124194765501150e-04
2.404581277389167553e-04
2.345258676179504337e-04
2.358284335965105496e-04
2.329396213280722852e-04
2.209600578962184984e-04
2.205685166851651996e-04
2.243247000135984131e-04
2.139429195326922372e-04
2.109380643375887289e-04
2.130058134247893829e-04
2.119472461579616446e-04
2.107662642879252655e-04
2.146390974685658546e-04
2.095399758368338789e-04
2.080971792191152665e-04
2.235591975422624063e-04
2.227647732774192804e-04
2.203405809757261538e-04
2.254775435152839367e-04
2.290122441358494578e-04
2.219489889527106812e-04
2.222591360898769580e-04
2.323070880083560657e-04
2.284515825322631618e-04
2.339604423508043587e-04
2.311004973132531662e-04
2.303409853821464508e-04
2.341292642088665845e-04
2.348566452053445848e-04
2.386129559142116630e-04
2.339411572826843692e-04
2.335806052046174558e-04
2.260717677724897339e-04
2.286180335560030949e-04
2.263962566018674590e-04
2.258824684595734094e-04
2.296151699366739615e-04
2.254121530601733709e-04
2.233668226203006156e-04
2.242607057490927632e-04
2.317704240186229867e-04
2.228185807827610834e-04
2.215375753154975023e-04
2.238929830490187108e-04
2.242333837151820575e-04
2.264554057440390880e-04
2.267381603733182867e-04
2.285210389424450290e-04
2.263868185178583882e-04
2.215354055259202704e-04
2.198954687910996701e-04
2.191818100374219461e-04
2.162942007127170219e-04
2.168240372807950516e-04
2.095401411332412458e-04
2.061708142493524725e-04
2.175618466448827953e-04
2.164040419157466815e-04
2.127648854155909952e-04
2.059474682967406582e-04
2.223106153543303210e-04
2.163711437786515609e-04
2.060958323937458342e-04
2.116924543498510149e-04
2.179120426438811936e-04
2.193515940478165337e-04
2.095140364713623344e-04
2.090573114581197804e-04
2.059367067005318493e-04
2.031504868296687863e-04
2.021088258993658754e-04
2.022517921763761987e-04
2.132034869343975595e-04
2.105127758166726976e-04
2.051160526697068452e-04
2.043157518591668016e-04
2.053174505764095972e-04
2.095486524574378972e-04
2.058934897703005847e-04
2.014564553168943803e-04
2.059945727548347235e-04
2.096767003890152880e-04
2.053511665382715828e-04
2.080810160683869254e-04
2.039190296516153614e-04
1.960868874564482462e-04
2.004270508385272464e-04
2.038802070990115573e-04
2.037583690476120599e-04
2.043335292043940211e-04
2.028174373485578611e-04
2.001681013134243639e-04
1.980236174833460011e-04
2.102109957361121160e-04
2.173301664025083170e-04
2.052660520543274380e-04
2.008995517535588731e-04
2.050937045446443014e-04
1.952977558352734491e-04
1.994123009279411159e-04
2.008445964294512545e-04
1.988613264197264458e-04
1.997006122491976315e-04
2.049143278864442295e-04
2.145992419159172535e-04
2.126372064361928510e-04
2.023234983410243377e-04
1.956439502059406340e-04
1.992880965931586223e-04
2.000798969013718091e-04
1.978016010151988980e-04
2.077226029998234416e-04
2.093942505232090922e-04
2.071700882439360403e-04
2.075779848403431420e-04
2.076714811601787145e-04
2.075570744615004202e-04
2.104020407619495569e-04
2.079006679279436244e-04
2.049533379393345979e-04
2.044015268282869382e-04
2.136964440894620440e-04
2.129955667127383717e-04
2.077796505035359154e-04
2.055156407241886033e-04
2.040915366584188703e-04
2.095600508658801040e-04
2.092645857698500187e-04
2.123038066657451095e-04
2.162157121627998580e-04
2.042697691304840523e-04
1.969259709773160498e-04
1.979427715403259006e-04
2.032253872106048814e-04
2.008670881011803764e-04
2.008579449063361774e-04
2.027180909788749120e-04
2.024181582708965233e-04
2.069505246687994163e-04
2.014721130457818130e-04
2.084711178444850147e-04
2.134509380723628822e-04
2.077965379740263571e-04
2.089546226166381969e-04
2.118641285679407477e-04
2.112476321575575209e-04
2.064620746010185080e-04
2.082208000729738099e-04
2.135409903840461681e-04
2.212343579529207796e-04
2.211019432818628263e-04
2.150007599669995629e-04
2.203721487168777715e-04
2.243989838992097746e-04
2.189995528586277153e-04
2.177021734083507047e-04
2.134106437911327135e-04
2.112654740644151691e-04
2.135430070807265335e-04
2.136149866532404914e-04
2.156895883174034755e-04
2.115713539058272218e-04
2.119145437910040653e-04
2.225106351539867335e-04
2.134517414664342306e-04
2.112200085864653065e-04
2.144409197766202239e-04
2.092231968416776138e-04
2.203690034017689555e-04
2.228982740796478588e-04
2.190308972997698006e-04
2.149475332310831768e-04
2.078271077064560053e-04
1.959754584213001130e-04
2.045298690404197923e-04
2.178420052796308372e-04
2.238212638883302656e-04
2.472585701541569429e-04
5.252018236494050696e-04
9.803965617925633393e-04
4.939092987407468251e-04
2.408932469135564945e-04
2.223329883588170421e-04
2.153980585419860375e-04
2.179179767315036543e-04
2.145953507398835490e-04
2.122326491216466491e-04
2.145189435706660404e-04
2.099393156635937310e-04
2.272701078096363921e-04
2.296463560817962814e-04
2.236346370185050912e-04
2.146727706213420012e-04
2.191782072343312251e-04
2.256819036351733713e-04
2.175804720283645161e-04
2.180273571171944906e-04
2.169694888940550028e-04
2.233737260337050978e-04
2.313199262578026212e-04
2.274536041976717583e-04
2.330702029140616820e-04
2.293749175218793180e-04
2.291099780644636119e-04
2.290151859258763678e-04
2.298217206122799786e-04
2.320383905949493998e-04
2.433020065562049427e-04
2.374111066547697946e-04
2.340210558290132072e-04
2.459356764704773678e-04
2.538890967562142955e-04
2.446268942138761352e-04
2.400015797255003740e-04
2.479450071776378908e-04
2.480148434644955822e-04
2.452577534872080927e-04
2.482196629265670377e-04
2.410635348179266454e-04
2.420622179075368236e-04
2.407936521655728440e-04
2.419021440642129270e-04
2.392630763165357218e-04
2.431318584161027948e-04
2.631434929306159464e-04
2.517728198315506705e-04
2.301535286000646837e-04
2.388216569319103009e-04
2.413963288320378567e-04
2.332208299153476461e-04
2.460526499786626570e-04
2.497695361658572094e-04
2.494245508245814110e-04
2.478339467768169769e-04
2.543583072679013284e-04
2.388542008917954275e-04
2.369940000948589365e-04
2.394383640571214923e-04
2.400365558506979387e-04
2.525338379821854759e-04
2.433048561241264935e-04
2.489464772186245870e-04
2.396862897749809697e-04
2.343483767103745642e-04
2.443951779016683931e-04
2.477664826861547304e-04
2.548719188798255204e-04
2.434215365328497912e-04
2.421528416793973569e-04
2.417788395938764664e-04
2.391662628455371855e-04
2.373871328690816589e-04
2.428243143885564664e-04
2.339353284416928447e-04
2.340405969327307594e-04
2.394537401365141828e-04
2.258459080875987860e-04
2.195673502474757368e-04
2.175837464404380855e-04
2.099966868134911166e-04
2.052938332617437311e-04
2.080771356872374131e-04
2.062706577783255573e-04
1.973638442641708767e-04
1.877484616906811344e-04
1.838052144327668373e-04
1.772152580130057528e-04
1.653485588943385003e-04
1.484231309822704519e-04
1.376958730470269137e-04
1.241729048537672481e-04
1.179340917214329656e-04
1.111480456522770166e-04
1.030498467520740111e-04
9.516670863045377158e-05
8.329892294508094435e-05
7.367485246797601025e-05
6.575958774383131099e-05
5.890258541555832102e-05
5.235515549542305887e-05
4.589323686937004781e-05
4.021428659693971421e-05
3.425207256401040012e-05
2.964076472795817096e-05
2.488609308946074301e-05
2.152247225403939690e-05
1.828173374522504028e-05
1.492876025927949806e-05
1.255136928426030993e-05
1.016458057384464664e-05
8.753830397558442033e-06
7.396824397583093608e-06
5.851669272666573154e-06
4.577529409754929194e-06
3.636763510175557362e-06
2.883453489897002550e-06
2.235516331573742083e-06
1.808171105068156515e-06
1.447540773332660651e-06
1.113144163731773562e-06
8.504517806364014167e-07
6.846647863379983743e-07
5.273689670594191512e-07
3.983955585917312885e-07
2.974159159682169755e-07
2.360600487711607912e-07
1.827064125790875018e-07
1.372012657484103276e-07
1.008946009792478381e-07
7.302666364061516499e-08
5.492162981314102614e-08
3.841062990642998439e-08
2.737639681167616772e-08
1.942677867195134084e-08
1.432403772801750089e-08
1.033323439355795302e-08
7.748701363034793515e-09
5.328574245152209632e-09
3.372313325148676342e-09
2.292917610591469998e-09
1.428028229682665242e-09
8.763470110454797763e-10
5.886679663756353016e-10
4.109814518737675826e-10
2.508547509893345668e-10
1.406927906820206796e-10
8.250397371617608799e-11
4.781001991787490393e-11
2.838509678348998717e-11
1.746001507626720853e-11
1.072432404034996517e-11
6.426731542197307172e-12
3.933331670607943497e-12
2.264283066516019502e-12
1.332324141738612487e-12
8.034288687280504251e-13
4.826180436519211372e-13
2.906301333533158448e-13
1.741581920411618375e-13
1.038014583814621847e-13
6.149500859880685024e-14
3.571600267000413370e-14
2.080677135747068398e-14
1.220390652332625387e-14
7.121365351629009640e-15
4.255818398862205496e-15
2.696476084236731618e-15
1.813607935035354652e-15
1.451857185025004133e-15
1.147406164652644173e-15
1.057811129113284764e-15
9.685757192544077550e-16
9.203443245958928790e-16
8.853103154417740634e-16
8.594533429279348370e-16
8.368151083433033035e-16
8.198920288580836336e-16
8.065970210966118894e-16
7.972232405750187330e-16
7.916526494633559434e-16
