3.768006166726759476e-01
4.039054269604195335e-01
4.099004179184778662e-01
4.171471417980484597e-01
3.965230532832745847e-01
3.654686644398648099e-01
3.205095437593348806e-01
2.726816733126217196e-01
2.090656295567043244e-01
1.635702996944780330e-01
1.174735602882216595e-01
8.232132632425241681e-02
5.945419606044633626e-02
4.219636531156808340e-02
2.973552431980463345e-02
2.173802235591299620e-02
1.752061255680707405e-02
1.320786047240614901e-02
1.044069397845612777e-02
8.508951547174304839e-03
6.521025844224782701e-03
5.339333942835399090e-03
5.389279637570906084e-03
4.923069075833847418e-03
4.307313751849689391e-03
4.839981555874810736e-03
6.514628050538020555e-03
6.827046338856368121e-03
7.450802384637978878e-03
7.614303290441932007e-03
7.314110392082798055e-03
8.434300187447878877e-03
1.064257119508713392e-02
1.343480298319193675e-02
1.267339288770807405e-02
7.945025714697625391e-03
7.412543229786838599e-03
1.135719452852394264e-02
1.038877377702986105e-02
5.991029869554338402e-03
7.775102838852526385e-03
1.543099484471436612e-02
5.130853432725181185e-02
1.103101046879301217e-01
1.509104770440192200e-01
1.684891714206690760e-01
1.783124243652119967e-01
2.048212368010083051e-01
2.115024776448483634e-01
1.555287798374775654e-01
9.097188853195700697e-02
8.565263903819191060e-02
1.210012535482144075e-01
1.408406816908478187e-01
1.177772540068282581e-01
7.460774737093811559e-02
6.111559694679665616e-02
6.443177923712650745e-02
5.072252668212165472e-02
2.601787420816511001e-02
1.264982867438983576e-02
9.770292428289379522e-03
1.157776005674052491e-02
1.648027131704572421e-02
2.088008746504903604e-02
2.669869285000896209e-02
3.631565248319462008e-02
5.013770156482255658e-02
7.205676070040291370e-02
9.626917320295950986e-02
1.159754145209422188e-01
1.177540226942704327e-01
9.946801284131320808e-02
7.725052079630803648e-02
5.047081912164606832e-02
3.204210612279560083e-02
2.552112044141326488e-02
2.608810787070232895e-02
3.010786123029268041e-02
3.050250799469964719e-02
2.415221665068008686e-02
1.742800035003303633e-02
1.379837548163215591e-02
1.185409153134379598e-02
9.341209508483256860e-03
7.505506392407872152e-03
6.733240152577158952e-03
5.885008520989372903e-03
5.908717362591752592e-03
6.394119640646623616e-03
6.647346121808951104e-03
7.685390032327215834e-03
7.725306260160428283e-03
5.194268676744715971e-03
1.625021708839648801e-03
1.238955145921279534e-03
1.342084667546681025e-03
1.220695104960152922e-03
8.906873188064376619e-04
5.676192950104158369e-04
4.705312664137505964e-04
5.069600232759131908e-04
5.201313598223208760e-04
5.412386922227274732e-04
6.039976119668288802e-04
5.345914467036704237e-04
3.762266756074733533e-04
2.878308167260910412e-04
2.462760920375266596e-04
2.491454146260221425e-04
2.466654622110428475e-04
1.476293349510233034e-04
1.166681852359411709e-04
1.273523031845946003e-04
1.468241271049169395e-04
1.309163060828865126e-04
1.088939129052894514e-04
1.021555447293823969e-04
7.943676621315496548e-05
6.594487448020471096e-05
5.355136845962243485e-05
5.308854727171617575e-05
5.060399538724290260e-05
4.884590619434589818e-05
4.749707400299828507e-05
4.743014273389312342e-05
5.189403624711140658e-05
5.889393682269777251e-05
7.453250954098673950e-05
8.712949415929953834e-05
9.786147502028922046e-05
1.080933742966893289e-04
1.122624331050298303e-04
1.030932906752137678e-04
7.941066531569832682e-05
7.233036886048914340e-05
6.164547889812117473e-05
5.345502743477065769e-05
5.761033678592550165e-05
5.996110157032616915e-05
7.910850554922391870e-05
9.411183991700223508e-05
9.997367018507604091e-05
1.087117055391280531e-04
1.076152129851366671e-04
9.896587340113513237e-05
9.897628681012791627e-05
9.469394412163508845e-05
8.499228037430381333e-05
7.728498502789341344e-05
7.067147951832159012e-05
6.526374845485691755e-05
6.113351745975635805e-05
5.090412696149040591e-05
4.324915284802311648e-05
3.543553564396368847e-05
3.196068779088756306e-05
3.168015122005775157e-05
3.013727897617397573e-05
3.091837424971875104e-05
2.838487801110173869e-05
2.733458868883332333e-05
2.745590412503936970e-05
2.803137674326091648e-05
3.047738891572670378e-05
3.062043615821528615e-05
3.038369444414502126e-05
3.271206121590228256e-05
3.125569268531312527e-05
3.460653892838103476e-05
3.609727921944409860e-05
3.330614541028803407e-05
3.256439731959026888e-05
3.318474908998339485e-05
3.635593146463909664e-05
4.009973616037656443e-05
4.359748346683295665e-05
4.315800619988605926e-05
4.062826707311116266e-05
3.774793256687532857e-05
3.479993248182984653e-05
3.275716651102553352e-05
2.970145886356929900e-05
2.685179515350305014e-05
2.497088341944613666e-05
2.359358231077857842e-05
2.317341732578765930e-05
2.285627134689272873e-05
2.296945330848213082e-05
2.210326254630321161e-05
2.363562298129453173e-05
2.370899113819202424e-05
2.346537989739571353e-05
2.369988174073321048e-05
2.485581002241700558e-05
2.563022584943765929e-05
2.566980599714419709e-05
2.689397861201439643e-05
2.734203271581232863e-05
2.741082770784996963e-05
2.654068127077360015e-05
2.552622799350171866e-05
2.692663659709061677e-05
2.702073494267963661e-05
2.568863313201895861e-05
2.667484961789163078e-05
3.002938710338741034e-05
3.201311904969492714e-05
3.091393881168130845e-05
3.236830860761273702e-05
3.352309807955695850e-05
3.470349184174087453e-05
3.674647098001704125e-05
3.736589377663669122e-05
3.845721387775762805e-05
3.682535337700069668e-05
3.457707779309635753e-05
3.330413867563063548e-05
3.282993076062655144e-05
3.199617460204634578e-05
2.978512267311384467e-05
2.734234918725215213e-05
2.561033718061370165e-05
2.362094623092474447e-05
2.039562964184545097e-05
1.924920193386500994e-05
1.927074779112680447e-05
1.976444786730150236e-05
1.868955242106151477e-05
1.760434827984635835e-05
1.813056263539021345e-05
1.783809521343925926e-05
1.768183584358627507e-05
1.804364351085388713e-05
1.809407338375576411e-05
1.768651943163566674e-05
1.786638194032629814e-05
1.826190756182496458e-05
1.716183127950932284e-05
1.741565303685518423e-05
1.757451610642008749e-05
1.773315584002405299e-05
1.739266543514561726e-05
1.788729298640960862e-05
1.966511636446211539e-05
2.042135784589231546e-05
1.991016484013509319e-05
1.920638173942985691e-05
1.985974458265070419e-05
1.849240664686562356e-05
1.900568546554522758e-05
2.040633807771706731e-05
1.921889157368865785e-05
1.796815807155279003e-05
1.677353855376923126e-05
1.601825711769575434e-05
1.750631894890569264e-05
1.762060300128967901e-05
1.513029263484090209e-05
1.392337927168009403e-05
1.387017207380302917e-05
1.330859572576735128e-05
1.277134193726900495e-05
1.172166639639558176e-05
1.154591735382890350e-05
1.154120184643031376e-05
1.040332013332321344e-05
1.013980820483814969e-05
1.085875763212549529e-05
1.106877492261509510e-05
1.030204495746727772e-05
1.004511609724090721e-05
1.004436696026454737e-05
1.045246548887430957e-05
1.051785987805059673e-05
9.801576092544941594e-06
1.024433109067310767e-05
1.136826891069713792e-05
1.042460975438810681e-05
9.983507033639972141e-06
9.980459240310780562e-06
9.464699180087400438e-06
9.759723398360971015e-06
9.579753040609894287e-06
9.719332306920387205e-06
9.245960991889330091e-06
8.860348791642059618e-06
9.670236291352301127e-06
1.012762827359882920e-05
9.664575261642541952e-06
1.043863155274735707e-05
1.063615721768143042e-05
1.103175489371785677e-05
1.142771366280644195e-05
1.187025020154634871e-05
1.205967825767106368e-05
1.332148140925606321e-05
1.447216832244482208e-05
1.529013615803053006e-05
1.642861823360159001e-05
1.878910802594091725e-05
2.166224156191218353e-05
2.500861943825295129e-05
2.708775802976868174e-05
3.129998408338555344e-05
3.532147001680989245e-05
3.983293083015217504e-05
4.087446525588661438e-05
4.213797470837130679e-05
4.587401162932030428e-05
4.507227660438312047e-05
4.735812694744884638e-05
5.013096987147680716e-05
4.711130666161572118e-05
4.188965757734856881e-05
3.740769939408139592e-05
3.849751654695907673e-05
4.276684403445613368e-05
4.436882628180457397e-05
4.078935469490511874e-05
3.787976593050024508e-05
3.771246104825874180e-05
3.870242380540516770e-05
3.727145917118152160e-05
3.659481552494260267e-05
3.620531414850302460e-05
3.486268788115612209e-05
3.454790724763872950e-05
3.365247749723182709e-05
3.205106320100123104e-05
3.116710006749169549e-05
4.381131834107348399e-05
4.273666128321781932e-05
2.894673852706398050e-05
2.605128621183407756e-05
2.656095499419043027e-05
2.629263395852375710e-05
2.537545256360192316e-05
2.541901410476339309e-05
2.449529997246083021e-05
2.354674471186710201e-05
2.334743942400056257e-05
2.319683445150523494e-05
2.402600482856946974e-05
2.385828574325076450e-05
2.172688270129633206e-05
2.189804596440881590e-05
2.106132184137543992e-05
2.192147109437543259e-05
2.554642071141889777e-05
3.961182124431489332e-05
1.567167820555263175e-04
1.535041402071950288e-04
3.837162616715582113e-05
3.154977947342360399e-05
3.231326085226016208e-05
3.269807072839050175e-05
3.720831435804096144e-05
4.161611743572413206e-05
4.541741328786770343e-05
6.424122008070771040e-05
9.629300434937063016e-05
6.562109508614356304e-05
5.801807457383647150e-05
5.911384459952330993e-05
6.458419729948136243e-05
7.047527347906680398e-05
7.812582273956204066e-05
8.958030029122568904e-05
9.474588339625066990e-05
9.120576622642266118e-05
8.821933664820867584e-05
8.937406958907107967e-05
1.018691366147295895e-04
1.099864955103269028e-04
1.197235411071412775e-04
1.248397886497302535e-04
1.226647810449154057e-04
1.282138376234977575e-04
1.332600409647693182e-04
1.458837892979720325e-04
1.646335626689317050e-04
1.729664782190246390e-04
1.798094717259568931e-04
1.848562279879777061e-04
1.960723964498769308e-04
2.021226972124670683e-04
1.972983873727954284e-04
1.906082858127655059e-04
1.937660525415952348e-04
1.975788236424241319e-04
1.982872847542929608e-04
1.996305381444601033e-04
2.087357826267463546e-04
2.063893895928228925e-04
2.142149162383476225e-04
2.128845176603548928e-04
2.131650312481393262e-04
2.157958696177847814e-04
2.071514893962676340e-04
2.041447927876829569e-04
2.047937862807497540e-04
2.020688310052085924e-04
1.926163138862336285e-04
1.804737314608188944e-04
1.688099646778744637e-04
1.734406402209687616e-04
1.896980554105971435e-04
2.065398325710010965e-04
2.107642761595966859e-04
2.006358216141660312e-04
1.990820167228019109e-04
2.012891172299102987e-04
2.065161326975171313e-04
2.244332765175719802e-04
2.226732571570475287e-04
2.119275862156533503e-04
2.268892047321403687e-04
2.371917045104659290e-04
2.311791349264702281e-04
2.348008503342117776e-04
2.420079731068948436e-04
2.408546084296101690e-04
2.540809346285941971e-04
2.739101904794333177e-04
2.875365067305014379e-04
3.042080828378354259e-04
2.974612886630997747e-04
2.974773466719891142e-04
3.029777067631740910e-04
3.123807269691603939e-04
3.278087903862087556e-04
3.352770972026946055e-04
3.367795864573058903e-04
3.445771428706925895e-04
3.544228905911776437e-04
3.725302450686025497e-04
3.782876429803890841e-04
3.826955794293272805e-04
4.038029192824305947e-04
4.616782371706631884e-04
5.037394953207034081e-04
5.236782180560812985e-04
5.227737297983576278e-04
5.135669473727799651e-04
4.866680180183074913e-04
4.715013761137913542e-04
4.977230491359443823e-04
5.218420253752319811e-04
5.249621456082094288e-04
5.124624860501496596e-04
5.329557986271860797e-04
5.590625254367957795e-04
5.998083190883488026e-04
6.458246284017838713e-04
6.971629674112362739e-04
7.498070918700727597e-04
8.316944253887118953e-04
9.304986032093286044e-04
9.260151456648847527e-04
9.550950398620315250e-04
9.821678003282467533e-04
1.016286045496113529e-03
1.061526396406817447e-03
1.113825274081170881e-03
1.165857069216190683e-03
1.214502865430640245e-03
1.262722759465609084e-03
1.272860125617140611e-03
1.257016268894528728e-03
1.299825905219913896e-03
1.374464732758688299e-03
1.374296682646653509e-03
1.422066459811567336e-03
1.422715959433101720e-03
1.450857566903155337e-03
1.429123508099919152e-03
1.311559818496819702e-03
1.270274331790964767e-03
1.255581135323078452e-03
1.243570615453827057e-03
1.281518192742456697e-03
1.279046426482755624e-03
1.435029507670012141e-03
1.476700899957659454e-03
1.319535079384720738e-03
1.327690774689807172e-03
1.313550599544708068e-03
1.321573890121991021e-03
1.202583082387182487e-03
1.208797399510296326e-03
1.102733696799797821e-03
9.415014323587987980e-04
7.384049637095863212e-04
5.714936862354288993e-04
4.777582938969116380e-04
4.172008132451282525e-04
3.715580125997866882e-04
3.568719089048085998e-04
3.509843380282573347e-04
3.462805396748855889e-04
3.444876054597811443e-04
3.443860468454901257e-04
3.449269998608404551e-04
3.456586921214514492e-04
3.465165881131077475e-04
3.473563630760726786e-04
3.480792843823400499e-04
3.487073509242322395e-04
3.492196561984603205e-04
3.495966011004274406e-04
3.498257896682049092e-04
