3.907821745489743481e-01
4.129355000382315399e-01
4.079823296312379277e-01
4.173129466404323362e-01
4.296979546795518523e-01
3.745299005463523234e-01
3.405899649753505454e-01
2.934249704057739216e-01
2.203528326164571061e-01
1.787190720314035530e-01
1.242922204701533140e-01
8.043207203935924532e-02
5.971404550370199710e-02
4.187730033903484111e-02
2.967881437713968187e-02
2.169251494527850432e-02
1.603861885703429871e-02
1.265706652344810237e-02
1.023530430978375136e-02
8.051476269498557270e-03
6.510284340035784115e-03
5.578755129872160247e-03
4.677395529206995056e-03
4.332893358313346863e-03
3.656459980957090655e-03
3.258250309764861626e-03
3.225062373084257392e-03
3.073994714699251635e-03
2.832744084262790209e-03
2.601893614960801987e-03
2.265902055181618149e-03
2.403810455085566601e-03
2.721884931059994229e-03
2.697786770542741786e-03
2.784602335398778800e-03
2.359556121841230314e-03
1.896465969618799270e-03
1.910182821577711748e-03
1.817331494939834280e-03
1.398087313841283805e-03
1.408737072626969076e-03
2.004472420500767217e-03
5.143785063401016752e-03
1.043365656000322730e-02
1.382033440062233054e-02
1.616780860158031213e-02
1.819910367508685220e-02
2.236645813824830742e-02
2.388970964869351066e-02
1.692682850014991594e-02
9.010601822935395203e-03
8.454028164553248348e-03
1.345713146414564444e-02
1.702520670911382775e-02
1.451951785800152835e-02
9.462573457159178733e-03
8.390600000552818002e-03
9.270531491701520035e-03
7.653009463366270380e-03
4.300128455017564709e-03
2.224269297983730645e-03
1.468078297051144581e-03
1.769902333293678093e-03
2.835342415617673334e-03
3.856489491079129021e-03
5.026579461328482996e-03
6.827029000195840823e-03
9.570590924437192074e-03
1.459827227668290296e-02
2.116399628177402514e-02
2.683621550601356445e-02
2.622963291556421050e-02
2.215090153391215816e-02
1.897018504625423360e-02
1.327770943136302034e-02
9.268920182377312841e-03
8.435708200283909344e-03
9.588156816797198043e-03
1.148512247030246576e-02
1.208931058369724573e-02
1.039650507230224265e-02
8.305212908743553682e-03
7.473067705228366928e-03
7.358584380593762714e-03
6.339755209996180037e-03
5.460306642881916812e-03
5.418668611851133743e-03
5.412928899744554913e-03
6.026752887282379317e-03
7.237789836461679116e-03
8.711607022204664874e-03
1.166324887049883553e-02
1.307732330161950722e-02
9.204263548677730708e-03
3.193657417463601801e-03
3.137940740445620703e-03
3.493816444447411448e-03
3.278292150266886966e-03
2.488774821336703965e-03
1.670075333964843442e-03
1.583864882969096425e-03
2.593073294815633270e-03
3.495580717444033737e-03
4.588972920431752707e-03
6.159459058327402745e-03
6.472717128550388443e-03
5.866749213414166643e-03
6.235444176023818494e-03
6.782064626108827952e-03
9.140362101592842611e-03
1.050935269171690035e-02
6.443656214578384438e-03
5.307851039270955994e-03
7.194803690551974593e-03
1.218637814431078152e-02
1.648342147758812687e-02
1.842658209677637549e-02
2.136860478104206720e-02
1.681617641701406082e-02
1.250333745316838628e-02
1.154158224024428442e-02
1.083604894977972105e-02
1.033032293220154108e-02
1.162550520910139024e-02
1.140801944936049861e-02
1.148106048583028525e-02
1.427226161540702011e-02
1.584309878570268684e-02
1.920100255116243340e-02
2.510349037228497629e-02
2.744820960590620140e-02
2.697101873465424307e-02
2.513570903280942792e-02
2.150490824827280475e-02
1.404171696822197925e-02
1.011892656594226558e-02
7.169728624706671154e-03
4.931566947993517094e-03
5.965880432798098369e-03
8.226581200509189284e-03
1.678818788871394921e-02
2.458511090277723174e-02
2.993028718430758989e-02
3.932661405807832966e-02
4.326097741047279371e-02
4.627222796592345838e-02
5.303524978465976036e-02
5.677983030154849092e-02
5.681421828867484064e-02
5.856655386308461803e-02
6.332321448104916151e-02
6.967641866186834176e-02
7.326107248093076396e-02
6.773587925484893246e-02
5.856434046731981424e-02
4.347058427984885204e-02
3.191002360059923965e-02
2.110013339744167687e-02
1.183383062356005780e-02
8.326259975664775451e-03
6.358699548925749248e-03
7.461171458144045220e-03
7.829763263759576680e-03
9.098393771962948184e-03
1.080813732560037543e-02
1.071635654962858376e-02
9.288531463899962759e-03
9.880599445084526852e-03
8.343307141994710588e-03
6.269906433680812186e-03
5.287272959847529562e-03
3.938298985109083515e-03
3.425621555756608923e-03
3.959307588326439233e-03
5.820919579812329145e-03
7.310197005977162391e-03
1.063919381449134061e-02
1.226698653355117428e-02
1.312442972431219004e-02
1.310216170056916797e-02
1.011651147075101273e-02
6.990174712470668440e-03
4.652124191911998982e-03
3.387269790170736178e-03
2.720425311093714431e-03
2.706913892724477268e-03
1.881145282689849693e-03
1.112451360125357898e-03
1.101733131622850562e-03
7.301805318618649664e-04
4.574095412940601770e-04
8.800026701156697228e-04
1.190554152408979235e-03
6.856304247551290795e-04
5.265730804462744399e-04
7.254040654236437388e-04
1.052264990301302354e-03
2.102152991405738681e-03
1.437767896424836439e-03
1.372740418932403856e-03
1.846690081954093909e-03
1.395455199255689512e-03
1.395859443072280633e-03
1.272018949596140846e-03
1.376518187074765587e-03
2.193179941710891954e-03
1.715910046167538503e-03
1.724663043824485684e-03
1.993196907383430576e-03
1.369342494482144856e-03
1.229534080750131850e-03
1.491177342556833808e-03
1.475062043629503947e-03
1.544392677775565173e-03
1.211208396074678990e-03
8.997184857713751453e-04
1.000107567650646836e-03
4.906685421973437568e-04
4.645935260477378290e-04
7.138337121030568404e-04
4.172463493830538155e-04
4.660985047681520492e-04
4.867354801552895732e-04
4.896669554968883543e-04
5.139595698362705396e-04
5.265688448475229315e-04
7.574969711724707571e-04
8.435189798095589237e-04
7.807586609524057569e-04
7.550538581830706095e-04
5.872634141343141675e-04
5.003517343923286412e-04
4.502599709605597297e-04
3.534856679881065141e-04
3.496228854669018488e-04
2.861104808446955595e-04
2.759375751844388939e-04
2.469077054202269920e-04
2.034491325527036187e-04
1.921085078584287029e-04
1.414103094664509626e-04
1.010086734170278626e-04
8.025482888817575598e-05
6.286527318684351022e-05
4.968385036472738317e-05
3.872057145047509686e-05
2.571374549468951874e-05
1.706575806227472652e-05
1.409274495941688411e-05
1.502501106314362898e-05
2.597175863706435150e-05
4.354849624715477529e-05
6.131330412991636055e-05
8.604940889008689847e-05
1.167187482131790659e-04
1.535315662859826423e-04
2.226470047261726304e-04
2.970448053823200769e-04
3.584829494948194397e-04
3.953622598906904708e-04
4.295274991933133906e-04
5.072717463665774853e-04
5.529671638626776787e-04
5.553528641481538094e-04
5.878011168654688999e-04
5.888079885010018668e-04
5.930045738063659776e-04
6.336455653994560499e-04
7.937819536937077954e-04
9.065271003469469683e-04
8.061036104678111387e-04
8.584807611551401171e-04
9.224640449364190703e-04
9.669114027017791354e-04
1.053189765738206298e-03
9.978826512307824737e-04
1.048900998305144026e-03
1.216128264214522137e-03
1.226083240830276718e-03
1.317402242895216163e-03
1.283666432606090637e-03
1.056138827038121016e-03
1.112379333517039869e-03
1.055624043761324658e-03
1.066990052512589845e-03
1.143646954610042388e-03
1.012234332238006948e-03
9.737303740601815005e-04
9.242861635168697155e-04
7.941451246011800753e-04
7.557801033763351115e-04
6.808634756037789922e-04
6.455869680054071363e-04
6.500176707896542037e-04
6.335494862955913216e-04
7.041116134335599110e-04
7.339252629105565704e-04
6.747720971304547446e-04
6.580319913908265310e-04
6.249534867487861658e-04
6.444211371389426193e-04
6.727084540340367647e-04
6.419276398904113102e-04
6.031606498299820797e-04
5.417382740729071063e-04
4.621081274137893999e-04
4.150079296570218890e-04
3.356954073278121627e-04
2.687425129717732771e-04
2.338799007981187564e-04
1.736909969016697472e-04
1.448108737900037223e-04
1.166866310067491856e-04
8.050616886561492319e-05
5.474396518771768732e-05
3.586171878392003967e-05
2.518437262358149079e-05
2.205499352338270396e-05
2.083684636408833301e-05
2.296596976535922701e-05
2.773785550176203430e-05
3.775797550483456217e-05
5.139158326325071600e-05
6.891872466138632418e-05
9.018408376474759572e-05
1.205295492430445296e-04
1.470607742873487195e-04
1.908332282922539506e-04
2.346041680231227239e-04
2.617801795332847545e-04
2.797135670956792369e-04
3.255228831031331191e-04
3.905445958819672974e-04
4.460984047768710081e-04
5.019615567548619270e-04
5.840937436430699127e-04
6.428201685757225017e-04
6.884116598910024025e-04
7.505892902945326267e-04
7.804330066617175916e-04
8.472914786353775507e-04
9.719511625464448152e-04
1.082583026110197147e-03
1.235993795172051369e-03
1.303265468827342032e-03
1.262534457857092353e-03
1.272172761861426176e-03
1.176411917923535829e-03
1.123464290848479865e-03
1.188863841253653183e-03
1.254880255985608029e-03
1.437575749837152620e-03
1.504809558529722436e-03
1.382780025639576086e-03
1.410827414297722996e-03
1.407729840719752637e-03
1.351067805646424640e-03
1.431358012200244700e-03
1.502574966661406313e-03
1.482017805241932565e-03
1.472848302190308926e-03
1.431245807258983878e-03
1.370658872656150976e-03
1.310327996569082918e-03
1.214728375410462687e-03
1.143742866559941968e-03
1.090134309377787476e-03
1.094428810354331752e-03
1.118084346033355707e-03
1.054088239021870555e-03
9.143599339279356430e-04
7.861839818398803177e-04
7.142848536365800768e-04
7.156907167328863117e-04
6.748027155625476456e-04
6.472664086761947388e-04
5.921309489075428844e-04
5.090081689218256674e-04
4.610004410748636829e-04
4.251345412285976641e-04
4.029491147961503897e-04
3.907469629636794203e-04
3.549612160943607132e-04
3.185150555663605497e-04
2.883904196947880056e-04
2.639343833028644486e-04
2.386326361549747689e-04
2.008352459087224323e-04
1.673949682890522005e-04
1.448742485423095317e-04
1.248142321246321527e-04
1.084567629289739634e-04
9.400064426636923890e-05
8.480220297211317579e-05
7.863478112767659928e-05
7.407137357999261365e-05
6.749815788450284492e-05
6.621700076973641332e-05
6.930168895075647666e-05
7.290071799865048075e-05
7.730345244636227845e-05
8.946136185130634062e-05
9.736505828790118519e-05
1.067166249957895779e-04
1.148764940424385129e-04
1.171676363244990857e-04
1.277404027990864505e-04
1.448619898573998577e-04
1.653567279770422208e-04
1.807747476154413706e-04
1.816669212656216018e-04
1.837152763778536122e-04
2.039496307674826606e-04
2.207920534958230426e-04
2.525531601302713806e-04
2.734868077891769423e-04
2.812293889835618056e-04
3.176481898770179904e-04
3.478657624910098294e-04
3.473908530910022920e-04
3.544590872710704724e-04
3.511933224321092477e-04
3.353576981787375830e-04
3.277208912186488333e-04
3.345898408031267664e-04
3.318308837514508981e-04
3.285084778058690682e-04
3.120418165644389392e-04
2.917598470936545491e-04
2.839124499204774359e-04
2.910677131126398988e-04
3.013940363250456949e-04
3.011317381353600183e-04
2.900832442028759730e-04
2.785676056900579685e-04
2.716221246747421107e-04
2.553125893947810255e-04
2.318892890682678731e-04
2.056283092945608462e-04
1.900332883669405843e-04
1.910228790615171564e-04
1.896283817464311321e-04
1.881524815304354498e-04
1.797430043975346945e-04
1.692884293192323958e-04
1.602347670848792158e-04
1.571198704861198701e-04
1.684099899272245365e-04
1.827558127256080796e-04
1.879764052153224958e-04
1.923224421746189204e-04
2.100090848413032414e-04
2.330665920727093899e-04
2.590328194524341003e-04
3.036031830674520938e-04
3.650269442311024435e-04
4.257246523035811505e-04
5.142791266816217630e-04
6.296283489774081926e-04
6.966097908688683848e-04
7.800541654329189601e-04
8.802107046087612879e-04
9.896684145062003852e-04
1.126771320504435644e-03
1.283283563548055090e-03
1.463110219227300914e-03
1.627678512471980457e-03
1.799643712407974919e-03
1.926875587825025186e-03
2.023614040385887745e-03
2.207809103830843910e-03
2.470490424670072644e-03
2.610925709301861655e-03
2.868587204760344230e-03
3.086738257113035618e-03
3.303914203239216498e-03
3.458854998794188770e-03
3.424622150653793690e-03
3.457400252847523097e-03
3.528458817242586913e-03
3.658464287820293367e-03
3.845641420602504551e-03
3.934302655943876237e-03
4.257781423474090408e-03
4.485832562989138309e-03
4.304593492264470293e-03
4.346608488043735702e-03
4.360694687210029362e-03
4.334990705632573577e-03
4.058047431095361188e-03
3.883955082053150865e-03
3.221211440725240023e-03
2.523492981938867900e-03
1.711927466219809527e-03
1.179445396291190721e-03
7.934700264991278746e-04
6.073395414266209106e-04
5.542170534564090818e-04
4.876502443023724483e-04
4.857401380826046710e-04
4.832796948117456062e-04
4.728426002987694710e-04
4.798572789013881871e-04
4.823976124631772569e-04
4.837292145054867404e-04
4.885279796750305456e-04
4.912613338249940129e-04
4.940365975347014039e-04
4.966171478452313702e-04
4.985515690903244163e-04
5.000066091456196841e-04
5.008959276254204953e-04
