4.019770118496121536e-01
4.441042813229743036e-01
4.412353004096647435e-01
4.585320339175993909e-01
4.336438792012365928e-01
3.919127908432982199e-01
3.447748294830954574e-01
3.097256542055482620e-01
2.445556755692508133e-01
1.684170445410834993e-01
1.229122271926424564e-01
8.678901872673641660e-02
6.305381817725629057e-02
4.158464278135881598e-02
3.002027966040918955e-02
2.164468622579121884e-02
1.717968708830134444e-02
1.418524834627943494e-02
1.040339090395236803e-02
8.273154125363677350e-03
7.490531886140453476e-03
6.073475869256623333e-03
5.190444189715721218e-03
4.621542263105912242e-03
3.990873776965440586e-03
3.641548225782971406e-03
3.515992857987134800e-03
3.106619339529613760e-03
2.707833485055104357e-03
2.552140514053653862e-03
2.382527714330662065e-03
2.443295307190921414e-03
2.447957366465351291e-03
2.233264145224417123e-03
2.195579436091083837e-03
2.047054904799868250e-03
1.602426583843671870e-03
1.490417972368472373e-03
1.403302982752088193e-03
1.288007395827490877e-03
1.259349256589158876e-03
1.443957834796947767e-03
2.293574256621349217e-03
3.578153236202068904e-03
4.466925478787219135e-03
5.105550102782943980e-03
5.654305536524155060e-03
6.670881050657761005e-03
6.904574277316147604e-03
5.075808169850547051e-03
2.942285551057856677e-03
2.659355462487534780e-03
3.817636265417370493e-03
4.856734156792109382e-03
4.261914287488730198e-03
2.914893649321634653e-03
2.571361343283781915e-03
2.734942992366345103e-03
2.279426669980284554e-03
1.409947255153396395e-03
8.739239332628638817e-04
6.488252457914778920e-04
7.280312260712129340e-04
9.714145987113924005e-04
1.252204730825096654e-03
1.636539286402763490e-03
2.172766268642153682e-03
2.927069178854800353e-03
4.060352829734678246e-03
5.567727452688117640e-03
7.001852772165184473e-03
6.902266904845509067e-03
5.767432717619432915e-03
4.807269056044103685e-03
3.439941381243242016e-03
2.530362474020827340e-03
2.319174963064073169e-03
2.655617637892817001e-03
3.089613434610073792e-03
3.148432877598223746e-03
2.737358853087160874e-03
2.265600509245500795e-03
2.123338706858652562e-03
2.074069739483948901e-03
1.810839034262804901e-03
1.590837300994299907e-03
1.554995722952292204e-03
1.510943610718608983e-03
1.660798343756830948e-03
1.962807257891514574e-03
2.318925869208506713e-03
3.071595498273778889e-03
3.414318314211424194e-03
2.508420866863835409e-03
1.069112460891197052e-03
1.076783138868998542e-03
1.140039083330923568e-03
1.079322776739811756e-03
8.492168705770645077e-04
5.684840409992466008e-04
5.929303436394889109e-04
8.452370867802312063e-04
1.067298742110117009e-03
1.359379487845407053e-03
1.787423823946172581e-03
1.852866956468428219e-03
1.656651504635747556e-03
1.795836712986542292e-03
1.950992240123889439e-03
2.648690584209445129e-03
3.071041846130183762e-03
1.972018787699419875e-03
1.716114665142656152e-03
2.280773838750080502e-03
3.638747046881209753e-03
4.802236608532284116e-03
6.024028529057887625e-03
7.811135371949528769e-03
6.913189068609311080e-03
6.005752780709091611e-03
5.811398985695280343e-03
5.374148231920782524e-03
5.041304174876604441e-03
5.469804603109575288e-03
5.331309716764381576e-03
5.352716978591627421e-03
6.372532506604357619e-03
6.917924665088671411e-03
8.360771213318379802e-03
1.102540472917259637e-02
1.224549087055522116e-02
1.229438772288987160e-02
1.142472899144191846e-02
9.724482253839037901e-03
6.403686876783919353e-03
4.692972348337517800e-03
3.520098381090254122e-03
2.977018142079377021e-03
3.726070478640590867e-03
4.963729488094871002e-03
9.217910719057788305e-03
1.328097080489800373e-02
1.680770989939494447e-02
2.265026692802297667e-02
2.587357994068608183e-02
2.907383360607503422e-02
3.466067428173322945e-02
3.872303354357927579e-02
4.016598474571488747e-02
4.228267670928923666e-02
4.640661597581835496e-02
5.206408694493275952e-02
5.618193110500392662e-02
5.305536676517549205e-02
4.687885431342313225e-02
3.605197982070525858e-02
2.705254501860435146e-02
1.825608272975366708e-02
1.081366500201918178e-02
8.123327333283291221e-03
6.947670870889128582e-03
8.355225718055199480e-03
8.942889344825890804e-03
1.036821374935355429e-02
1.205529261665199726e-02
1.202609245610873623e-02
1.086663599450752443e-02
1.187553705668304913e-02
1.044375659360471595e-02
8.241866899981742378e-03
7.176103179119508804e-03
5.897418213814102465e-03
5.607912071692560362e-03
7.088729184670034683e-03
1.059552091432621954e-02
1.403508802185942338e-02
2.038573395097946495e-02
2.399489184417342991e-02
2.630187093615391630e-02
2.685526378129887010e-02
2.214148237178919371e-02
1.687082976730562220e-02
1.240134627063116564e-02
9.795877538915686092e-03
8.253581997082246047e-03
8.352009206948880424e-03
6.215743712959183147e-03
4.113915530500922811e-03
3.962051542547044038e-03
2.488422552465473225e-03
1.305185507119441214e-03
2.576473857448224099e-03
3.535555263308766405e-03
2.053325717865954556e-03
1.486638926322073496e-03
2.292032645832892210e-03
3.602754057215187995e-03
7.672484290356076236e-03
5.204254589796470515e-03
5.354276094484565832e-03
8.322171989399126599e-03
6.881547780354250847e-03
6.809465382599541247e-03
6.370063198862976027e-03
7.834896129655726307e-03
1.335580379485140808e-02
1.120884661434411005e-02
1.241665466121587291e-02
1.533917742429142562e-02
1.199584603768052808e-02
1.116976316551306081e-02
1.459632689857637451e-02
1.595561996240386568e-02
1.743158515292509911e-02
1.463853999531345568e-02
1.207996023208334629e-02
1.468073248148311048e-02
7.748029262703878643e-03
8.003129844398397877e-03
1.306906698301623163e-02
8.283051900712797358e-03
9.919915504235647663e-03
1.138318365457815368e-02
1.276619136577161404e-02
1.461317037872837850e-02
1.683814728891397036e-02
2.732253232576848864e-02
3.287297782232691257e-02
3.461278732481928855e-02
3.854272930670676195e-02
3.438973383029110542e-02
3.389031209451219551e-02
3.457831117163793350e-02
3.161663335804080349e-02
3.624141423007039287e-02
3.485475322109837099e-02
3.953314127090674229e-02
4.180539557732813188e-02
4.332184265678538232e-02
5.015808911631396139e-02
4.490854363616113287e-02
4.345363148659282804e-02
4.681691651016689493e-02
5.102960677374390741e-02
6.292175048778507473e-02
7.720858921307434397e-02
8.109514223423854029e-02
8.165021895814844610e-02
8.106064807545670936e-02
7.913657368185726682e-02
9.457712474342111486e-02
1.077944352653059656e-01
1.041930205832844736e-01
1.042152389632686610e-01
1.075932338719558651e-01
1.107216870286146237e-01
1.308538459918982266e-01
1.453927551810413055e-01
1.480916706181999443e-01
1.422332130273228357e-01
1.367854546629565793e-01
1.427003749836584512e-01
1.397981556526185498e-01
1.279493843738309655e-01
1.235199297659030776e-01
1.157324851463098353e-01
1.076988042798460027e-01
1.083822922245894077e-01
1.260374453601395828e-01
1.356876104614536116e-01
1.177021131275287763e-01
1.189841637104088745e-01
1.224108778378768525e-01
1.234280865405232436e-01
1.305372851573907700e-01
1.208632347654704370e-01
1.229987415659124089e-01
1.383764980129804367e-01
1.388930040786697517e-01
1.489157842164891277e-01
1.448567321353097515e-01
1.214133968155141075e-01
1.264572877028523890e-01
1.204466371261374708e-01
1.226616586682451882e-01
1.307799734354538612e-01
1.187154664492286321e-01
1.155324043495663255e-01
1.108652079310383370e-01
9.962194557351482238e-02
9.703653541837499452e-02
8.984694398818424133e-02
8.718184712050669471e-02
9.003398120209363253e-02
9.172918759085378626e-02
1.040173632029686296e-01
1.134580051701925690e-01
1.111619564977075481e-01
1.128757360936212817e-01
1.141946782005931610e-01
1.255948231173002472e-01
1.406390238026805628e-01
1.469490874414048909e-01
1.484964026183693553e-01
1.490298828003383813e-01
1.425581186266451639e-01
1.476785046269596946e-01
1.381500796626208560e-01
1.287272584992963098e-01
1.305933258128849639e-01
1.195014708387483748e-01
1.208349407329980252e-01
1.212940497190109213e-01
1.070061876625302832e-01
9.248874206092438932e-02
8.138862939847860134e-02
7.783775480953897263e-02
8.064162165703515905e-02
7.829212165002345791e-02
7.165852290264566882e-02
6.365588663805427094e-02
5.884157464789789571e-02
5.651806010067293023e-02
5.341339509753691150e-02
5.086182950585466100e-02
4.982581637152817128e-02
4.701649774603514770e-02
4.737074468181429188e-02
4.669570439591981537e-02
4.328958439814334369e-02
3.817524576455075952e-02
3.521807084901656254e-02
3.497385864110579001e-02
3.464543700365323164e-02
3.281318150752755847e-02
3.228489608484332030e-02
3.027485536009710820e-02
2.782507159896268484e-02
2.615972711089271582e-02
2.369813244401943950e-02
2.218851590717033431e-02
2.199166600329998528e-02
2.135601107429494633e-02
2.142750782492610848e-02
1.987346083974166414e-02
1.690271575417782307e-02
1.497803833727116320e-02
1.211765796685577296e-02
9.941748835113254842e-03
9.006369336680995763e-03
8.078976349787804490e-03
7.237953683536817520e-03
6.502058562560160578e-03
5.341309443519540352e-03
4.532268178324965792e-03
3.721018674527733130e-03
2.872906501058963141e-03
2.369513589999957918e-03
1.908782550751672276e-03
1.399860298853972769e-03
9.914916217908717726e-04
6.670995653077317145e-04
3.789328570962327558e-04
1.894176938098214092e-04
8.699587893693938730e-05
5.679597093749092380e-05
9.405831367103555639e-05
2.040592905863051598e-04
3.965519444786933662e-04
6.263290821904783949e-04
8.328001152576871517e-04
1.054398482895633213e-03
1.351180852761461274e-03
1.825980326817087333e-03
2.276821664623126986e-03
2.838518771407308634e-03
3.303817663140389948e-03
3.624632342796716821e-03
4.088120026685839077e-03
4.619111369395636005e-03
5.364377365282600209e-03
6.349860401956610931e-03
7.029148385671585633e-03
7.805175580094633921e-03
8.655650021659506629e-03
9.795232947040349858e-03
1.095376184049224981e-02
1.149112020488933170e-02
1.168247348774770211e-02
1.228871150246942101e-02
1.298852103564768559e-02
1.353823814895113026e-02
1.407080725921759819e-02
1.523633354643324882e-02
1.552924919173031583e-02
1.645574386186985164e-02
1.671951555766690994e-02
1.737279706628057710e-02
1.831087598308939191e-02
1.864955787764070380e-02
1.911030466258079041e-02
2.010949483385380057e-02
2.069968152644783774e-02
2.074084122438820538e-02
2.017781113152562408e-02
1.925437677281880908e-02
1.967552242153888450e-02
2.091952257097928064e-02
2.263972131252305758e-02
2.320351890914055734e-02
2.222251517259173775e-02
2.165641730565085604e-02
2.237156127588437945e-02
2.313428092381648177e-02
2.506431522529846065e-02
2.537212150015909565e-02
2.484885446929716024e-02
2.678113616615073259e-02
2.764171941945374814e-02
2.666371514480903385e-02
2.659859834335315601e-02
2.616246300114434195e-02
2.486097420062029564e-02
2.472784166350365867e-02
2.520899862618785139e-02
2.514840764480111290e-02
2.533317604865478745e-02
2.434762689754268669e-02
2.317147304228906954e-02
2.245814926724938598e-02
2.262193829517765431e-02
2.309269969448401322e-02
2.296604500377428734e-02
2.226467029416996646e-02
2.171856939126059691e-02
2.107477340630910939e-02
2.046535178119071596e-02
1.907544434435935396e-02
1.763259048206248722e-02
1.673458221153976619e-02
1.749101137948260234e-02
1.771409728297292097e-02
1.721681195557607166e-02
1.628414731994626968e-02
1.519259797800441916e-02
1.371155126813863520e-02
1.267832052813641815e-02
1.268897827178381080e-02
1.247943032783558476e-02
1.183704016779739930e-02
1.079387582825732696e-02
1.027625092536582629e-02
9.810842339101398177e-03
9.331052969951448423e-03
8.961104978037053373e-03
8.773723515696191244e-03
8.528471919869841031e-03
8.522035258069328781e-03
8.712540468620232417e-03
8.138016297847463359e-03
7.772355349760121795e-03
7.390543138214457526e-03
7.012681521306228863e-03
6.676082377436287803e-03
6.326280218055610992e-03
6.086311997586361239e-03
5.652471224666669007e-03
5.181012243031847715e-03
4.623451282967362859e-03
3.999590688610647586e-03
3.679298948255060528e-03
3.490806472539899081e-03
3.169631716770921707e-03
3.050021842303179877e-03
2.914689505829107588e-03
2.862688397996360212e-03
2.893496560258872457e-03
2.848959107013734112e-03
2.952479926152591725e-03
3.287915018889411064e-03
3.733005639591936015e-03
4.311901862868025223e-03
5.100397101037008191e-03
6.313988646477114441e-03
7.830501845768571625e-03
9.592785338480210380e-03
1.231770767971345978e-02
1.548324655165027666e-02
1.982086864486368172e-02
2.385684326933978569e-02
3.094009354445093063e-02
3.537195557633011217e-02
3.937312663821698755e-02
3.904568851091515247e-02
3.458265575598330754e-02
3.019693833726708881e-02
2.664859483749457136e-02
2.377872859352359036e-02
2.219777003346877498e-02
2.127192758474089063e-02
2.064574285876381171e-02
2.026099043508060998e-02
2.000301397803987136e-02
1.978341673274670864e-02
1.959415885214350547e-02
1.942605793034201875e-02
1.927470280136191899e-02
1.914348878882781574e-02
1.903025191870128668e-02
1.894071157695708871e-02
1.887483778089541625e-02
1.883471728971933268e-02
