7.710311427464077161e-01
7.723683965794099215e-01
7.767561525328795513e-01
7.830018374423719507e-01
8.529231564714695457e-01
9.617061981190108133e-01
1.038408686601748565e+00
1.109597775346061965e+00
1.187944234796633358e+00
1.151755473671322028e+00
1.196599879511338171e+00
9.494493979029001718e-01
1.278431294251775041e+00
1.190168067411213837e+00
1.331535451405915227e+00
1.742894762213203830e+00
8.711509681269122396e+00
5.584106411728096298e+00
1.605770782828630283e+00
1.375787204437406430e+00
1.274555014905682127e+00
1.134108094814219037e+00
1.131227667239947721e+00
1.224960945590380046e+00
1.143282677224595645e+00
1.112447434405264390e+00
1.127649850317104629e+00
1.005213404388007215e+00
1.192716414606796338e+00
1.026491414054394369e+00
1.217624934949766535e+00
1.271048679645027546e+00
1.633775505925610050e+00
3.026989209753096599e+00
1.256013660820794131e+00
1.145688550748497958e+00
1.048472329903945788e+00
1.208098725123184725e+00
1.196564385221853266e+00
1.180200393431292349e+00
1.326253032791354647e+00
1.253925089270355953e+00
1.239616690664625764e+00
1.260338505194500858e+00
1.800700705947372082e+00
1.630491975030582408e+00
1.696472895006309267e+00
2.214983575405498062e+00
4.782496003520063432e+00
1.914982375562089487e+02
8.713933712083774097e+00
2.754285626688163457e+00
1.739891103054002963e+00
1.438228829754715665e+00
1.407367280105267682e+00
1.413038573479649340e+00
1.388047325122137243e+00
9.531435704748421056e-01
1.184416790095580430e+00
1.202515863644237681e+00
1.229866552567635107e+00
1.371933338655439760e+00
1.608053454310439223e+00
1.529540241697874725e+00
1.957658839220736358e+00
6.707051382668534067e+00
1.217945959908215947e+01
2.158217534975255703e+00
1.530348252284509103e+00
1.490500899000511970e+00
1.306027513856089950e+00
1.396196394896672910e+00
1.490497176002454793e+00
1.225749360213006067e+00
1.395745617175099929e+00
1.440649371358049047e+00
1.323694836255270957e+00
1.374779586325992398e+00
1.689403802062554139e+00
1.206788888207075194e+00
1.348082225287204006e+00
1.443725450792345155e+00
3.559310726978705208e+00
1.519859886790416503e+00
1.418091656655177113e+00
1.522047696490562263e+00
1.490361235279353380e+00
1.480383037594124263e+00
1.509280655420095041e+00
1.840189907319173201e+00
1.577574513892204378e+00
1.622154434913983811e+00
1.826993386747984172e+00
1.867276515034488549e+00
2.264232886613065876e+00
2.740669439567119614e+00
4.290771182940794404e+00
9.253707438166811627e+00
1.393549900092999110e+02
3.207397500343641639e+01
6.790821127013768610e+00
3.783374488197872587e+00
2.723593747427296208e+00
2.458580480236308929e+00
2.403118366066377742e+00
2.178520321840093477e+00
2.118733205624810711e+00
1.654869968693872595e+00
1.720851860949042411e+00
1.786261965357399006e+00
1.775714106874024534e+00
1.784755836908440418e+00
1.810947811264552287e+00
1.935362142484919667e+00
2.563267349245777815e+00
5.183169013666470093e+00
2.000839510048828096e+00
1.921906828814979651e+00
1.335303639671354237e+00
1.712467291425722182e+00
1.767162652924525013e+00
1.722109319159031759e+00
1.871390821850537511e+00
2.428049590465803043e+00
2.012287881918322974e+00
1.808761009502441786e+00
1.990154140675127525e+00
2.240447017080855474e+00
1.989061585675634625e+00
1.942212718572003949e+00
2.351298498559005523e+00
6.794389210182399275e+00
2.458623019874765170e+00
2.474709092001006194e+00
2.315247930156238088e+00
2.440212788866439553e+00
2.406673512957538730e+00
2.442173901185203277e+00
2.326639725404760828e+00
2.650279923933417159e+00
1.888268034252720051e+00
2.607014682467351463e+00
2.533149949441619864e+00
2.712606821668239299e+00
3.028269371193382575e+00
3.100566741670465642e+00
4.407106471141351456e+00
2.053176606536758442e+01
1.868601098188225507e+01
4.170629159587877055e+00
3.714094456901312569e+00
3.063772100649041263e+00
2.767977507001446291e+00
2.975448624653865171e+00
3.047027489553889357e+00
3.146383546371117390e+00
2.474952032309106986e+00
3.419508509372984673e+00
3.455848776353084961e+00
3.791427053897483024e+00
3.858817192676724517e+00
5.230091353430527334e+00
6.919863266592025219e+00
2.128383948473133103e+01
6.676713430848626558e+02
1.490117225878026908e+01
7.490944274192307795e+00
5.369267195457047670e+00
4.443576267659574697e+00
4.440662607044550292e+00
4.523662291032808369e+00
4.943068423938210110e+00
4.803471292370002033e+00
4.469461592580384668e+00
4.674938905261736721e+00
4.716476529067302081e+00
4.759125837915314072e+00
5.372482721453466503e+00
5.419756455005112272e+00
4.516107553093728022e+00
8.339750009172705703e+00
6.356220322683146406e+00
5.209164721294465394e+00
5.324315204521588463e+00
7.502005732292136742e+00
6.300191184676472211e+00
5.162918997148053357e+00
6.015663078559462917e+00
6.662375610499390532e+00
6.351947078102925026e+00
6.137239528686099455e+00
7.535737468468505895e+00
7.932426170221809514e+00
7.663905676778846043e+00
8.351833311168983087e+00
8.665952347966099367e+00
9.754392830949043969e+00
1.050355524688193931e+01
1.147716431790351521e+01
1.070000307399311090e+01
1.071250182272673435e+01
8.570952253963291412e+00
1.373053729593449468e+01
1.658675882572278937e+01
1.851888062925300815e+01
2.143667548588888749e+01
2.208296802587149443e+01
2.813440363417078061e+01
3.674289919515230451e+01
5.532936757514860915e+01
9.199388625069840941e+01
1.985468401911589638e+02
5.772960645696164192e+02
1.985389120279298004e+04
5.626388117735609740e+02
1.744251527356187523e+02
8.777863765410202745e+01
5.570275085951472960e+01
4.063796275213540099e+01
3.456722735308049010e+01
2.732499523132242203e+01
2.649510492645877235e+01
2.274252144975222478e+01
2.410956781724936704e+01
2.247834317165563789e+01
2.465971826461441552e+01
2.530409413751729275e+01
2.610234189586288522e+01
3.228818824419200695e+01
2.806270779880991739e+01
2.723124097171645985e+01
2.841116184573035497e+01
3.126393872911065586e+01
3.490765105128601675e+01
3.663993991675727102e+01
3.807318017365139440e+01
4.054050159557905175e+01
4.336113222202559569e+01
4.724764176100008228e+01
5.420776193569581380e+01
5.475066256174029888e+01
6.159518749765963719e+01
6.582994742659643350e+01
7.466304349863185053e+01
8.747277048874370564e+01
1.166657153953112669e+02
1.161515984432826798e+02
1.324202935233976461e+02
1.315213954878215930e+02
1.472384722049842480e+02
1.783128396993388947e+02
1.873249455875493368e+02
2.557020933631451669e+02
3.171422637061677960e+02
3.913300132705630858e+02
4.947503945808044250e+02
7.078956045886606034e+02
9.617624550285800069e+02
1.511721906719668368e+03
2.585154966169716317e+03
5.198843788749467421e+03
1.535031262205165149e+04
2.906165200043483055e+05
3.638840595092127478e+04
8.298637499682874477e+03
3.505538801608376616e+03
1.868283520937281992e+03
1.148515546551150919e+03
8.193117331839620192e+02
5.654601186318154760e+02
4.428188484920655696e+02
3.527479545141935660e+02
2.790872600088923150e+02
2.112278867066671637e+02
2.018698742386378058e+02
1.646426933673470216e+02
1.502181709514096895e+02
1.382166936450868207e+02
1.205416399931903300e+02
1.274639996555762167e+02
8.301958393576467188e+01
7.471083569339468511e+01
6.711160165068413619e+01
6.347715707484176306e+01
5.773316329642128863e+01
5.572514132798140452e+01
4.861360518409084364e+01
4.466532051275532211e+01
4.007738856896592239e+01
3.666800125352214934e+01
3.639206789972139688e+01
3.482418788539525423e+01
2.978486567443412980e+01
2.602030871451771077e+01
2.839765364120458457e+01
3.603556930347716758e+01
2.382521708210471445e+01
2.429990804520370773e+01
2.351742931302017681e+01
2.236357428445723627e+01
2.155043929113935519e+01
2.104562050466649836e+01
2.059386229774115051e+01
1.965574624706484386e+01
2.042453092830821504e+01
2.097726720837640357e+01
2.331815999104320269e+01
2.393462045971108054e+01
3.659329564033193805e+01
5.579391017589192359e+01
1.226178510740324867e+02
1.405537823013879233e+03
5.240485779968762472e+02
8.787484558938722046e+01
4.474356222114000303e+01
2.722763815237842877e+01
2.090514797453148788e+01
1.709937755554194183e+01
1.362357491621129135e+01
1.173228796266920604e+01
1.090722995850673627e+01
9.754505644899984063e+00
8.436692643166599836e+00
5.616971619290770157e+00
9.653892925391655666e+00
9.735958670891678324e+00
1.043197110323636601e+01
2.186526371358352705e+01
9.117458315834423388e+01
1.196695917830064815e+01
7.801631385095589621e+00
7.020446638999030320e+00
6.512378265841203273e+00
6.207264302469266859e+00
5.911688225806091879e+00
6.128339245049096107e+00
6.150270273383129371e+00
5.980390118677430422e+00
6.117911122715083749e+00
6.204263051236259763e+00
6.775165980271739663e+00
4.991150381656116686e+00
4.708593968586209044e+00
4.861626404587030770e+00
7.015050004697289232e+00
4.350587046333808772e+00
4.482209133264833056e+00
4.073025050303463068e+00
4.387059959023425826e+00
4.289064924681223800e+00
4.025906052214330622e+00
3.678770704484436216e+00
4.565862792329287601e+00
4.359388048989726094e+00
4.022993319425230752e+00
4.247296025205674397e+00
4.618496573144497575e+00
6.056862942028558017e+00
7.103743165652765867e+00
1.362543848055030438e+01
9.545820677358830153e+01
8.860451102344444507e+01
1.313349036529142033e+01
6.780375440462215408e+00
5.226727789530990265e+00
4.012706215119815845e+00
3.840301771602295577e+00
3.462133558686198320e+00
3.607213013425931258e+00
2.906121660695190290e+00
3.252874890904936311e+00
3.567729297833241997e+00
3.549799352584229961e+00
3.812293410497135326e+00
4.406196485095408732e+00
7.395787625869158610e+00
1.968670268299473491e+01
1.712275535630652143e+02
9.290360123277366711e+00
4.896764412198364447e+00
3.718083312807518137e+00
2.813302508028083793e+00
2.695393768202824170e+00
2.570103865984065816e+00
2.389413169710245199e+00
2.810291206501434491e+00
2.294417672766935201e+00
2.243775993005433733e+00
2.310549331476420942e+00
2.152090903870720329e+00
2.107231144865558292e+00
1.770676545373337962e+00
2.131927905620742969e+00
3.731627122691894449e+00
2.613490353668132649e+00
2.044993793218818912e+00
1.819852876124332441e+00
1.990989126583951663e+00
1.892864711671489619e+00
1.743642373319943317e+00
1.708805511485426365e+00
1.862362587810755032e+00
1.552250386258669179e+00
1.714501138809773728e+00
1.610783659643346910e+00
1.571377191765130688e+00
1.469043371293505373e+00
1.534861208715291525e+00
1.788362921127964578e+00
2.135139364404559537e+00
3.001766604544424233e+00
1.532083458998914738e+00
1.323467802478726751e+00
1.548758339924245275e+00
1.460265583713006077e+00
1.509358177416502800e+00
1.532744875796665296e+00
1.464167760890445980e+00
1.382005293130293966e+00
1.445061764209630617e+00
1.450502797901085161e+00
1.372183063319261320e+00
1.314571571649412185e+00
1.516098365253198299e+00
1.659229623695804845e+00
2.523144796610367724e+00
1.427029170585875484e+01
2.114394082877954606e+00
1.452965838408505794e+00
1.353887730981606197e+00
1.119215163067729835e+00
1.034222491345091477e+00
1.020546961259016117e+00
9.900318796144903510e-01
1.036403167270285142e+00
9.612993348389060611e-01
9.560485940612791778e-01
9.059081273623402764e-01
9.380534058281673193e-01
9.488265589931128563e-01
9.096945785889889446e-01
9.396115493698161680e-01
1.003643786500243440e+00
9.310802649099136907e-01
8.978830963106096963e-01
8.675524297745309532e-01
8.217019263364254700e-01
8.559708355550426084e-01
8.612151940993421073e-01
8.472092486975447700e-01
8.454097263449600330e-01
8.389295358854580442e-01
8.674717362819563959e-01
8.340525656407336008e-01
8.358734820200934834e-01
8.174806760376762682e-01
8.152837041560671016e-01
8.211717613895138657e-01
8.025396308499452847e-01
7.986442527093113863e-01
7.960541124712088301e-01
7.933194980194325785e-01
7.899620768268231785e-01
7.901176835946378540e-01
7.819010034993670866e-01
7.814569662266904748e-01
7.773482930869641816e-01
7.761999701337687352e-01
7.713485854654786866e-01
7.620838970038021909e-01
7.678827409461357334e-01
7.559414126820382940e-01
7.624283560917646252e-01
7.591932998732177085e-01
7.558553980201453415e-01
7.651735618276293005e-01
7.587790926483238829e-01
7.524649381709601625e-01
7.494342252484353928e-01
7.465873173790853468e-01
7.439462489621541108e-01
7.418114649817177941e-01
7.402938170932364947e-01
7.385262257051695700e-01
7.364357861510277825e-01
7.348262159100367175e-01
7.333052707524516656e-01
7.317663041424482540e-01
7.301585467785491890e-01
7.285659864969297184e-01
7.272837976330113197e-01
7.262432417736904844e-01
7.250304978628688835e-01
7.238697010283456912e-01
7.227344421485872861e-01
7.217202955404176112e-01
7.207821121850207513e-01
7.198537566650247133e-01
7.190075199221270807e-01
7.182154222678234223e-01
7.174868355969101774e-01
7.168184194024063149e-01
7.162072616840440276e-01
7.156561881898280131e-01
7.151624290118449023e-01
7.147271000994632750e-01
7.143505339901117246e-01
7.140318516949759609e-01
7.137712324792171437e-01
7.135687023756345226e-01
7.134240851777586823e-01
7.133373335893499201e-01
