2.008661499732479020e-07
1.006352909875670469e-06
4.367213583479024365e-06
1.624809414130206481e-05
4.308144440726056722e-05
8.118909093296440343e-05
1.091310996398254526e-04
1.074251181819170070e-04
8.847656637656848622e-05
7.317681106221842282e-05
6.264895486203401955e-05
5.626727429863019137e-05
5.268927475266409118e-05
4.954717235987950050e-05
4.959206498603080718e-05
4.869914489501795632e-05
4.598648356837292211e-05
4.505759057914608543e-05
4.420131545723374579e-05
4.373082483482536320e-05
4.262049404017542308e-05
4.154773180600931893e-05
4.167797285830419766e-05
3.724596267155886925e-05
3.321613771446151324e-05
3.356008295910810644e-05
2.789532729081292724e-05
2.227378569965753134e-05
2.418092381159505429e-05
2.583980579130241772e-05
2.265123853191944683e-05
1.519355355452458060e-05
9.720826633527159116e-06
6.368232827022645466e-06
1.464975474953345455e-06
-4.207108101012782975e-06
-3.468647398450145401e-06
5.354726478554950015e-07
-6.456592071094972592e-06
-1.121496798307935406e-05
-1.089260201049759119e-05
-1.844623071782344989e-05
-2.344136591992798926e-05
-2.150590472532330600e-05
-1.981817695342423305e-05
-2.569662206267435379e-05
-3.206398481545415582e-05
-3.305753653832841336e-05
-4.193747383997427851e-05
-4.765286009413791666e-05
-4.731693390888256582e-05
-5.740440876196079749e-05
-5.909242904187847738e-05
-4.817871465647471013e-05
-5.076262620068121284e-05
-6.034726795636007296e-05
-5.706973809679217341e-05
-5.519692294860077659e-05
-6.618464987191110171e-05
-7.196584382913073547e-05
-6.773885834518348465e-05
-7.029323741147177457e-05
-7.852332831117703909e-05
-7.850406304014765225e-05
-7.790887696325235565e-05
-7.975745412840697351e-05
-7.646729633811398497e-05
-7.279413538755740147e-05
-7.278860477490705565e-05
-6.902452451667363343e-05
-6.193144622537670430e-05
-6.235709358177997927e-05
-6.263178495848150567e-05
-6.528619340983736518e-05
-7.332017830077651010e-05
-7.446097220927516398e-05
-7.317267763111397823e-05
-6.309793943808127744e-05
-4.844601203853967671e-05
-5.287407772431671756e-05
-6.567901381356429846e-05
-6.102934303789179485e-05
-4.869757680752841524e-05
-5.665865165402698256e-05
-6.803711672998644816e-05
-6.070469705801497402e-05
-4.772182485680739579e-05
-3.626757249083069177e-05
-3.658319319759157674e-05
-4.647809367934101568e-05
-5.241913138205958351e-05
-4.554097889661081193e-05
-3.018548125032708139e-05
-3.666366914286650733e-05
-4.672756295257416630e-05
-4.030569390200890601e-05
-3.319174231246871029e-05
-2.159064037298002382e-05
-2.443745226430718144e-05
-3.134329292735973797e-05
-1.973130250996726247e-05
-2.254852214680377228e-05
-2.413752583676101828e-05
-1.695709476659458293e-05
-2.811121779036566650e-05
-2.422873400339695479e-05
-1.953451213894976502e-05
-2.816452860808114564e-05
-1.793678375359983377e-05
-1.723889311922847904e-05
-2.500624883389292771e-05
-1.897359696088487827e-05
-3.096575598944524664e-06
1.174478620881413813e-05
1.037973052542677178e-07
-1.393235895457923054e-05
-1.678481973039778827e-06
1.086109098632012529e-05
7.344773664493776732e-06
4.485291694402229485e-06
1.859749246530507195e-05
3.645028546646430812e-05
2.532038428743299576e-05
1.234559479369366754e-05
3.092708011769685706e-05
4.905670775936995669e-05
5.812673499496441901e-05
5.834008077404676700e-05
4.942056995705539269e-05
3.412175410902625576e-05
2.306090729358645493e-05
4.082472378613709091e-05
4.574831908216239480e-05
3.490452870032373817e-05
4.482655970609158768e-05
4.603523452897804102e-05
4.494406085906219690e-05
6.058409339998777104e-05
5.368153589247702382e-05
3.706028376285881948e-05
5.146354045637689548e-05
5.156540371895690443e-05
3.915602731371573128e-05
5.112342371437608371e-05
4.182022278289080475e-05
2.924514136864293939e-05
5.719871977238093550e-05
6.471002972075856445e-05
5.015251504154647719e-05
6.814563117888371418e-05
6.016232352856882133e-05
3.190234762733018146e-05
3.997415298752682219e-05
3.445678495783057057e-05
3.169864689236731700e-05
4.060658635314474615e-05
4.161167240941874537e-05
5.362271399950464400e-05
3.556140487642663614e-05
1.866399940399215426e-05
2.823675909737713186e-05
3.569460919785194129e-05
5.760863151512145459e-05
5.272928000334566029e-05
2.708549900413173596e-05
3.797925003932479271e-05
6.399125280168902429e-05
6.376693805715891313e-05
4.815110376677690960e-05
4.795992927021973325e-05
3.114617104230589138e-05
1.471963932376901368e-05
4.294041015539215193e-05
5.662710660858629645e-05
4.835201072330411507e-05
5.024010798578435670e-05
3.402798764751893549e-05
8.100973803432445018e-06
1.509636802031917941e-05
4.501065832612946121e-05
4.986746506605956502e-05
3.015741843369312001e-05
2.831489541380675392e-05
4.321296932860671275e-05
3.702228325417274054e-05
2.725850706497435152e-05
4.273372690466876707e-05
5.649463378201957349e-05
4.221613919198664866e-05
2.212339717674842449e-05
2.758567571674076124e-05
2.033671150354498814e-05
7.121326136596261910e-06
3.540043585745712575e-06
-7.291580618021475237e-06
1.761609460079429889e-05
2.518065701358678798e-05
1.689923540145781952e-05
3.419560781487961131e-05
1.931772529682412409e-05
2.047312276526738883e-05
2.459476363499624245e-05
6.874513677964916168e-07
-3.626306972712177466e-06
-3.138534787073591262e-06
1.145078259927867448e-05
3.195243992654721573e-06
-2.492734230176245607e-05
-7.267275203709715154e-06
1.378082318058666017e-05
1.128396966433613904e-05
1.130593650089115943e-05
1.254401433524557995e-05
-5.788368865807931745e-06
-2.000151260727260860e-05
-8.227390622576926278e-07
3.101255209613694918e-05
2.845904735800139742e-05
3.724533157674657273e-07
-6.227678032765932546e-06
-8.170138772122756635e-06
-7.743931705700450306e-06
-2.366622619534404777e-05
-3.831931416083842005e-05
-1.668047684760665789e-05
-5.138275224081767812e-06
-1.985674459341065540e-05
-4.364816044569789876e-05
-4.209548924739628102e-05
-1.699650220956911180e-05
1.414098597423100870e-05
1.099064683485363019e-05
-2.730802142788603629e-05
-2.924856120315000676e-05
-2.302599266808271652e-05
-3.582391485099594943e-05
-3.397956799548623074e-05
-1.641284662286273581e-05
-1.234249968191794654e-05
-2.770421955520978519e-05
-3.164104299968274389e-05
-1.587490109553543546e-05
-1.474421398499132005e-05
-3.651665926197927771e-05
-5.080864148177254578e-05
-3.739352429472224019e-05
-1.696439221006417212e-05
-1.378256539682326205e-05
-6.462936038999304122e-06
-8.784382118636853423e-06
-2.673732027066937525e-05
-5.769431857392246416e-05
-5.236606423293452278e-05
6.010525950396545881e-06
-1.104706073702375912e-06
-1.217057170733233249e-05
-7.322774982944262898e-07
-5.614277122763891998e-05
-7.064181224755331856e-05
-1.530479188008766766e-05
4.500060771666415467e-06
-1.672810864906852530e-05
-2.076308736505443807e-05
1.693668647786898037e-05
3.717673291115892520e-05
-1.972326201766458150e-05
-3.257057426624378535e-05
2.267201057803827825e-05
-2.564419947731211698e-05
-6.075911622748620495e-05
1.665577797393916163e-05
3.793732879746015095e-05
-7.202194611493121920e-07
-2.236520655402753072e-05
-1.210743379294637052e-05
-1.020712750213683658e-06
-1.956025738753163965e-05
-3.256863167148127945e-05
-3.385363299637303289e-05
-9.507695775884121201e-06
-4.170782509963059439e-06
-3.460077649947774136e-05
-1.180551414125787096e-05
-4.727969933127040939e-06
-1.579012195939061470e-05
1.605805967657864154e-05
-2.331237497455594229e-06
-1.523023760215605240e-05
2.334400565546156551e-06
-1.762892932324707068e-05
-2.661292917845839003e-05
-2.959661312931751896e-05
-4.857780012262973127e-05
-7.562622305829409558e-05
-6.621837970772757637e-05
-2.749250546488503943e-05
-3.922889897151079597e-05
-4.674039169698488176e-05
-2.231848933207675867e-06
2.388987436338326889e-05
2.339382298697080957e-06
-8.358186643528071481e-06
2.776643284746361932e-06
-3.240130232262908530e-06
1.223044575858728141e-06
7.475924058745438644e-06
-5.592033226877007778e-06
-2.703208352391355253e-05
-3.309058119020033279e-05
-7.071684011484951889e-06
-1.014415964727721785e-05
1.205945864880922207e-06
1.003794895915440087e-05
-3.052588725374690991e-05
9.631933705026137562e-06
4.317513978933051438e-05
5.332643853400338402e-06
-9.937243069993010366e-06
-3.258818863603759030e-05
-2.440255846315797560e-05
2.509141575709158999e-05
3.396705527955184588e-05
1.492435993039659047e-06
7.135912074711215354e-07
2.682513439281544737e-05
5.315137634459391794e-06
1.158834536107736734e-05
4.564998219016334435e-05
1.417020855369606656e-05
7.245931317099148958e-06
3.825158131637793871e-05
4.657417578089543940e-05
9.819295378269603933e-06
-5.390541974075670515e-05
-3.301721094064397955e-05
-1.234629570722007997e-05
-3.296231923214705149e-05
4.787078365416611097e-06
2.101935613859813804e-05
1.389251087989601659e-05
2.307834411395750807e-05
2.234055377682472979e-05
2.481192015751462984e-05
3.954592594884300951e-06
-2.803133398241406131e-05
-3.194088465053012854e-06
4.869442730879315867e-05
5.409503699954804778e-05
4.110421411688365209e-05
7.024646186824983920e-06
-4.485794143420312416e-05
-2.617495470468667872e-05
3.233315130534958039e-05
5.489157930815023788e-05
3.074779561742628655e-05
-1.477676067895633450e-05
-2.417234729758034435e-05
-4.187747323436038564e-06
-2.877955951536375186e-05
-5.572592827263822622e-05
-1.222476554405991889e-05
1.102764064701769775e-05
5.392266029210484655e-06
-5.810752127526054049e-07
-1.884191358381699695e-05
1.368866609920769742e-05
1.408887674830857309e-05
-1.398140621361090395e-05
-1.078988902640245037e-05
-4.639182323396658162e-05
-2.109418814237850595e-05
3.391235474620280074e-05
1.979111267522180452e-05
4.082034459646442635e-06
-1.285561362751615455e-05
1.545463307846115284e-05
2.959981938803437466e-05
2.430106283213086659e-06
4.218711357070910589e-05
4.057005406591577249e-05
1.891253069975494210e-05
1.279694197248810489e-05
-4.229315261110179171e-05
-8.520210710050906959e-06
4.767564875978607292e-05
1.214565395556225832e-05
-1.933129829723886410e-05
-2.088774050513256638e-05
-1.310070564724052351e-06
-7.680211984417652490e-06
-4.945547633268801473e-05
-3.899629286187406506e-05
1.035778625595532777e-05
1.228476211861428493e-05
-6.488903301621275632e-06
-7.962705038018932745e-06
-2.384633883706275246e-05
-6.197871778999148519e-06
-1.000833725704080317e-06
-2.955985919783653799e-05
5.055063513342790199e-06
-1.410104169072611688e-05
-4.875279614262669506e-05
-1.108100862245974367e-05
-3.192915428693457930e-05
-3.328497863132340046e-05
-1.184098627450427829e-05
-4.250572846988981841e-05
-5.567178672800126340e-05
-1.107350681389582779e-04
-1.297839175398710001e-04
-9.172391936232452629e-05
-1.690300807904375718e-04
-2.074936149329554950e-04
-2.144940443098964332e-04
-2.834796111505657567e-04
-2.234865827340921625e-04
-2.157808374369068723e-04
-3.521841659320250795e-04
-3.485583419683672035e-04
-3.048896399080088253e-04
-3.829876228713431511e-04
-4.352076101050337230e-04
-4.440042088054169263e-04
-4.845191855259008357e-04
-4.970386384233123648e-04
-5.055268556335031343e-04
-5.556939024842727590e-04
-5.699809014033640478e-04
-5.667001330366154208e-04
-5.779739517764020127e-04
-5.861961572562814386e-04
-6.120675255025104233e-04
-6.076734105463996996e-04
-5.837695536369284441e-04
-5.727295225128989538e-04
-5.400770885680051701e-04
-5.081325719377762255e-04
-4.673947714500889137e-04
-4.184751787774367775e-04
-3.865421063878310263e-04
-3.471306783926858498e-04
-2.854515260886138499e-04
-2.098110628764551691e-04
-1.469400839534048826e-04
-8.100280198247953873e-05
-8.311639427765565687e-07
6.531148168529059760e-05
1.288023161552073650e-04
1.993917713202671398e-04
2.735503530919178002e-04
3.494613537896174146e-04
4.186893699504249246e-04
4.865391052113731676e-04
5.554514073423346592e-04
6.172398741045701962e-04
6.756137362636805950e-04
7.332166933645780683e-04
7.849412775724620229e-04
8.339593765750897983e-04
8.804033228540796051e-04
9.204900597840667397e-04
9.558657134205177271e-04
9.880345876445715061e-04
1.015566776623076043e-03
1.038808132762750018e-03
1.058044864478472702e-03
1.072478122862864820e-03
1.083332990444379942e-03
1.089967920558266613e-03
1.092474652058810988e-03
1.091155791966169413e-03
1.085847044818566854e-03
1.077455533921270426e-03
1.065458818951367254e-03
1.050357933516721199e-03
1.032386154165743043e-03
1.011391257167637168e-03
9.879155262380993376e-04
9.618032212906276477e-04
9.334254657799196135e-04
9.029595803863144738e-04
8.704680426808836767e-04
8.362662679851991417e-04
8.003806445858632594e-04
7.630684106570879716e-04
7.244573111046490608e-04
6.846791311894718244e-04
6.439324430055789984e-04
6.023050060986371397e-04
5.599790253289228239e-04
5.170620946448132443e-04
4.736884233574456668e-04
4.299909804489345454e-04
3.860675023462707299e-04
3.420510384575155553e-04
2.980324762529735225e-04
2.541220807014274918e-04
2.104167668286884918e-04
1.670030415851128354e-04
1.239764435071860887e-04
8.141180293438018164e-05
3.939229091685793706e-05
-2.010778758998823903e-06
-4.272923076992175741e-05
-8.269587280273470186e-05
-1.218534527091597513e-04
-1.601429314649826727e-04
-1.975136709399251910e-04
-2.339167547223787783e-04
-2.693070116474339279e-04
-3.036445321745628759e-04
