2.503680250519748639e-05
1.124648238015234431e-04
3.162725082535353463e-03
5.494658265877082337e-02
4.659885915178390015e-01
1.730199917163955270e+00
3.251288556386334072e+00
4.023370645231329590e+00
4.227164206934127755e+00
4.331825156983007297e+00
4.281636103156697182e+00
4.268729975974863144e+00
4.324667775004598091e+00
4.317744995309699796e+00
4.274128476530614229e+00
4.311391729747303891e+00
4.308584932935734635e+00
4.350636669284796199e+00
4.343675014690696834e+00
4.338229775286788659e+00
4.345593567762936260e+00
4.314974953820025938e+00
4.344905034444801473e+00
4.354254491941196292e+00
4.343599590288998336e+00
4.353521958940548053e+00
4.363991032646253210e+00
4.363105840770049149e+00
4.393854595732933355e+00
4.389047773642938743e+00
4.375899737108586152e+00
4.392855303050168914e+00
4.454593741893625669e+00
4.465641467281852073e+00
4.429406232369257346e+00
4.508569642922187093e+00
4.485413701635682315e+00
4.468990055899208613e+00
4.528667518396327196e+00
4.528643434511804955e+00
4.481229388217831122e+00
4.590373609515709497e+00
4.570998578789106759e+00
4.537492927577153168e+00
4.574553007132432292e+00
4.576830921069648284e+00
4.565182940348896601e+00
4.644874432152851007e+00
4.663839878192432842e+00
4.607018752438963638e+00
4.711652762362410485e+00
4.745791054969640044e+00
4.700369350690793091e+00
4.717561598364845565e+00
4.738284151674374556e+00
4.804569498419964724e+00
4.796547083454079541e+00
4.770856853820974131e+00
4.822968509791089708e+00
4.880867556097598481e+00
4.845757015125411016e+00
4.876907974935306811e+00
4.927541289178424044e+00
4.901961968749813714e+00
4.920471825415367206e+00
4.963513247726279332e+00
5.024880237566911489e+00
4.993974537796100677e+00
5.041193681974760921e+00
5.096002070429046960e+00
5.121664479535326997e+00
5.115728435978209809e+00
5.163037170517383423e+00
5.182514769013680578e+00
5.221911245968986925e+00
5.245662386717875769e+00
5.285636437342058791e+00
5.290549493024725436e+00
5.346803405553998800e+00
5.379332689954727797e+00
5.404991898595262967e+00
5.413155771605292266e+00
5.452685773224843047e+00
5.511010299778153154e+00
5.534868278874418124e+00
5.558093873799749396e+00
5.609342509543262523e+00
5.656232025785069339e+00
5.701241832513116670e+00
5.753445628111478527e+00
5.756780662630551326e+00
5.811025067356319518e+00
5.885523582256186437e+00
5.896647226487497839e+00
5.934714526281890556e+00
6.001194015543716453e+00
6.044750699324555221e+00
6.083487238499609262e+00
6.121987293742353842e+00
6.181312482840384703e+00
6.222976051721240687e+00
6.269138410386883464e+00
6.318390587375533052e+00
6.380442949039495382e+00
6.435373457478008596e+00
6.505799985130273022e+00
6.545615216014587290e+00
6.607166332522431240e+00
6.672060089914381820e+00
6.743662961874804296e+00
6.780045172618882177e+00
6.850963571143180886e+00
6.930717560860832016e+00
7.003898011053614425e+00
7.049397588689377159e+00
7.120941020294123014e+00
7.193338773536686936e+00
7.271352900404896680e+00
7.328920670678472860e+00
7.410751009152382274e+00
7.479583844950656868e+00
7.562965093064496713e+00
7.669586219609001887e+00
7.731521134092993464e+00
7.799744480380819134e+00
7.918920236156519188e+00
7.987455051918807669e+00
8.071559124996829482e+00
8.186213623658051830e+00
8.266637673011047127e+00
8.362681383042145811e+00
8.496009935334610574e+00
8.582711022939768952e+00
8.667277024431264465e+00
8.792932632662743941e+00
8.896493291585210628e+00
8.986393540677839908e+00
9.137032330438234595e+00
9.239330620782434167e+00
9.337701480944769372e+00
9.491805708451771295e+00
9.620855040734543451e+00
9.734472850794984922e+00
9.871889322618395468e+00
9.995147184614500802e+00
1.015044758598482666e+01
1.031286045276484842e+01
1.043302388915654610e+01
1.059348143207617987e+01
1.075558515710054763e+01
1.094685541320491673e+01
1.109677394869803813e+01
1.123974722671307092e+01
1.143275768938472225e+01
1.162793208878730233e+01
1.180298949149154630e+01
1.198989036586520207e+01
1.218328509831999362e+01
1.240915789869140085e+01
1.259481481062516650e+01
1.280734790122192202e+01
1.301134000230126020e+01
1.325359511594744788e+01
1.348529782033213031e+01
1.372642253560960945e+01
1.396908436076328641e+01
1.425336823158506938e+01
1.452031219599023437e+01
1.480854301458079370e+01
1.502878044720755568e+01
1.539979519080165815e+01
1.569712510216350942e+01
1.594720485845930291e+01
1.628487535710011258e+01
1.667486872989390534e+01
1.698758069230018464e+01
1.734823201923676095e+01
1.769783644468723338e+01
1.807129289799775407e+01
1.851399087572717406e+01
1.890605756074324617e+01
1.928156043871555170e+01
1.974543121932180512e+01
2.025217779869949197e+01
2.075210270562219961e+01
2.119936615893797338e+01
2.173857264992859939e+01
2.230345017453241496e+01
2.285604591592575119e+01
2.343398251726405235e+01
2.405091626684501094e+01
2.467565664091694799e+01
2.534879335047083870e+01
2.610491735568439609e+01
2.680757518199450828e+01
2.746768754919639122e+01
2.829215940022369935e+01
2.917973189270241008e+01
2.995446675913198575e+01
3.083325495523292759e+01
3.185488664897535216e+01
3.290502308867166903e+01
3.382271435666635284e+01
3.507220107815329158e+01
3.623841858464236054e+01
3.734941368182517607e+01
3.857812530216121871e+01
4.017250448892034598e+01
4.155407512836178796e+01
4.298429214619991257e+01
4.455085387900806637e+01
4.639301956155414075e+01
4.845870447563842021e+01
4.991164105153900721e+01
5.194689322390794928e+01
5.443331148349481907e+01
5.648457383225828465e+01
5.892601142097917943e+01
6.161314604359787950e+01
6.445264314466837163e+01
6.738582415883305998e+01
7.098553560956619890e+01
7.414014494171844660e+01
7.783687168508535592e+01
8.222440045938284925e+01
8.649662020131363249e+01
9.109879435874488252e+01
9.665323376187996018e+01
1.021135268559182521e+02
1.081727729012407053e+02
1.151797685062525574e+02
1.224499906391037172e+02
1.304839358256578805e+02
1.393735027887490219e+02
1.496564282658006562e+02
1.606142369784769244e+02
1.731363226205838544e+02
1.869461279146386232e+02
2.027997201620423198e+02
2.203861183223888816e+02
2.410501010080422475e+02
2.637869341901515554e+02
2.908515653950514661e+02
3.219261982474690171e+02
3.585182928917917025e+02
4.016053378516144790e+02
4.529702088640803481e+02
5.148332268137354504e+02
5.897148567023263013e+02
6.833909254095945016e+02
8.020777471933622564e+02
9.524180014369899254e+02
1.149967599896389856e+03
1.420532088196418499e+03
1.795606463794125602e+03
2.345589828349779964e+03
3.193314044145538446e+03
4.615896143206866327e+03
7.293922974627444091e+03
1.349675411726066704e+04
3.613807097512002656e+04
5.059609961419580504e+05
3.014310174687212799e+06
1.523326927880809642e+06
6.315279864270908729e+04
1.704334478593972017e+04
8.521835377102324856e+03
5.206816278030646572e+03
3.523642395305084847e+03
2.549783377416458279e+03
1.929812943690342308e+03
1.513957257355125193e+03
1.218047221986558498e+03
1.004608621204086717e+03
8.400843084528930831e+02
7.141461027788104730e+02
6.142230239772939058e+02
5.346894178085073008e+02
4.690176288138301857e+02
4.151157142138810059e+02
3.691858875087773981e+02
3.314583529373872466e+02
2.987921370219334563e+02
2.710445128057722854e+02
2.471338390973588446e+02
2.256588664413680192e+02
2.076067470347712742e+02
1.912361232068745664e+02
1.769037446879174240e+02
1.639488085507503570e+02
1.525127259554403167e+02
1.420562940643717127e+02
1.332581583540667225e+02
1.247316499028687531e+02
1.168926298972125721e+02
1.098323759911554447e+02
1.038697385979001808e+02
9.779265429717378311e+01
9.243320796390827354e+01
8.773060595009498286e+01
8.309073190971004408e+01
7.898581646575669879e+01
7.545070935744463725e+01
7.156663458096021202e+01
6.818091415725152160e+01
6.535547790815029146e+01
6.242617553974443467e+01
5.968229067030557644e+01
5.733756327670586472e+01
5.483759041405162549e+01
5.258032380206725520e+01
5.070437129449490499e+01
4.878735371007385169e+01
4.668061064404379579e+01
4.505919006808878180e+01
4.327634345558892193e+01
4.195866425505844433e+01
4.035344391920200735e+01
3.891042098468737720e+01
3.777292537575883813e+01
3.656049149771233431e+01
3.522529771391375419e+01
3.417702778467980096e+01
3.308243796079867849e+01
3.213749707840407410e+01
3.120161408073446907e+01
3.029340216224191806e+01
2.935490373283882448e+01
2.854172544422283408e+01
2.770942610859377098e+01
2.701916161318263931e+01
2.615950341647299382e+01
2.548321226769071046e+01
2.481970207623395552e+01
2.419677518164527896e+01
2.361740942010904831e+01
2.297038734430072893e+01
2.238539867387507343e+01
2.194396107316389433e+01
2.135840000962861396e+01
2.085621567142254307e+01
2.042226060082807493e+01
1.992276675268387720e+01
1.945470120531528480e+01
1.919049603925465419e+01
1.853382697470689422e+01
1.800567828702984130e+01
1.777159007291975357e+01
1.736938782324394381e+01
1.705089131707221384e+01
1.668121117741241122e+01
1.628559821784236661e+01
1.609587282784098861e+01
1.573349882371411468e+01
1.538701749938634400e+01
1.517700614197440956e+01
1.477360525641097055e+01
1.453025323256383672e+01
1.434433961635096111e+01
1.400868435267005907e+01
1.372472173443124710e+01
1.361318914068737662e+01
1.327026785072846948e+01
1.323192438669207505e+01
1.293088727121987880e+01
1.267805933879646396e+01
1.233275734368633003e+01
1.224701741516228815e+01
1.197287415274976929e+01
1.178478098611267200e+01
1.156252426470265426e+01
1.146453887329425747e+01
1.119562172613257722e+01
1.103488300749860329e+01
1.086658853809064240e+01
1.069171745383117234e+01
1.048977802273702409e+01
1.038461184719211872e+01
1.017118091378206479e+01
1.007231208843202097e+01
9.878225423647538861e+00
9.748210239505452179e+00
9.587243216022958592e+00
9.449467473859670008e+00
9.246731095367449527e+00
9.184252345871112055e+00
8.981901684363087668e+00
8.862471461904045000e+00
8.739088665209509443e+00
8.550969057838754495e+00
8.412768321865810250e+00
8.408113159018620664e+00
8.116465881065973775e+00
8.050882228205493263e+00
7.937961100171567530e+00
7.725501736606783965e+00
7.575701517784832362e+00
7.548928233703409596e+00
7.334439760295926369e+00
7.139097549639836338e+00
7.069667637383623138e+00
6.869012633965530412e+00
6.659664160339642258e+00
6.549570831380005842e+00
6.400143834465772841e+00
6.181492536611045807e+00
6.003130387409974844e+00
5.815462270514153431e+00
5.727568109517746642e+00
5.461814240207943705e+00
5.289912629387194976e+00
5.088415787298684378e+00
4.923699092879815886e+00
4.825763609620974393e+00
4.862775784422422198e+00
4.338522462092861076e+00
4.046409584951383920e+00
3.849246544907518608e+00
3.623816502761299407e+00
3.381523617693196648e+00
3.225416642171420989e+00
2.965257157417081846e+00
2.766263884844052612e+00
2.545809302852333644e+00
2.373855764575610650e+00
2.149892700216515795e+00
1.985267823841593282e+00
1.806855369491771723e+00
1.648561712438809446e+00
1.473794588668375427e+00
1.381103067866116252e+00
1.213796096331681840e+00
1.062796141841897635e+00
9.748128289642892241e-01
8.661365344980261893e-01
7.469071639173429089e-01
6.823284730549677990e-01
5.861918517230590986e-01
5.075443882194833334e-01
4.441796218584405098e-01
3.853557129846791884e-01
3.376228121467930721e-01
2.957417445102128450e-01
2.501871521758320949e-01
2.159954238552681260e-01
1.857396329399370050e-01
1.591494964716052563e-01
1.370673946767390905e-01
1.144654409035176651e-01
9.717786649846867075e-02
8.383815883949162495e-02
7.086203829076646865e-02
5.839572891614129568e-02
4.963641488283011133e-02
4.134133052216056037e-02
3.454290348809030409e-02
2.883048010601491767e-02
2.387504668758304652e-02
1.956528151688468470e-02
1.631447109206707671e-02
1.335013853463175651e-02
1.090903235068216813e-02
8.790184124371713814e-03
7.262592387431904273e-03
5.899123293483538727e-03
4.696707416727379653e-03
3.745156238656038427e-03
2.991612416581734650e-03
2.356880191019461532e-03
1.877902377789716264e-03
1.473029071831156740e-03
1.148238133512530235e-03
8.939755994236968546e-04
6.895972664058162621e-04
5.298568419827264777e-04
4.045016446173148577e-04
3.050293062158604580e-04
2.292966302731277235e-04
1.709045286736701785e-04
1.262128853518502947e-04
9.258226702089447928e-05
6.714075020857509634e-05
4.807777407221951773e-05
3.421874834821125627e-05
2.406092788664254483e-05
1.665357546861871569e-05
1.138961108692828284e-05
7.683792887241535841e-06
5.107707202590430989e-06
3.324541195772222716e-06
2.146851081399566234e-06
1.335207345427454125e-06
8.260043833085384502e-07
4.963046151438886921e-07
2.901104180482305087e-07
1.651123778118532809e-07
9.234977761055238775e-08
4.949415553340386391e-08
2.634335664069556318e-08
1.394424895136233150e-08
7.655117986770492780e-09
4.645486098360452597e-09
3.342170551119571194e-09
2.699750946657466337e-09
2.502044997981025127e-09
2.413734572900859942e-09
2.378971874156785198e-09
2.364890232785194133e-09
2.357425395710585427e-09
2.351285653455838087e-09
2.347266092710246582e-09
2.344841313049117383e-09
