2.007077809479639097e+00
1.082450071098611799e+00
1.101689969850147666e+00
1.502085723061459710e+00
2.003170747580123034e+00
2.469019482010486488e+00
3.130009249637027757e+00
3.704158186996289626e+00
4.014147843436825625e+00
4.295620725023978181e+00
4.166176895436940697e+00
3.818601391333397377e+00
3.563363170093131860e+00
3.102901908194231506e+00
2.754852377553163922e+00
2.469032196446192096e+00
2.254699133232426433e+00
2.023196751584860564e+00
1.836075382833133984e+00
1.634927106469553415e+00
1.512783220412610818e+00
1.330346198548805203e+00
1.249423843220215380e+00
1.163999407255695395e+00
1.057155820288745662e+00
1.002426967329404395e+00
9.522929885939568351e-01
8.898335303974287402e-01
7.969312724631569811e-01
7.401936358193110799e-01
7.088254606110856448e-01
6.785375777400133313e-01
6.521953539120649568e-01
6.121787772152536000e-01
6.017535863109045868e-01
5.653675131847466506e-01
5.192221513839960778e-01
4.974264715058110409e-01
4.790600136372242801e-01
4.530387311372580661e-01
4.372095310155099113e-01
4.266602250499170190e-01
4.064165423679829137e-01
3.805733656144845156e-01
3.672690388572020792e-01
3.622238700768850017e-01
3.433970754518477220e-01
3.430380272515063389e-01
3.349991093653478247e-01
3.241346771891614464e-01
3.201824986493100322e-01
3.205671586535174256e-01
2.988094248118853269e-01
2.863589647848491793e-01
2.875001962278576628e-01
2.787003892876150912e-01
2.683823954311232440e-01
2.639090036684506035e-01
2.702501584815420466e-01
2.590089356244824059e-01
2.547050924329595789e-01
2.538386613032723726e-01
2.532494121674614962e-01
2.492519669958841166e-01
2.463021702494469778e-01
2.434650160190842683e-01
2.354407376102269356e-01
2.349886963220880753e-01
2.298558276189524574e-01
2.241325102683797699e-01
2.195530798328348687e-01
2.173110621549674826e-01
2.158625829446351729e-01
2.184891768425409608e-01
2.186523067211424143e-01
2.198060682312600045e-01
2.149159722626133862e-01
2.065114852146770763e-01
2.027266428733915937e-01
2.088708654804507514e-01
2.110615937073223591e-01
2.037977962551825450e-01
2.048785876063146660e-01
2.105707046186509335e-01
2.117703313333229032e-01
2.083007305377702345e-01
2.012506266632541896e-01
2.017938418841085380e-01
2.031334995466748672e-01
2.109672093208289356e-01
2.117483997337903101e-01
2.060258812143114515e-01
2.078664331311900204e-01
2.139540108918143724e-01
2.167422491567232157e-01
2.174070991754776527e-01
2.139721898514820864e-01
2.149838052429962620e-01
2.232668013830588771e-01
2.208045466115493849e-01
2.260794875040775254e-01
2.296526388666146334e-01
2.302437711507726026e-01
2.407035053049170759e-01
2.430347929759784364e-01
2.479834731983785456e-01
2.551600473427741433e-01
2.596903556282381675e-01
2.643490420230021898e-01
2.732849388322085571e-01
2.837332310349815478e-01
2.850795648675093497e-01
2.846959863897854937e-01
2.913159257132815205e-01
3.126519016758956271e-01
3.194187548004323585e-01
3.244768909070755436e-01
3.331023921321103476e-01
3.494299215222666510e-01
3.612083563331341951e-01
3.589535393393040175e-01
3.766098739290054676e-01
3.998448012367616378e-01
4.152782034861310922e-01
4.218214357093774125e-01
4.300079261313801693e-01
4.492439065760897576e-01
4.707689120809581129e-01
5.053051732525650763e-01
5.512861813938920719e-01
5.717458802090749082e-01
6.016105827219845326e-01
6.428656962103157513e-01
6.891418734747170038e-01
7.262693146499418217e-01
7.970736265057846159e-01
8.305917567338720886e-01
9.060890779614203527e-01
1.010340155235018411e+00
1.098173350818622884e+00
1.201502856721840207e+00
1.357463848903666115e+00
1.505902104115169449e+00
1.694426779594211396e+00
2.005923463785218352e+00
2.242508025535328464e+00
2.575630951620673237e+00
3.115091526649234055e+00
3.700325871039210401e+00
4.575892715687911227e+00
6.100711678945551775e+00
8.066864061016721266e+00
1.170949742135950977e+01
1.785095278932604046e+01
3.272456145481815781e+01
8.694118600120553708e+01
1.695015938494802640e+03
1.781973697738674309e+04
1.199058972054480000e+04
3.611583188606215344e+02
5.183702450506816461e+01
2.230422209656959964e+01
1.282551899571710585e+01
8.653979472624772740e+00
6.185149365751350992e+00
4.461013664748092467e+00
3.377151793841472127e+00
2.732682027296927885e+00
2.195111480244268165e+00
1.847481044545437268e+00
1.589044899123830401e+00
1.329616406011357332e+00
1.113473035046707027e+00
9.652285202552129961e-01
8.409681460823897892e-01
7.430140260344767489e-01
6.810421119558892622e-01
6.130569763144784190e-01
5.361385086587797666e-01
4.714943963690615414e-01
4.316486409704389793e-01
3.982250105564645870e-01
3.549844144171415694e-01
3.260921600235109352e-01
2.997023060638163705e-01
2.763741896076112869e-01
2.475272454955610990e-01
2.292975916348833632e-01
2.179110381622249848e-01
2.000619236995005989e-01
1.889204007421010079e-01
1.762624086252543854e-01
1.662255679694554233e-01
1.589021826693209072e-01
1.449820725687687162e-01
1.358115805523614217e-01
1.272405084604023850e-01
1.180320760061292495e-01
1.124048598514054836e-01
1.053944981294103050e-01
9.966938009154774347e-02
9.520338681383799795e-02
9.116107033920566038e-02
8.746510797784085023e-02
8.092665407342489181e-02
7.746467691167015224e-02
7.481276066925197921e-02
7.214488314137462721e-02
6.653306788434600050e-02
6.358360482962101268e-02
6.046410196246483626e-02
5.723162172399826053e-02
5.565884730074537046e-02
5.350254261062482863e-02
5.222482669305924391e-02
4.721516160568284270e-02
4.562357735327607355e-02
4.361350763118813229e-02
4.292105162801656409e-02
4.112842574279568925e-02
3.923465536786845814e-02
3.845635377842117342e-02
3.712007325095002114e-02
3.620999519769905334e-02
3.355813414045200060e-02
3.295346983195247825e-02
3.197010169020757242e-02
3.148892966936323728e-02
3.010481983500338035e-02
2.804025902248036967e-02
2.678688590275481868e-02
2.621776671526048971e-02
2.606922503485308365e-02
2.472443482251742916e-02
2.441970592251182723e-02
2.343708810517448893e-02
2.274242092446922617e-02
2.155356884564897657e-02
2.115568094995503440e-02
2.071022129301580347e-02
1.989808937631215233e-02
1.924484167890928507e-02
1.862489478287378264e-02
1.865463226265019758e-02
1.800106870076287335e-02
1.726687070441201149e-02
1.664652462562895424e-02
1.594144049754913153e-02
1.571736458567402767e-02
1.501745174073870932e-02
1.535857231649999551e-02
1.495547375967893472e-02
1.407480220520636489e-02
1.350977790635050566e-02
1.330392138198736862e-02
1.267698253074868789e-02
1.277863401782429985e-02
1.289502577039088917e-02
1.234814009976485834e-02
1.167810024859149490e-02
1.132063978505991851e-02
1.118446244279288834e-02
1.080848871208598370e-02
1.008767320512960267e-02
1.016706985159095307e-02
1.022208959971795256e-02
9.533243880183211311e-03
9.464921944459312245e-03
9.610289867123440050e-03
9.106975292129490529e-03
8.556145290954742313e-03
8.421567220879709950e-03
8.450726579593071872e-03
8.207980319181726325e-03
7.975649821716054161e-03
7.783529397179212231e-03
7.701237082801385206e-03
7.628138655522514328e-03
7.388355152219893904e-03
7.039067558021171352e-03
7.165197932222982721e-03
6.825915996906213937e-03
6.732858462754682215e-03
6.561399586718908578e-03
6.359078982881625694e-03
6.211792599036990853e-03
6.161557568106400262e-03
6.022174020684908577e-03
5.917936429315742188e-03
5.867721493528319128e-03
5.793361739283858433e-03
5.730686003019510449e-03
5.831020527332921380e-03
5.751096136554883533e-03
5.582445310521860077e-03
5.516321939099140710e-03
5.577059642654065043e-03
5.439602267049647999e-03
5.304787337707376864e-03
5.329478351036144937e-03
5.477813214795916943e-03
5.531947231314487262e-03
5.755216005501238852e-03
5.947325620771439295e-03
6.395278174054657740e-03
6.887350639287426364e-03
7.902625975605861650e-03
9.376289299994988377e-03
1.141572911687221970e-02
1.581750294321575268e-02
2.179851570896982130e-02
3.562761130524143283e-02
7.996678123798579840e-02
4.372531456627988811e-01
5.729774331612087046e+00
8.159785393873045578e+00
1.027875288586947322e+00
1.174326876123079622e-01
5.571557503407913864e-02
3.426664933374064942e-02
2.382585603363687743e-02
1.879140645880110483e-02
1.543476559689590383e-02
1.284791154172429742e-02
1.128384365033146576e-02
1.007227396326951761e-02
8.836808190227880139e-03
8.235823544797279960e-03
7.584202188975164467e-03
7.118885270961035003e-03
6.477826848899374303e-03
6.188318282169582782e-03
6.135179986092103091e-03
5.854977786625042806e-03
5.572324073504002391e-03
5.404128584195680776e-03
5.134839797250834344e-03
4.870839404833063845e-03
4.717261788100310209e-03
4.568388471096834769e-03
4.390200847616834712e-03
4.258439259970618097e-03
4.135960022530540958e-03
4.127541858326358969e-03
4.037093195149740396e-03
3.831999828775098024e-03
3.720395657216367304e-03
3.604253841228494386e-03
3.630594818586959510e-03
3.726780543934629392e-03
3.622990311728239120e-03
3.549520687146113032e-03
3.390911715335548967e-03
3.197201399118042211e-03
3.213402960392252022e-03
3.216529679359480653e-03
3.139887391866179756e-03
3.123492125498435711e-03
3.257655930139407695e-03
4.216895000269496249e-03
5.013048049159801213e-03
3.234075816173132435e-03
2.862979984213065952e-03
2.820936803220980196e-03
2.719996995766303747e-03
2.682558550400796372e-03
2.654197477186912447e-03
2.650107226711164669e-03
2.670423002592612217e-03
2.607696633410564509e-03
2.498548985912570942e-03
2.455620482367397266e-03
2.421152809213864519e-03
2.457408209315152785e-03
2.365810009509958234e-03
2.344514663851745510e-03
2.359285711442938010e-03
2.273339392123406751e-03
2.224716715621823798e-03
2.193174502022183798e-03
2.163188814030834409e-03
2.207749258090094605e-03
2.153851692801116418e-03
2.073245687688832998e-03
2.047563893660215781e-03
2.049479353053111803e-03
2.026535885519954987e-03
1.995276817358219122e-03
1.969348002694109798e-03
1.984470000093554402e-03
1.976939301995416995e-03
1.897638167036882692e-03
1.848659821135057411e-03
1.850586216146580870e-03
1.795581096736365966e-03
1.814603569267386621e-03
1.756907850397045794e-03
1.731960763951868399e-03
1.756115854522027724e-03
2.116122207889894764e-03
2.110786982815508143e-03
1.715015640433435956e-03
1.628372922458208236e-03
1.603544959057704063e-03
1.568056554807543187e-03
1.505520656326507891e-03
1.505124348177950275e-03
1.454996317862330924e-03
1.526668265100936117e-03
2.007797416966608343e-03
4.990408636577198936e-03
4.233088138850792277e-03
1.636842094150647246e-03
1.391056230496500248e-03
1.407686863015683880e-03
1.349428498830139477e-03
1.246284877692993001e-03
1.289104723379945906e-03
1.286558540688210279e-03
1.205007292423374921e-03
1.203566894693781832e-03
1.223262838526839678e-03
1.202775346208216720e-03
1.210522773301450118e-03
1.195842567603905846e-03
1.174063861723564179e-03
1.202255910626806113e-03
1.201823387984489889e-03
1.205622022270983395e-03
1.191730867537517304e-03
1.204607014015429776e-03
1.263929070098101810e-03
1.303049285717299563e-03
1.326855661796559225e-03
1.367383575367677340e-03
1.396203915457738202e-03
1.446595120728708453e-03
1.488855628994339986e-03
1.540211760729271124e-03
1.605728062290797146e-03
1.777657930413387155e-03
1.898940297666303718e-03
1.960952912041110784e-03
2.077486885958931568e-03
2.281350679397423867e-03
2.386597147900084391e-03
2.546989901311170167e-03
2.862437855933653609e-03
3.226732551701955772e-03
3.970591634517449744e-03
5.291291568120607899e-03
4.971718621839742863e-03
4.835275372740616140e-03
5.264058592465774636e-03
5.889507135148850867e-03
6.760345383164015343e-03
7.648076660215995769e-03
8.763931261968897074e-03
1.042067390823558058e-02
1.151852958001518476e-02
1.522510842117052489e-02
2.302011576252110253e-02
2.188030067278671012e-02
2.292446316736444778e-02
2.711916569056673637e-02
3.257749306490024394e-02
4.049746065524742478e-02
5.158598904136871971e-02
6.824908425012723989e-02
9.888880203188493700e-02
2.454231748006559521e-01
2.338201757598031616e+00
7.229758195863472459e+00
2.988918336910376006e+00
4.719970259765045584e-01
3.374120167460574748e-01
3.406438896766810775e-01
3.766305034062712997e-01
4.518249565099249354e-01
5.670619244418847460e-01
7.227622027848185082e-01
9.249962020387121342e-01
1.181949039183998851e+00
1.558469254926231118e+00
2.109669232515487103e+00
2.809367916465613124e+00
3.891503424530921240e+00
5.261344596157592868e+00
7.133110421078046492e+00
9.096500824558992448e+00
1.233142901021409621e+01
1.433121124349615272e+01
1.580866857991043162e+01
1.441076394252969450e+01
1.108049245180677289e+01
7.650579502059675185e+00
4.714485211819817501e+00
2.738099131649787576e+00
1.521616590253715096e+00
8.023479298959597106e-01
4.123431609527219432e-01
2.166233892475709633e-01
1.216619414907061103e-01
8.271906550805058211e-02
6.637365658729321716e-02
6.364003635059047037e-02
6.224594633305698121e-02
6.360560055953527747e-02
6.466971704183671621e-02
6.567079872888913206e-02
6.639915467838636287e-02
6.683695494046870689e-02
