1.379464663087024867e+00
6.614380650416072926e-01
5.649887421080953542e-01
6.634531151841481789e-01
7.521352753877184050e-01
8.143668355052666730e-01
9.407893709343561062e-01
1.114212539724098283e+00
1.259198682642084455e+00
1.285476124177466595e+00
1.207540755947844602e+00
1.141937822599428776e+00
1.057760677544512085e+00
9.331341822142014131e-01
8.387743612727666109e-01
7.603228285057245239e-01
7.026533241044931044e-01
6.402728705325293479e-01
5.865564187548221176e-01
5.339529117303042360e-01
5.010291142289673427e-01
4.406949851250247518e-01
4.205930662773832429e-01
3.994167796876511023e-01
3.679885976278722270e-01
3.489928931758399244e-01
3.357608912750199570e-01
3.183753469851343665e-01
2.869870482251690169e-01
2.664829192843308214e-01
2.559654321029228852e-01
2.444927732930921582e-01
2.377905060032105555e-01
2.242394190769917972e-01
2.219967770002611862e-01
2.097523060160482455e-01
1.906928412522264360e-01
1.806161224381161168e-01
1.741078655302300826e-01
1.632000473083780878e-01
1.560651318339022764e-01
1.497909767929860025e-01
1.380373329821000528e-01
1.279940861258446194e-01
1.265914204137654764e-01
1.279375475831515119e-01
1.236621004309758909e-01
1.261688416371888055e-01
1.259380606106885458e-01
1.192783993672328346e-01
1.110499978685069028e-01
1.061916703895383896e-01
9.882658015993477096e-02
9.432663273314208230e-02
9.176103902320685568e-02
8.404780732499897433e-02
7.839641228494693970e-02
7.486000396439022875e-02
7.234114790835032005e-02
6.408050367827611282e-02
5.927702386435412807e-02
5.595609506570334291e-02
5.290507706718328151e-02
5.016961392440298650e-02
4.845256230237133394e-02
4.663218025577232223e-02
4.417268725536792340e-02
4.337113337743474240e-02
4.233334159855007411e-02
4.139461977933306391e-02
4.028082659433443458e-02
3.724849641857452820e-02
3.363167583417743522e-02
3.028032756920325322e-02
2.702020162398441339e-02
2.510582433711085540e-02
2.345744902583869751e-02
2.157978599417989529e-02
1.975872761188091770e-02
1.827633652297139949e-02
1.675009944071264092e-02
1.494299786845600976e-02
1.389794164071911364e-02
1.326026635479880984e-02
1.245490225263423678e-02
1.162012102632748074e-02
1.074956684106980961e-02
1.050104814374777477e-02
1.063437076750809070e-02
1.175736483444871083e-02
1.312089238852278197e-02
1.469629613836985309e-02
1.666754161584121582e-02
1.652346582655456197e-02
1.571671524461717290e-02
1.623515389027593847e-02
1.604966062017320477e-02
1.569171420627119007e-02
1.555543602754278464e-02
1.495762632593406090e-02
1.517258309860082012e-02
1.673953712177430816e-02
1.839597555850262106e-02
2.023445831816664958e-02
2.091354737171493075e-02
2.137899059148332462e-02
2.177756301054712199e-02
2.233409444430055346e-02
2.290399829791758129e-02
2.366923042384990600e-02
2.327840585815163857e-02
2.241136882944048253e-02
2.300262707450123276e-02
2.402519990213596371e-02
2.552488583675509640e-02
2.482267073363803728e-02
2.422650425533555418e-02
2.264228212385023184e-02
2.182644994821552470e-02
2.160600656709733836e-02
2.000585906200592901e-02
1.972986012565752095e-02
2.036825383631878442e-02
2.001379888332902382e-02
1.941466489722755082e-02
1.887290498154365129e-02
1.829482999230992724e-02
1.814780733669014642e-02
1.833952608401160506e-02
1.866860640584303357e-02
1.891874730534400320e-02
2.020243364190558999e-02
2.219647998034091074e-02
2.471823355013159224e-02
2.603795085300352613e-02
2.652802938548297698e-02
2.531122839009920106e-02
2.384947876415607904e-02
2.153886569732037584e-02
1.971849946104062626e-02
1.682055646964267931e-02
1.532548552040620925e-02
1.448094265112563617e-02
1.354707479493360948e-02
1.433356021323419459e-02
1.372190177338281254e-02
1.356824717761901528e-02
1.466016943840640213e-02
1.492689062523059641e-02
1.558334826022989873e-02
1.771279886725621311e-02
1.990016341131265951e-02
2.369913633184315277e-02
2.751315910366683784e-02
3.239441849020722325e-02
3.452401200496941353e-02
3.516512502428514875e-02
3.459565512518152780e-02
3.144507321881154921e-02
2.897037372715824399e-02
2.594658961555719456e-02
2.330333884570548117e-02
2.240800820302608215e-02
2.258013456282332784e-02
2.312443435086210947e-02
2.308891673219767154e-02
2.266504674035671116e-02
2.392299846295113663e-02
2.439704974761431472e-02
2.333873586227984062e-02
2.291132243163599216e-02
2.047308999176028488e-02
1.875974578400677051e-02
1.781868427601372012e-02
1.832477003930286716e-02
1.980232446788409567e-02
2.395032734677048428e-02
2.903632905367336051e-02
3.302984978425474449e-02
3.647654608610465671e-02
3.789666187365428596e-02
3.715400314179729407e-02
3.448546648761095790e-02
3.318796673870315350e-02
3.227339719849221800e-02
3.332861122377108604e-02
3.130328989393215550e-02
2.901931974719802049e-02
2.785731491473798088e-02
2.458698032869324757e-02
2.372932121993276758e-02
2.401116619171931796e-02
2.543126782010599399e-02
2.738170910222618992e-02
2.607288134106710079e-02
2.592348499352373908e-02
2.400083976431740748e-02
2.312287536109631017e-02
2.445662171302560861e-02
2.346117916151381141e-02
2.720307165220748474e-02
2.780837875806617746e-02
2.531052218436832119e-02
2.785701756277559130e-02
2.549651556939145844e-02
2.701263387483900102e-02
3.182290405883147349e-02
3.177358009831748875e-02
3.686668788768184685e-02
3.842680489144776473e-02
3.243482736171963282e-02
3.607377823840662856e-02
3.634255417257178933e-02
3.624856047078539589e-02
4.390520656807572059e-02
4.293361498362163048e-02
4.776732848787680619e-02
4.878525928445803794e-02
4.542499815917176720e-02
4.643748578306750724e-02
4.228545945642873949e-02
3.735030302413075431e-02
3.995917730601713375e-02
3.912683578122432004e-02
3.443642817464864087e-02
3.453777733072069950e-02
3.013273020886413772e-02
2.789423108804593709e-02
2.750491775467284183e-02
2.899700324436130586e-02
3.412316006375186450e-02
3.513349715869651391e-02
4.084089341336165357e-02
3.775061952476512633e-02
3.685749922785858806e-02
3.824914920765044163e-02
3.323572679960269671e-02
3.262338907125603843e-02
3.212370893675318279e-02
3.302873742802955870e-02
3.863763472811898581e-02
3.938004592384173469e-02
3.827839291926545678e-02
3.288587668895820437e-02
2.098413457273163446e-02
1.865302879698821012e-02
2.325138444780258662e-02
2.616063576946211014e-02
2.842220323526943246e-02
2.745957768775908817e-02
2.679044207599589472e-02
3.356540414385669746e-02
3.526642912347940223e-02
3.298456624653299529e-02
3.654745914214294067e-02
3.434495422908107748e-02
4.137280603134995544e-02
5.887998029349036239e-02
6.542037574334391703e-02
6.762190236407548960e-02
6.941549923078993434e-02
7.694456838975130553e-02
8.959154319339067418e-02
9.206541377005438009e-02
1.048774942406678207e-01
1.001919476133497494e-01
8.257305715668133983e-02
8.204283277055134105e-02
9.203831834407022461e-02
1.160234957161552227e-01
9.558210124159088883e-02
7.771674010301721225e-02
8.724764406644430759e-02
8.827406084359980254e-02
9.859234215471045226e-02
9.987946278479679918e-02
7.827687732300384060e-02
8.503487492631621458e-02
9.226445921836276542e-02
1.102616692624441980e-01
1.355194237602849738e-01
1.123295774400320385e-01
1.038630311010951962e-01
1.034380300937511599e-01
9.381533817657446150e-02
1.147126074410575736e-01
1.207973125466284686e-01
1.166323805830235122e-01
1.291345647409153086e-01
1.189223578318895080e-01
1.087033381577895003e-01
1.089049801178296889e-01
9.166732473771140033e-02
6.414795112241657160e-02
4.078243786433460166e-02
3.589112179399833735e-02
5.037182549530271752e-02
6.025799470688467108e-02
6.206333575226681554e-02
5.728139801528141922e-02
6.736399775571405568e-02
1.199138366836010883e-01
1.530921007296982828e-01
1.711383046460600299e-01
1.975580085087500493e-01
2.066481379589361345e-01
2.620510617624692840e-01
2.685594798036083364e-01
2.666520342759081119e-01
2.872415937620977910e-01
2.358802009718057868e-01
2.667754462317894482e-01
3.431290305351173409e-01
3.406520545359400520e-01
2.944199756914308574e-01
2.450425610819716438e-01
2.158196763991174771e-01
2.413510600398822148e-01
2.607840603119540579e-01
2.502615321095387202e-01
2.260461511204165108e-01
2.114259240914967697e-01
2.128160772068019568e-01
2.177678523727180904e-01
1.985108996126645209e-01
1.782981049432256493e-01
1.699201964288930278e-01
1.967068165316339101e-01
2.322300257197702222e-01
2.359683964417447766e-01
2.168128890998410607e-01
2.016121377908383916e-01
2.162506861842665717e-01
2.379014531798025189e-01
2.317839393578785823e-01
2.616210677997780065e-01
2.845702715384814674e-01
2.923954667841888733e-01
3.166561256092512711e-01
3.092557736359888287e-01
3.081784911798371440e-01
3.743169162982547538e-01
4.483418590495492628e-01
5.725748946701680886e-01
6.523726313382623987e-01
6.539431992479320943e-01
6.981103172422047365e-01
5.981921666907242807e-01
4.805249666906987183e-01
4.604181325159220628e-01
4.630856751425878048e-01
5.081294468795856112e-01
5.952439507671499763e-01
6.030876016813472296e-01
6.417150994608612491e-01
6.662853159704559269e-01
6.126236397349835716e-01
6.851630884804299493e-01
7.487009307713287098e-01
7.787547592659045392e-01
8.175785277020498620e-01
7.971347817960162674e-01
8.190559374796312353e-01
8.398527900779747535e-01
7.989910818350111077e-01
7.353581986003405735e-01
6.730400623021295381e-01
6.987582657916341367e-01
8.004402687039890996e-01
8.389485442987412167e-01
7.729956470843768468e-01
6.507393149295538359e-01
5.705526261733274707e-01
6.045428786601695359e-01
6.285571889829550951e-01
6.758774567727658944e-01
6.714293184191434394e-01
5.934112440655795462e-01
5.533129382144266195e-01
5.265840720416702370e-01
5.586135993803239552e-01
6.157893841963004711e-01
6.362374709830052044e-01
6.742988220403346444e-01
6.993179810877873104e-01
7.574131922086893010e-01
8.578496213240645041e-01
9.143922089277398690e-01
8.600503682813850359e-01
8.205546219335586589e-01
8.100515248420375736e-01
7.333895614086836101e-01
6.756296227576047420e-01
7.364034418934675141e-01
7.067498082867309517e-01
6.996974661734575163e-01
6.672465715187378965e-01
6.381491722321604998e-01
6.741641407904033212e-01
6.827139161882719298e-01
6.146720330617106987e-01
5.849459677145955050e-01
6.037093572758064353e-01
5.830137066773768417e-01
5.082916437679246835e-01
4.346710202900764264e-01
4.105217287159039219e-01
4.982461075981689524e-01
5.656191740011377034e-01
5.837784073537071183e-01
5.316355006447816001e-01
4.626791482550207668e-01
5.038136287276675507e-01
5.646109622464131617e-01
6.556470218146456252e-01
7.358272282508919737e-01
7.719230774062953992e-01
8.742584877143799726e-01
9.273599997429889941e-01
9.182029906673041530e-01
9.304167948142313405e-01
9.001871716207037188e-01
8.425906922813489741e-01
8.737411686812562861e-01
9.686631356135760873e-01
1.032591472345821826e+00
1.082440051220496802e+00
1.056087383603843577e+00
1.020888746096745736e+00
1.043339151249396135e+00
1.111901652986475808e+00
1.178005872509923613e+00
1.234769299651439223e+00
1.232086840788580551e+00
1.207404450631764714e+00
1.211567663808830186e+00
1.210824611055604905e+00
1.123420434592374617e+00
1.014938895520268280e+00
9.876292562018631482e-01
1.113329235679101803e+00
1.243511171769860146e+00
1.301969420752185247e+00
1.268186603691868308e+00
1.169210733674755920e+00
1.052444518401694395e+00
1.002757784617430481e+00
1.092131492140402838e+00
1.142934858047188751e+00
1.103454933778055036e+00
1.026886583032011080e+00
1.020195697873500063e+00
1.052746518437365886e+00
1.108339701001108457e+00
1.194144521373586176e+00
1.284891082857515521e+00
1.377528698802759521e+00
1.590278397027268698e+00
1.854833894271629813e+00
1.915823527387837233e+00
1.990651578097420993e+00
2.064634915256748471e+00
2.160981137619529147e+00
2.271606214789767986e+00
2.413099894822392510e+00
2.598159487421078939e+00
2.676564479514303319e+00
2.752387074647353771e+00
2.730866499485480325e+00
2.613464072468462351e+00
2.692420149101196536e+00
2.817651462153843323e+00
2.754267515123165921e+00
2.891488491627134838e+00
3.004474153116142521e+00
3.142954234711418326e+00
3.253546707707747121e+00
3.193705378773631587e+00
3.220080313039521691e+00
3.307048462766237762e+00
3.455682782988132917e+00
3.773869880840662994e+00
4.077645616971083520e+00
4.487489073694445274e+00
5.171550295442209233e+00
5.804580396010535992e+00
6.823501246618175031e+00
8.030771208339478662e+00
9.641515139675606250e+00
1.102285188382146508e+01
1.350595469517626768e+01
1.438099678759300559e+01
1.470249157665769246e+01
1.251279807529923005e+01
9.201413379968396811e+00
6.172560906456968866e+00
3.835457832792131150e+00
2.360771962200244989e+00
1.502540565248611015e+00
1.022219125255862338e+00
7.438914015167747973e-01
6.110536307130696176e-01
5.335058483787635808e-01
4.855891892265503107e-01
4.555410288314369893e-01
4.309050086855302220e-01
4.113750894776466716e-01
3.943860778868303330e-01
3.804509034271890133e-01
3.693688721259912322e-01
3.612911532191676600e-01
3.563896706128964476e-01
