3.433530095541583591e-07
4.087686313387773017e-06
1.014518668513641016e-04
1.162963428941253541e-03
6.092689582506388701e-03
1.534100857853041948e-02
1.966102037884272583e-02
1.758313118349058221e-02
1.285718766617709868e-02
8.447065086596421135e-03
6.366760019689088855e-03
4.833359579778592069e-03
3.788063863274635738e-03
2.849223403065654324e-03
2.304864911773001068e-03
1.854343118118059221e-03
1.616982688239174517e-03
1.501045501529147969e-03
1.220038325316124411e-03
1.090368537244931681e-03
1.071771552578661222e-03
9.920085807041329525e-04
9.083758900516596558e-04
8.652169217128945168e-04
8.292324484515315028e-04
8.063015698779365517e-04
8.235512695535775413e-04
7.834007100375945439e-04
7.675417341262738254e-04
7.846071440027194621e-04
7.697731545541898306e-04
8.300843122756623900e-04
8.722377252288899532e-04
8.550601940665429352e-04
8.604310590480972925e-04
8.614616687728093728e-04
7.422151698771782503e-04
7.272315162089190927e-04
7.143108811552523977e-04
7.000147861226643569e-04
7.151679409798761093e-04
8.467267664218896140e-04
1.421896580153131666e-03
2.399563665455580787e-03
3.140932070808358668e-03
3.674363460554760062e-03
4.336846634495425054e-03
5.184499205242150063e-03
5.549241748623975207e-03
4.257871175088761943e-03
2.531405474820318073e-03
2.314105113429677871e-03
3.606648417544116528e-03
4.856734156792109382e-03
4.297678467511746418e-03
3.073484710871192665e-03
2.848087058802676284e-03
3.116279457900226427e-03
2.580640913065972587e-03
1.688158800815147851e-03
1.074843245438636451e-03
8.125750937224280983e-04
9.293663294092893885e-04
1.282099520175458132e-03
1.698058876458378432e-03
2.277422686843966117e-03
3.182126385474849922e-03
4.369906268902491210e-03
6.320852762928771441e-03
9.048885072180551034e-03
1.179008799891282169e-02
1.197171794548818405e-02
1.026095357074246171e-02
8.597861017620705287e-03
6.269262284860522595e-03
4.675217602645516564e-03
4.460469484067027673e-03
5.427250258132876835e-03
6.564634464058965481e-03
6.635382765701749834e-03
5.835429876161391319e-03
5.115035557870682356e-03
4.877696018554765305e-03
4.736701368285271482e-03
4.206062584159624314e-03
3.837083930885213344e-03
3.979496929968159673e-03
3.955844068713926069e-03
4.432705986487108472e-03
5.177510434748074097e-03
6.251218848805422876e-03
8.735277269381608659e-03
9.889275056944726167e-03
7.265611825123373217e-03
3.140446548970269279e-03
3.244585521096140547e-03
3.592681794252085455e-03
3.484584058090467104e-03
2.722896409079726080e-03
1.903118327561512070e-03
1.998058671487979408e-03
2.897160922459587635e-03
3.772930396356202927e-03
4.762324313118002084e-03
6.420929425858529563e-03
6.746096961990018064e-03
6.071242858695099533e-03
6.711427363702758726e-03
7.440662972293487706e-03
1.015167939632104742e-02
1.179688892285483612e-02
7.862576336628521526e-03
7.133941394967994488e-03
9.661830112774019014e-03
1.501577772336745199e-02
2.027424265518028984e-02
2.618931780700571241e-02
3.469540001974298626e-02
3.072326854907138360e-02
2.714264934702903878e-02
2.782464639027097328e-02
2.583293138960857799e-02
2.406880601007627130e-02
2.659551536885891923e-02
2.706604266565065808e-02
2.828966531650623992e-02
3.428145286288666188e-02
3.785836285751462138e-02
4.546970009060899431e-02
5.889035712023350105e-02
6.773455230971887897e-02
6.950814272024100071e-02
6.519230445557740172e-02
5.608795495570897960e-02
3.810699074113817891e-02
2.774325987474397792e-02
2.185010471214444278e-02
1.863908625453990220e-02
2.313947469705847013e-02
3.153095254105604123e-02
5.982625890839509547e-02
8.593376573649050276e-02
1.112368053861187006e-01
1.524362735738204744e-01
1.701055597945736741e-01
2.000212272164183791e-01
2.462556148665446532e-01
2.740437017528330466e-01
2.941218413014238808e-01
3.154445663703863145e-01
3.374380909937534367e-01
3.874026142915149018e-01
4.136151320703910228e-01
4.010603712241383456e-01
3.543167951437896090e-01
2.790187742401001869e-01
2.151321294174934340e-01
1.452017548763965549e-01
8.517998727275391535e-02
6.438054529425962791e-02
5.593176096076875325e-02
6.992813991896075498e-02
7.653429920405782627e-02
8.739191172229168747e-02
1.018399328727906256e-01
1.058958980866032823e-01
9.860866066389012419e-02
1.068624388661750940e-01
9.592947072416639631e-02
7.512096210218828507e-02
6.448601080121568740e-02
5.439281111639891059e-02
5.362464696684856452e-02
6.852776559164343306e-02
1.038574506601340208e-01
1.386287595551286556e-01
1.967487481356271772e-01
2.318334074793403365e-01
2.633176284973026138e-01
2.781309427616861507e-01
2.288947939251920471e-01
1.735299992302109795e-01
1.317354590151614546e-01
1.046294250904818562e-01
8.887349520486383103e-02
9.062829235702700437e-02
7.026562449516880748e-02
4.689346974109180610e-02
4.448793768289779904e-02
2.855003919150156388e-02
1.490328454843043750e-02
2.972662256729532299e-02
4.081025074149419174e-02
2.341309453057059328e-02
1.760009924900651085e-02
2.746901475671531881e-02
4.377204138161209374e-02
9.545929971026348437e-02
6.472820473730866997e-02
6.767586840088536670e-02
1.062740163646880565e-01
8.794044387396574014e-02
8.692792151327452532e-02
8.112086431454672286e-02
1.032563089613404012e-01
1.763923403273935653e-01
1.471104504198043339e-01
1.624479554461022990e-01
2.093091082865391195e-01
1.648983573166179772e-01
1.555387594735203050e-01
2.069325506173335660e-01
2.242978792147341249e-01
2.463106534452210727e-01
2.047700229524714588e-01
1.804320929055835687e-01
2.193811328883816525e-01
1.173284761644010493e-01
1.192394283072186201e-01
1.966408142513375035e-01
1.267898660000985889e-01
1.502149068970021484e-01
1.732974478565581233e-01
1.936305630364689723e-01
2.321147843669829902e-01
2.645015993612400695e-01
4.294938369855953453e-01
5.113574411381918150e-01
5.482688373352003763e-01
6.382895984017845636e-01
5.785516749609220799e-01
5.666374816602041120e-01
5.677439836761095648e-01
5.338954418911340261e-01
6.029912165948498881e-01
5.894033859911085305e-01
6.722728992476642018e-01
7.322273187165911912e-01
7.536382987981832260e-01
8.723640533596821456e-01
7.956650875861224215e-01
7.779879239571717564e-01
8.435866152271359608e-01
8.986271414881952246e-01
1.127422855958342351e+00
1.407453104530631327e+00
1.498108690118061359e+00
1.542561619834552422e+00
1.523651653980559573e+00
1.523235085919788068e+00
1.747134189972173290e+00
2.002061143321686831e+00
2.011682701967252296e+00
2.058837590036740828e+00
2.115424873717169252e+00
2.234271764440071362e+00
2.571825791993916699e+00
2.783748722767288797e+00
2.925178887987446519e+00
2.915056864651054180e+00
2.809650045917155392e+00
2.913878172332512229e+00
2.909964635848063974e+00
2.803984288371402123e+00
2.636156998357115810e+00
2.411507936700533872e+00
2.365912494156180212e+00
2.353414892555847793e+00
2.653162743311300531e+00
2.958869150301761675e+00
2.689208390986980390e+00
2.717311853375293573e+00
2.735814517891979047e+00
2.792484261844985660e+00
2.990857013785007457e+00
2.785483106420436616e+00
2.816499008360823009e+00
3.160639548856967185e+00
3.225692322022601033e+00
3.563728263512595085e+00
3.363070388720661885e+00
2.915116037051368902e+00
3.025696144435118917e+00
2.916812987041285776e+00
3.029398919325017037e+00
3.251029995408949436e+00
2.939837520541423110e+00
2.900682711998558538e+00
2.790904496169336113e+00
2.500633091560056975e+00
2.438754034962884010e+00
2.266846390739560846e+00
2.146174339087345118e+00
2.218564051024743300e+00
2.316783503687538825e+00
2.658297716518608578e+00
2.862565861435201864e+00
2.877278400394839952e+00
3.017997465962252157e+00
3.066094122958057167e+00
3.342440761908555658e+00
3.806849864591688171e+00
3.953885177665043660e+00
4.074216112474010387e+00
4.077039062350068299e+00
3.969815415369088107e+00
4.040878235589226541e+00
3.756651649197520815e+00
3.589263277025720456e+00
3.615901722347878433e+00
3.387194405513451301e+00
3.463505368137198115e+00
3.409188889733568484e+00
3.058035440333727539e+00
2.729181560590858258e+00
2.400024320592572646e+00
2.281943432345301392e+00
2.330612928528199568e+00
2.261012843143053619e+00
2.122920975916826158e+00
1.948384482265401729e+00
1.776260151504658102e+00
1.701859310764269440e+00
1.645729971690781168e+00
1.562983167563396503e+00
1.529648093063703973e+00
1.496008143752393771e+00
1.487971668346202314e+00
1.479759817274667988e+00
1.372583789476737648e+00
1.255700978620226893e+00
1.150116926081408808e+00
1.099171214168967570e+00
1.092917272437753828e+00
1.049493586493252195e+00
1.029253547330059693e+00
9.807554395468489616e-01
9.194526643975221569e-01
8.705681751654157363e-01
7.943031489746242846e-01
7.498769488734042810e-01
7.490689899105997807e-01
7.304452136379697702e-01
7.178325159846818959e-01
6.679806559502621255e-01
5.899124277754236312e-01
5.302387345690260378e-01
4.355991206591256493e-01
3.530237580050382684e-01
3.127137983655782216e-01
2.775178087364577606e-01
2.578092076679073807e-01
2.381215136055616077e-01
1.975017474227662717e-01
1.643142373804589718e-01
1.331427537971424657e-01
1.044684685422763021e-01
8.625673301071408450e-02
6.771357410764605733e-02
5.094505950329514948e-02
3.645693645043868863e-02
2.499536063253747845e-02
1.418072860364761288e-02
6.997193811979443394e-03
3.294640526791505538e-03
2.157782907955476445e-03
3.569630403602809445e-03
7.774998949494356382e-03
1.480655912257873401e-02
2.353136197793467138e-02
3.229065020834958472e-02
4.123069469269525361e-02
5.326792065490198319e-02
7.008896650387562433e-02
9.004478984618728699e-02
1.129562563314526757e-01
1.309556904693560120e-01
1.467218875647485210e-01
1.666202713283357617e-01
1.888293451992497651e-01
2.203568758706827280e-01
2.530952753702694347e-01
2.822534428365089387e-01
3.237536433554211723e-01
3.621505122122065656e-01
4.027151616866492256e-01
4.479439585173399796e-01
4.751665912383404300e-01
4.882756559938961072e-01
5.041759701286273598e-01
5.289273621302860162e-01
5.657066365803864461e-01
5.978055088609558476e-01
6.413731154604010998e-01
6.624046724502447026e-01
6.852040702378626724e-01
7.135041492342095726e-01
7.405853942359499342e-01
7.734588361925078814e-01
8.019654343191036094e-01
8.206186906547360271e-01
8.481663822288002530e-01
8.867128267365629313e-01
8.833528664744831893e-01
8.571826025305807617e-01
8.310444661330298466e-01
8.331863145058014952e-01
8.980607845095461839e-01
9.286636200964059062e-01
9.364482995165940293e-01
9.111605965803478702e-01
8.554884540559754003e-01
8.559582711418267653e-01
8.715507510848250483e-01
8.856282404540789521e-01
9.001993548757165620e-01
8.924498711653588989e-01
8.820082081288335152e-01
8.608129723333770578e-01
8.327932756495598499e-01
7.848468748700440090e-01
7.140026783225772444e-01
6.432537411465654165e-01
5.933361727191140966e-01
5.647096715586729099e-01
5.316185759754625817e-01
4.810785314722668127e-01
4.233289973201237455e-01
3.649020483171989682e-01
3.232355108630392548e-01
2.910651749872344429e-01
2.573976815059417778e-01
2.230277992817519817e-01
1.897826469564327934e-01
1.598261392304920203e-01
1.345267868649743237e-01
1.110105888586678941e-01
8.908993638576513663e-02
6.961918208062661817e-02
5.543244044120613362e-02
4.565394622349214920e-02
3.784808822407168677e-02
3.077231011669166044e-02
2.382105752394803391e-02
1.766959050846798537e-02
1.312374184068624758e-02
9.718201385231136150e-03
7.399758498140963578e-03
5.555862338819855806e-03
4.014358681363741459e-03
2.922289880179247852e-03
2.106065676777400461e-03
1.523746457508651274e-03
1.113142890956946365e-03
8.030761953447620744e-04
5.729785398577977090e-04
4.108322903788704981e-04
2.992728297592145751e-04
2.154291735926547368e-04
1.519226527287471375e-04
1.029557501821607145e-04
6.801869389052262133e-05
4.467357615142155888e-05
2.912473894881579379e-05
1.908727639424127385e-05
1.243614433615000205e-05
7.757272160862801371e-06
4.766955887356189233e-06
2.878058090390070356e-06
1.700499299874926548e-06
1.013970667100856164e-06
5.992715099525003150e-07
3.469204443917666693e-07
2.027876152843834857e-07
1.192519808498222747e-07
7.105633657975015131e-08
4.387493281626223772e-08
2.658023774459410599e-08
1.622354001179573036e-08
1.030236288930201697e-08
6.602022100909102682e-09
4.265065632949268023e-09
2.807716390920981391e-09
1.861530357404597819e-09
1.192590727778592878e-09
7.578576022097901215e-10
4.796293266514816223e-10
3.002468636871109421e-10
1.880011585195684084e-10
1.156864091263342786e-10
7.092175975705027560e-11
4.380638648849876434e-11
2.712410613650097405e-11
1.772609282022842365e-11
1.195998784611045881e-11
8.546317080559525939e-12
6.731581902191240384e-12
5.500074767263543651e-12
4.759754995778117660e-12
4.281560526439070188e-12
3.922051887354316160e-12
3.643004635219482012e-12
3.424097124286789242e-12
3.235264266947152514e-12
3.074651827187920461e-12
2.938048448770463370e-12
2.822758046780877674e-12
2.727109671862362465e-12
2.650059940608652666e-12
2.591008325028400129e-12
2.549177377964431490e-12
2.524238990284905861e-12
