9.026767967073993059e+05
8.391351130737741187e+04
3.378274298392490437e+03
3.087211653856783755e+02
6.070634343407623845e+01
2.456846029038755574e+01
1.820949121451225139e+01
1.954548898530454792e+01
2.259580496312914732e+01
2.296362712032781062e+01
2.310072247019740033e+01
1.704855188499302088e+01
2.127999349783442895e+01
1.737059785477799068e+01
1.734291082517532701e+01
2.034381333426881255e+01
9.255572832006367889e+01
5.277117593152199504e+01
1.369257080639928503e+01
1.043876377318571080e+01
8.907770463604032685e+00
6.943466297533068321e+00
6.463815406128114560e+00
6.543109177167348633e+00
5.502313452295119589e+00
5.024213188185386869e+00
4.814282931255032594e+00
3.986229987302825961e+00
4.207819981702535905e+00
3.338932541158921463e+00
3.768675402635991656e+00
3.741243182483603213e+00
4.585232522282546519e+00
7.905953893108836894e+00
3.204995607897349164e+00
2.722451215413603354e+00
2.263629203564537118e+00
2.475926870861527185e+00
2.350716494925955136e+00
2.171535323871929268e+00
2.335417564448554639e+00
2.138369812674891346e+00
1.999549734819913160e+00
1.879376807539537841e+00
2.560894563057622975e+00
2.265578394753387848e+00
2.211831980983430146e+00
2.850013352446947312e+00
5.950560523959877557e+00
2.282850463834250547e+02
1.012831863917807063e+01
3.165208219832514658e+00
1.841674209381054972e+00
1.438228829754715665e+00
1.395655529879027190e+00
1.340126127686128710e+00
1.253181929055210420e+00
8.365082028123642655e-01
1.046170819832805021e+00
1.004339129947327214e+00
9.999688973899850675e-01
1.095461813362824888e+00
1.259689630324556608e+00
1.158894217430585849e+00
1.443642322300748626e+00
4.819638070291629717e+00
8.316174715111662508e+00
1.445626436623008493e+00
9.830562567579537170e-01
9.170967149460874657e-01
7.756186696198115182e-01
8.049738736779890047e-01
8.377722517824348625e-01
6.853456874612847693e-01
7.658449890992766740e-01
7.797209493400559799e-01
6.882414360071632542e-01
6.726958853963558305e-01
7.951097219366700664e-01
5.726110981254797228e-01
6.323758304686907250e-01
6.394686956755896157e-01
1.549424606941860016e+00
6.655043572207849367e-01
6.105319820262917752e-01
6.310339552335614277e-01
5.823613856970187852e-01
5.654356575273807861e-01
5.654809546194135006e-01
6.976206328322999140e-01
5.852104108573557006e-01
5.704000120581598221e-01
6.307779836638498505e-01
6.446690915032140534e-01
7.708201861392641741e-01
9.095481140969986500e-01
1.361558614517068611e+00
2.866263818234099592e+00
4.346203113727442258e+01
9.580877161865814173e+00
2.015198032916622584e+00
1.103786954260089104e+00
7.704590001065296789e-01
7.017883819554849856e-01
6.689671750589777366e-01
5.983472133702855134e-01
5.781357515608381847e-01
4.428083750219913850e-01
4.512190163183095182e-01
4.660564093748074677e-01
4.622652942343822291e-01
4.476359772105997226e-01
4.356349351161212247e-01
4.568620325098602386e-01
6.211520754546304701e-01
1.227705735251196639e+00
4.602301739748297371e-01
4.326877454534459044e-01
3.004630353800442633e-01
3.789112501826991108e-01
3.690859932133768728e-01
3.582586355823184632e-01
3.919700195793375253e-01
4.993682822954068068e-01
3.963686184317362082e-01
3.422375506199147877e-01
3.699470382813175307e-01
4.094007904837729250e-01
3.657400161842924158e-01
3.636194844035958162e-01
4.250829645466361328e-01
1.201770785710792211e+00
4.308652981170479901e-01
4.290629720335057962e-01
3.890656936822139977e-01
4.127795793974071703e-01
3.877202259843625098e-01
3.900618254915942384e-01
3.746508383945801324e-01
4.172177352715503162e-01
2.909405747740956283e-01
4.029113072032741716e-01
3.827550542654729049e-01
4.030619952921337679e-01
4.606091050293970035e-01
4.506789743586671615e-01
6.203037522776159163e-01
2.901187879790171564e+00
2.551806519147172381e+00
5.590375718253107751e-01
5.107857108002825663e-01
4.117486334452563068e-01
3.759783178631150302e-01
3.936153492056774228e-01
4.031453200343609877e-01
4.065438120818326007e-01
3.112215337347193911e-01
4.299316512761908737e-01
4.387226643443470908e-01
4.783899061168917499e-01
4.793303723165622254e-01
6.249071380220160288e-01
8.085730465691238766e-01
2.525123811067016000e+00
7.903553336680933228e+01
1.692255115886918793e+00
8.254991410972166710e-01
5.966823537195683480e-01
4.837682163179514716e-01
4.872055566221369372e-01
5.034001474833298406e-01
5.359410767183850899e-01
5.023332771433155486e-01
4.623352674284467168e-01
4.769365378127042310e-01
4.775067125387449929e-01
4.931074484097607846e-01
5.560550709131700797e-01
5.413603927637976598e-01
4.360581329024111885e-01
8.067218334095244137e-01
6.179606494737225342e-01
4.903816783459468143e-01
4.984863452797944072e-01
6.967028731268525288e-01
5.806051665705489473e-01
4.567152363279289862e-01
5.277478911623521007e-01
5.933445544893042323e-01
5.536359601889275783e-01
5.374812552582751701e-01
6.531394725434729320e-01
6.872178089418199409e-01
6.721236530643853735e-01
7.054596869525071590e-01
7.230927597763477932e-01
8.028567377288293727e-01
8.442169895357425347e-01
9.227829710665504948e-01
8.465465168562683607e-01
8.388812774286567020e-01
6.706972908086997753e-01
1.075576371475534421e+00
1.302484914047020714e+00
1.405178120612604831e+00
1.623109207985093949e+00
1.682576599317764598e+00
2.150443648646962025e+00
2.692696244569217967e+00
4.025040549793445166e+00
6.606391394489582680e+00
1.400482705820765617e+01
4.106644540872272131e+01
1.405074406151762105e+03
4.022176014979787340e+01
1.167779453527657196e+01
5.874045229060619988e+00
3.678446680479198427e+00
2.727544882882302346e+00
2.297393912929685644e+00
1.785113911924138375e+00
1.749687881020641766e+00
1.493860998143462959e+00
1.589559786814669806e+00
1.415161293989741553e+00
1.569835378105264523e+00
1.609736556172731703e+00
1.678007665916820379e+00
2.038387223012422034e+00
1.694549547746030171e+00
1.618654252360604673e+00
1.699257767238383510e+00
1.904122690700212006e+00
2.067188288346510916e+00
2.202160169739746820e+00
2.251482313871629781e+00
2.383992242681520768e+00
2.475637331313810474e+00
2.715964548959758584e+00
3.116769591199004097e+00
3.090210387667049030e+00
3.440329208783753590e+00
3.653395036038860511e+00
4.239829373455631156e+00
4.881877114766767889e+00
6.399925699982702554e+00
6.287481314690097634e+00
7.009214945881616643e+00
6.997143688440016440e+00
7.649474668854503889e+00
9.652558904972622145e+00
1.008589911855131938e+01
1.324382490882939578e+01
1.605326080961074453e+01
1.990354853157721138e+01
2.451787612317952991e+01
3.601754936494756976e+01
5.023200981562773393e+01
7.653324164057313794e+01
1.261364405856534034e+02
2.531013470517999338e+02
7.517456934480208020e+02
1.396156262460898324e+04
1.660449439418802058e+03
3.888414543414294826e+02
1.682369405103623023e+02
8.504621441311996932e+01
5.289281884997544836e+01
3.892107940397786336e+01
2.593082979035290592e+01
1.938143372410274523e+01
1.544593430315850746e+01
1.248743884778419755e+01
9.336293935986958559e+00
8.810700483747668343e+00
7.143912829702679268e+00
6.560146455762371431e+00
6.051288588240599786e+00
5.190324688104714035e+00
5.326276322025568888e+00
3.575882821989548876e+00
3.111675907637619698e+00
2.804892068804952565e+00
2.621220536921613053e+00
2.337640488655603033e+00
2.241668798150719955e+00
1.963097203462154550e+00
1.778992182956544932e+00
1.592024386047582230e+00
1.460805120710058747e+00
1.448018182675386845e+00
1.380264172797487809e+00
1.209920162794222653e+00
1.055958688501002829e+00
1.124357840880700898e+00
1.410047067780826557e+00
9.443142040152451289e-01
9.388126365000160067e-01
8.795723570597792085e-01
8.329167554598223555e-01
8.097745939782234892e-01
7.775025620600453102e-01
7.653862303948241186e-01
7.164096179218727434e-01
7.465872668738009477e-01
7.533044825149689538e-01
8.521887563452722469e-01
8.801906676414925634e-01
1.312401533034832424e+00
2.015074758515268183e+00
4.326003116497320278e+00
4.903647071094749776e+01
1.864489658116234594e+01
3.074899686881216621e+00
1.516306516544841720e+00
9.233323729122310253e-01
7.130806834358390800e-01
5.916561770193268233e-01
4.717437089678389039e-01
3.960196517961693252e-01
3.563513259798781196e-01
3.231342388509459429e-01
2.801791539650023699e-01
1.823030080959120447e-01
3.141522354361060421e-01
3.171331309053143643e-01
3.278556656996352014e-01
6.960978134267223894e-01
2.877130013858861357e+00
3.774229983698652591e-01
2.371816225051553151e-01
2.149751747123727907e-01
2.072133931010383401e-01
1.967700481817325764e-01
1.848332388742387200e-01
1.922294037385814947e-01
1.898521644072765635e-01
1.809824362747008419e-01
1.838372800941319163e-01
1.851049535627992682e-01
2.004740622482555357e-01
1.465335151288597593e-01
1.376650610614096049e-01
1.451209516237336183e-01
2.087086209986923624e-01
1.246570384782323127e-01
1.266122141911684151e-01
1.133049221388020972e-01
1.235470623384238992e-01
1.235279767716671584e-01
1.172004057339412486e-01
1.032809192979224078e-01
1.246737718689106406e-01
1.178968837384118395e-01
1.109659448500917994e-01
1.187016745208474000e-01
1.270096998190020920e-01
1.663849134202791402e-01
2.002478997499607394e-01
3.743976465895750283e-01
2.596104375798547359e+00
2.364760071158988897e+00
3.509488945783503788e-01
1.835483071654094023e-01
1.380131684524591451e-01
1.056202385950759659e-01
1.011903944621921209e-01
9.086567374346608827e-02
9.660903136108039968e-02
7.735160056540185680e-02
8.389408595321462547e-02
9.123805424709818812e-02
9.004332921929911193e-02
9.931909564164088933e-02
1.114125940322385072e-01
1.858514321134240033e-01
4.966662832287624396e-01
4.230022792943933574e+00
2.279440969115428539e-01
1.197838193304674587e-01
9.051318179499205641e-02
7.058242461586146377e-02
6.712521400664193949e-02
6.196103841544534779e-02
5.710864255808968670e-02
6.835465767270915149e-02
5.610635945016905629e-02
5.426202120244925931e-02
5.528215665833625947e-02
5.245474955501908121e-02
5.174588802104075624e-02
4.237503894409402200e-02
5.018011076494474643e-02
8.864779976229146541e-02
6.127001310568856718e-02
4.911222148555036832e-02
4.264454314341750013e-02
4.670501244896839432e-02
4.481170731567712950e-02
4.054808096155183145e-02
3.979411425241734940e-02
4.415545301374629306e-02
3.623618343620289145e-02
4.025593536703996750e-02
3.791734498819528121e-02
3.640706332267010931e-02
3.469115525168312009e-02
3.575321877190684033e-02
4.359817404689940445e-02
5.290494589096495642e-02
7.321080846167310474e-02
3.878420401567986286e-02
3.459051923210753471e-02
4.110995312012988290e-02
4.132722425842182135e-02
4.254126472903034528e-02
4.267685568434049365e-02
4.445772251675849523e-02
4.437781931347679898e-02
4.626684241354819815e-02
4.915779440883837753e-02
5.027948733921703411e-02
5.080659129846929606e-02
6.318482176886516810e-02
7.406906488572839731e-02
1.193582706841776336e-01
7.514611199627364568e-01
1.216086745065436264e-01
9.226409912279678882e-02
9.406705554194502716e-02
8.698675943989456205e-02
9.278634240286261214e-02
1.050897131040172822e-01
1.161472544188627276e-01
1.408354992121813587e-01
1.505957744883917038e-01
1.762522926735122786e-01
1.939680368585855186e-01
2.375826756498885250e-01
2.864426665970751240e-01
3.485236116952814545e-01
4.397677973905134707e-01
5.615290589829387002e-01
6.364892988166022114e-01
7.720143207028770105e-01
9.064099067975651680e-01
1.071988528300349186e+00
1.467804028518939985e+00
1.934438680552163392e+00
2.498144959970411083e+00
3.122636009542208324e+00
4.093438544922859634e+00
5.585331074176098198e+00
6.991545050453546573e+00
9.327072654075877267e+00
1.251765804834334439e+01
1.692448315396606517e+01
2.338352836481261576e+01
3.245688081537575442e+01
4.278084820132130517e+01
6.009587059311440527e+01
8.619780294423125611e+01
1.240051264290798230e+02
1.811137518800462090e+02
2.591529953644024999e+02
3.824489954911037444e+02
5.664283484065747416e+02
8.436204662540694699e+02
1.239131558530175425e+03
1.792428646469133810e+03
2.786343089415337545e+03
4.403421708568416761e+03
6.965911459818608819e+03
1.141862703940905340e+04
1.847419037263634527e+04
3.082699704675947578e+04
5.004052550390465331e+04
8.065171797594917007e+04
1.363875889238066156e+05
2.382672480186102912e+05
4.206522638793608057e+05
7.499575652578414883e+05
1.344791251291387249e+06
2.504953081038868986e+06
4.835407192446531728e+06
9.301259405142687261e+06
1.883254309777708352e+07
3.773600818370117247e+07
7.698025246007087827e+07
1.502448272229463756e+08
3.172824364371749163e+08
5.864132092331656218e+08
1.052448234248311639e+09
1.594485099197277308e+09
2.089807844072820187e+09
2.550074266582365513e+09
2.853390295597490311e+09
3.112177166871921062e+09
3.353190152376092434e+09
3.568284591186580658e+09
3.776861994111539364e+09
3.986668311863609791e+09
4.183965391934855461e+09
4.376187983458985329e+09
4.557591241789220810e+09
4.725698126839245796e+09
4.877815955340513229e+09
5.012288610473828316e+09
5.125637408519021034e+09
5.216308589781270981e+09
5.282395800745174408e+09
5.322597052841331482e+09
