7.770148362718112267e+00
6.284288583917937210e+00
6.558148249935816132e+00
7.709367180779979734e+00
8.518457009912680178e+00
8.495982752411016747e+00
8.424451686863823952e+00
8.336358033766350317e+00
7.506672769441166793e+00
6.537592547720420200e+00
5.266743904733711901e+00
4.132293178803703171e+00
3.389541536963904367e+00
2.638986035138270125e+00
2.122038348257921925e+00
1.747543102245836311e+00
1.476088319797325354e+00
1.258158759825242390e+00
1.107957976000739198e+00
9.659440964022680820e-01
8.762475735662492715e-01
7.505430224466103084e-01
6.899321426938842539e-01
6.510024097615182415e-01
5.995041651271026950e-01
5.736355105489214790e-01
5.534251601730589831e-01
5.257869520633841054e-01
4.805821463800951099e-01
4.563183394681791794e-01
4.451315408181739097e-01
4.333936242238104475e-01
4.250318252390991591e-01
4.085881086474379420e-01
4.135687184518233028e-01
3.975953517559669415e-01
3.728210887634471060e-01
3.591843320599039102e-01
3.523761744954859720e-01
3.357899454173229881e-01
3.267287612598723801e-01
3.241591675376589432e-01
3.059955724497862573e-01
2.832989152512171982e-01
2.779173560495886708e-01
2.796540989933737342e-01
2.691826225922894222e-01
2.738077115379451976e-01
2.779467829463496686e-01
2.757340007714453312e-01
2.707283135653124062e-01
2.667243111296670466e-01
2.463222680931556052e-01
2.370274115694012695e-01
2.381363939447331546e-01
2.268394666188232878e-01
2.152349395785605191e-01
2.121915316699048148e-01
2.145787260151649223e-01
2.001147642936011994e-01
1.910681193379153986e-01
1.834022826394344219e-01
1.761545598730020201e-01
1.669360119790728181e-01
1.597950152000928992e-01
1.531105044262230930e-01
1.432718308465769641e-01
1.387243524365647795e-01
1.320115590942625428e-01
1.264532539504755748e-01
1.243944572000886817e-01
1.224674684752935228e-01
1.184945622787242359e-01
1.158843947771002608e-01
1.093777391875521560e-01
1.027616709383071536e-01
9.545825506346512779e-02
8.748781822160639488e-02
8.237022938401762640e-02
8.066329167189849325e-02
7.630860561300766010e-02
6.894672757004792485e-02
6.477427797652324237e-02
6.175565759074416738e-02
5.730717109925853592e-02
5.185698270002171012e-02
4.567508172218761459e-02
4.137177760761622664e-02
3.730104720856319833e-02
3.398408021231546366e-02
2.939064753239392994e-02
2.397228157183036237e-02
2.065524800019094900e-02
2.044292740764754382e-02
1.933879637703678558e-02
1.683436587444195678e-02
1.472622579245163286e-02
1.344899820910141520e-02
1.265044769952154008e-02
1.121935802748712588e-02
1.026939563855079618e-02
8.516002536663621475e-03
6.552754038814665068e-03
5.419194059475310535e-03
4.441255317178126501e-03
3.739957673309662715e-03
3.246161028116143973e-03
2.755630290799717438e-03
2.322795355035914191e-03
1.973193413177482067e-03
1.873253573277956427e-03
1.822523658263216226e-03
1.618743005002180272e-03
1.530623648699305697e-03
1.559093659504706599e-03
1.585289045524049733e-03
1.652434822898928186e-03
1.730236249284234978e-03
1.900677141348220810e-03
2.110505520686310407e-03
2.204901754709658480e-03
2.438084933326646088e-03
2.762723667968933119e-03
3.009018955458195657e-03
3.235956982762137630e-03
3.432824902795179444e-03
3.702504681777910728e-03
4.048729747433957651e-03
4.477653977498785749e-03
5.028324761661661507e-03
5.567192241669602186e-03
6.406647375045169089e-03
7.430773711230248199e-03
8.612072846599098247e-03
9.252804316265015802e-03
9.700050320925492769e-03
9.660895147947075670e-03
9.532301827582813011e-03
9.238457125352348559e-03
9.070767170769935064e-03
8.378340892373324286e-03
8.275453696876154328e-03
8.341993462488966199e-03
8.327348825867414428e-03
9.090128638308670947e-03
9.055154515201269821e-03
9.181351172036620115e-03
9.949917825464496199e-03
1.024730532787658695e-02
1.098491830963785679e-02
1.265305068917345864e-02
1.423563044707493869e-02
1.667155011094714756e-02
1.866145277432432886e-02
2.138681550043584900e-02
2.286754248839623430e-02
2.367346045765559431e-02
2.431573287899672572e-02
2.351589979935073821e-02
2.273846814384225534e-02
2.149890653344519939e-02
1.983266582669098582e-02
1.931595222979551676e-02
1.968080169447231423e-02
2.015258957181312316e-02
2.016977214412140826e-02
2.010184131010584255e-02
2.112907747496780772e-02
2.183632258767835566e-02
2.143732700489491688e-02
2.138534149261487813e-02
1.952852836697883954e-02
1.768265901614786070e-02
1.637351482919388243e-02
1.551119263585058750e-02
1.533564772315873341e-02
1.648985806428508727e-02
1.844995487865308190e-02
2.048859339189041881e-02
2.289408199468625019e-02
2.505622474160246888e-02
2.596724981951059261e-02
2.496533925458340603e-02
2.454449055667171434e-02
2.403556697462602004e-02
2.476565473764926265e-02
2.423102338537505562e-02
2.321911903322430165e-02
2.268683998684186895e-02
2.039609046951286475e-02
1.910874039130232988e-02
1.858846929469235368e-02
1.879723615675338300e-02
2.010597454049073071e-02
1.949861799761095152e-02
1.959999330436257292e-02
1.859080530778953189e-02
1.696324085420820860e-02
1.736819792680380919e-02
1.633049888478399145e-02
1.760429803831770404e-02
1.891516636014916805e-02
1.717099769479878482e-02
1.834418885683055528e-02
1.729552296652794516e-02
1.671635773669772132e-02
1.957635482904027113e-02
1.996195420865999950e-02
2.235105625432859747e-02
2.539682651823612150e-02
2.229819852868616253e-02
2.388756729075219506e-02
2.497347173290141026e-02
2.405526598454679754e-02
2.904156992782989249e-02
2.996053549649257269e-02
3.347470779301219002e-02
3.672440868306798417e-02
3.702844735225090805e-02
3.793882247824436477e-02
3.768881464493983868e-02
3.550301009624604043e-02
3.763886018051729176e-02
3.966196320428348743e-02
3.667413324704282135e-02
3.845074627614206153e-02
3.634242776061675367e-02
3.366286313077362230e-02
3.290920168122696970e-02
3.190649744875512922e-02
3.592625973726296801e-02
3.799225944585829517e-02
4.333139521666263400e-02
4.333985568665590926e-02
4.325454496082345446e-02
4.590123967261243443e-02
4.305559756915801339e-02
4.147390404770127936e-02
4.229036831554448123e-02
4.101704884151705088e-02
4.596698996185373531e-02
4.975722457532936321e-02
5.151008453763471912e-02
5.149162553886531962e-02
4.129185607448230405e-02
3.282538057266038561e-02
3.139493178235266274e-02
3.095433439524248112e-02
3.235795424631860567e-02
3.278415574680040162e-02
3.151208342094623943e-02
2.991174006399038854e-02
2.940577432867451033e-02
2.597380470008546147e-02
2.629034855198362011e-02
2.386404747622840328e-02
2.077834077996015133e-02
2.483643423238410253e-02
2.546056372042892688e-02
2.279131486983100585e-02
2.314614541990584612e-02
2.403624237799711211e-02
2.910336056653093847e-02
3.120399136078719909e-02
3.981815701499726023e-02
4.265123498645881361e-02
3.348907821821985736e-02
3.398349761369957867e-02
3.726879629815604833e-02
4.946124130414140951e-02
4.252553032634476260e-02
2.771128119444640769e-02
3.003400009239296647e-02
3.188497754990184119e-02
3.266600487028879785e-02
3.657984030506772344e-02
2.617447162877396122e-02
2.225382914854491176e-02
2.453868224203548110e-02
2.952178551797461636e-02
4.114278143277810135e-02
3.809654555476609666e-02
3.278378045091871751e-02
3.509476787709674139e-02
3.043400147795035510e-02
3.758565236161392348e-02
4.602121784716368263e-02
4.648374500305178098e-02
5.748537306808099850e-02
5.939718768863856690e-02
5.579586529166791209e-02
6.382927782474309697e-02
6.130581412200934027e-02
4.411523842744701634e-02
2.808803689687781879e-02
1.565438459449577935e-02
1.649888918309403568e-02
2.346552729215092142e-02
2.135268084072295888e-02
1.641865123933110640e-02
1.473596410382457117e-02
3.672853926650687661e-02
5.180542221199273267e-02
5.675803822915694713e-02
7.273259936788029068e-02
8.021052083204351091e-02
1.149186607668974958e-01
1.303196805516508294e-01
1.386496318667944927e-01
1.552603964695722094e-01
1.204158019880969127e-01
1.318395026102852641e-01
1.901191704509749281e-01
2.077332589656633866e-01
1.916004056646569420e-01
1.711073134711569854e-01
1.452968963656932067e-01
1.529859634358438636e-01
1.667369281042313245e-01
1.620604576661430485e-01
1.540769772877628174e-01
1.516940391801064880e-01
1.495556125322589081e-01
1.517771209317319014e-01
1.311751981358483532e-01
9.767344017721371618e-02
8.021662146488202361e-02
8.307322175343692661e-02
9.911276610319234848e-02
1.071941742333514525e-01
1.006355977013775604e-01
9.401544775348003036e-02
9.337842497728410240e-02
8.758883747805924769e-02
6.347295695061316856e-02
5.984846102087454378e-02
6.679731356768955908e-02
6.733920383193307824e-02
7.646902827051259288e-02
7.445246279206968465e-02
5.397870829438614071e-02
6.635569910981664599e-02
9.531408996891498064e-02
1.551480142843485177e-01
2.152645482250541420e-01
2.434750049086355783e-01
2.981706563590861836e-01
2.565584735228182423e-01
1.749029755115756313e-01
1.352733190950272113e-01
1.217194190277835625e-01
1.324967234861544330e-01
1.742173945222471876e-01
1.833063391365143679e-01
2.083721755000728093e-01
2.375833195027058919e-01
2.016504790208493714e-01
2.378990447277918308e-01
2.655464821496418826e-01
2.864052442447493907e-01
3.196558105680828987e-01
3.199206594112514179e-01
3.443726544524005062e-01
3.774778467731071396e-01
3.779161876818986077e-01
3.406541010029668914e-01
2.883487892948361497e-01
3.023218939567045571e-01
3.825361588434315618e-01
4.352636286983524450e-01
4.220102410450574104e-01
3.503647200672534989e-01
2.870802364934877393e-01
3.057930423748005944e-01
3.276594999431693411e-01
3.680982106051703395e-01
3.836915054687078386e-01
3.303615786949031241e-01
2.934163340676561038e-01
2.697439955262180833e-01
2.967481978927612452e-01
3.465139577625671596e-01
3.770931824807904897e-01
4.245581291180428596e-01
4.596704248794373782e-01
5.262022736024772884e-01
6.538411773357890588e-01
7.665247136120643123e-01
7.427108544958838099e-01
7.118357730703983588e-01
7.083114558932547267e-01
6.154347068791391484e-01
5.423461304315985165e-01
6.219816681285090798e-01
6.192659438585650378e-01
6.186094403482502724e-01
5.915490330706643096e-01
5.598873854543086059e-01
6.111676384399963302e-01
6.305842885736655523e-01
5.315123471650177178e-01
4.552099138127047029e-01
4.711784052304839321e-01
4.814495987535402088e-01
4.156828185940107390e-01
3.386169517889854319e-01
2.554316093036464452e-01
2.954627119230822663e-01
3.445038443114467608e-01
3.521439733923247828e-01
3.140934277361119298e-01
2.253810738398582536e-01
2.060201863474264983e-01
2.178914516243224686e-01
2.418616071590221350e-01
3.229354935818810057e-01
3.786551478971090789e-01
4.402642108515616437e-01
4.439529824343572129e-01
4.447354995837288771e-01
4.740189406693268714e-01
4.476818207755677292e-01
3.829483734824751795e-01
3.824277616255594703e-01
4.509484615786545358e-01
5.292291643136884938e-01
6.023895652506708887e-01
6.124637291942888195e-01
5.867142124196874642e-01
6.038741976585801918e-01
6.544730324570272595e-01
7.066717665193472664e-01
7.937198173229846887e-01
7.972747666763804197e-01
7.380315059301408853e-01
7.453732112062921855e-01
7.566251568045884168e-01
6.741899424258358531e-01
5.377304564992976266e-01
4.835588222549959125e-01
5.788352298431065357e-01
7.300006708075531536e-01
8.465111889713776705e-01
8.545949857125042515e-01
7.126230433499251005e-01
5.860729935312429806e-01
5.512297315066360115e-01
6.521761138623746179e-01
7.281509431341646188e-01
6.447600961191398694e-01
5.105031403312088045e-01
4.641235259640729693e-01
4.696861248068428529e-01
5.592601726700026088e-01
7.297307848806424690e-01
8.125383820643320432e-01
9.126954268292771788e-01
1.255753276222504322e+00
1.614246830602481975e+00
1.730769467814254448e+00
1.795976971597677441e+00
1.884134185372671633e+00
2.047186858643846197e+00
2.201157182694507775e+00
2.445999880463490594e+00
2.734021626668043936e+00
2.857047896858625258e+00
3.071576051026806642e+00
3.094201308738370404e+00
2.962472804208077015e+00
3.169958368263347648e+00
3.338703888035497780e+00
3.175275111661678640e+00
3.335470740000801460e+00
3.472533082793524795e+00
3.695077095553260804e+00
3.848885136726656775e+00
3.628879886143464351e+00
3.492922144707882648e+00
3.346843869764956292e+00
3.399960576124799960e+00
3.820876931928546938e+00
3.912646481085515937e+00
4.011968847961343343e+00
4.299547933114364895e+00
4.345817669363811753e+00
4.541546725390293027e+00
4.774269667515536497e+00
5.211338330473259894e+00
5.529994297207528220e+00
6.290093417627364403e+00
6.441939197016935736e+00
6.300893875795731347e+00
5.206218115285532910e+00
3.856409646926326040e+00
2.750568391923314149e+00
1.870974942048766021e+00
1.370058900786244260e+00
1.060417498773064571e+00
8.786211169756655837e-01
8.062587160530753083e-01
7.572595394369130428e-01
7.455425873584241581e-01
7.413834793768739884e-01
7.420314646818270132e-01
7.477466946401899461e-01
7.514412353294527280e-01
7.562647265824560261e-01
7.597431683636676203e-01
7.627308446092306848e-01
7.648736161781336529e-01
7.661801305494823078e-01
