1.178284652311766385e-06
6.088100113716241830e-06
1.299061126425112304e-04
1.682699686615502259e-03
1.056748861630711460e-02
3.187752199328505731e-02
5.364915710891800249e-02
6.325386672444416325e-02
6.620068716069445192e-02
6.447388100047053705e-02
6.254969405984441011e-02
6.359555846288351966e-02
6.354674648464905817e-02
6.393484643222796526e-02
6.439852046888157322e-02
6.513836190000529824e-02
6.613497993711224543e-02
6.775198351152474097e-02
6.878731342962263184e-02
7.037285254195008166e-02
7.168900150306665997e-02
7.198072670877569967e-02
7.360768885373562831e-02
7.477637051177325744e-02
7.646147256634933109e-02
7.727304437480575494e-02
7.864529862392433124e-02
8.028517356889462719e-02
8.134714999362090138e-02
8.192511386964737574e-02
8.270011590696124681e-02
8.306389120384256863e-02
8.472772151941099228e-02
8.585558569206958035e-02
8.699886635833607718e-02
8.827001715774475399e-02
8.832549396733599401e-02
8.812946368575706735e-02
8.862458383652556393e-02
8.869704209919307414e-02
8.862734337470336288e-02
8.783638023400920647e-02
8.557595688654025257e-02
8.583476955468889724e-02
8.901313759430197481e-02
9.207412337727929885e-02
9.484870610624844545e-02
9.805635181125441080e-02
1.012170650372409691e-01
1.000573783487606061e-01
9.554224690463948566e-02
9.240535570307256696e-02
9.336476923533147676e-02
9.432663273314208230e-02
9.253105880712390874e-02
8.862060914495088759e-02
8.683330636065908492e-02
8.529782639846347769e-02
8.190065004024033035e-02
7.672490289956271359e-02
7.290509652530796636e-02
7.007823676295088511e-02
6.753583571734640689e-02
6.621522676845756350e-02
6.570435447123874895e-02
6.489375851461000322e-02
6.469314056521975609e-02
6.475001991910893373e-02
6.590137124233307053e-02
6.727613019364848956e-02
6.782697461222007840e-02
6.460609234100343767e-02
5.983477937878686759e-02
5.415674574750692361e-02
4.924407488285462153e-02
4.638671062935656453e-02
4.511571451925883158e-02
4.410232009164419958e-02
4.198221783796617784e-02
3.851773028021510115e-02
3.570742308586036251e-02
3.373673563650135543e-02
3.192610504771191404e-02
3.028341843617586918e-02
2.892918551178498901e-02
2.802761768107568663e-02
2.750995878066301095e-02
2.749309022523166446e-02
2.838336101481479107e-02
3.101368148642885333e-02
3.537050101574689548e-02
4.179463789218003378e-02
4.827607984763895160e-02
4.786002631668969526e-02
4.616680279824136174e-02
4.892010595604765616e-02
5.057837433568346946e-02
5.066056081244504905e-02
4.987635357771893346e-02
5.007375888277469655e-02
5.112862169095491738e-02
5.737695797756189181e-02
6.503027935559899109e-02
7.088752895934274934e-02
7.512734804086096396e-02
7.783869369364315727e-02
7.980970864275867271e-02
8.346730608247888983e-02
8.735090204252508872e-02
9.071744365047815228e-02
8.942006718527376052e-02
8.935568937220052244e-02
9.562262756268373465e-02
1.017757201244837706e-01
1.053318648427492427e-01
1.047971790705315570e-01
1.053241391927780685e-01
1.005721957486432894e-01
9.700007862894852173e-02
9.764708629433278830e-02
9.578691043311911291e-02
9.483923795129843570e-02
9.724458857163646719e-02
9.731193971503655782e-02
9.856455099490787908e-02
9.974526350141006692e-02
9.841822719082383986e-02
9.931392845138405090e-02
9.973873576585258471e-02
9.971524176960348818e-02
1.046469179989739234e-01
1.142174521032348067e-01
1.266585563477669873e-01
1.425675047529808559e-01
1.549463568668330571e-01
1.568247069401585425e-01
1.571129357314660357e-01
1.493213916057721802e-01
1.337596915204673498e-01
1.252572430020843786e-01
1.091690944950900050e-01
9.916268184422673271e-02
9.583779165231759434e-02
9.117179970230736286e-02
9.423583012134108261e-02
9.440349936795651431e-02
9.639907822412817351e-02
1.037503194759593766e-01
1.093045417258484420e-01
1.162576004434220239e-01
1.287957096254928047e-01
1.480747244933910134e-01
1.744746257569713688e-01
2.079796724901389893e-01
2.448414473454911533e-01
2.671933014326375866e-01
2.796464518404537802e-01
2.751603347572439962e-01
2.476950170057090894e-01
2.296015390505126708e-01
2.088812891533515514e-01
1.950347237011270662e-01
1.917703706542696618e-01
1.903241169690157719e-01
1.953491231527717253e-01
2.033097269230546011e-01
2.056726574885452130e-01
2.152719450531329071e-01
2.240952332183758500e-01
2.127222282887376581e-01
2.058860845389760552e-01
1.888265129785751395e-01
1.793866829569540355e-01
1.722557862499312642e-01
1.796196634034225026e-01
1.955934777904765609e-01
2.311516933482379854e-01
2.805426733706685161e-01
3.306738800416265667e-01
3.777753305362506753e-01
3.917690994833707974e-01
3.821586860588079837e-01
3.663278694068901609e-01
3.544795109981450643e-01
3.475157346445252315e-01
3.616513161082899885e-01
3.538667800225780424e-01
3.307837952391309844e-01
3.127961553834348041e-01
2.820900539136268481e-01
2.709536876962911900e-01
2.770340062711797446e-01
2.935483507168645256e-01
3.122205785671938738e-01
3.086730013491758018e-01
3.106816969327360622e-01
2.916007406204119135e-01
2.876895417084678330e-01
3.041805872693749135e-01
2.965397460731896140e-01
3.473828329454188291e-01
3.553678982482936233e-01
3.231077569650307457e-01
3.547508511879794435e-01
3.360192714113739987e-01
3.567603852810936615e-01
4.176595425768394598e-01
4.156959555537166340e-01
5.030604545344644629e-01
5.282259361800812902e-01
4.516544117207286768e-01
5.114190024070792706e-01
5.108894449330022569e-01
5.121970571052473220e-01
6.141644016108281923e-01
6.412771117344455707e-01
7.138097947046864178e-01
7.387556160485064805e-01
6.767915698815277770e-01
6.987113179566721843e-01
6.472696057562830063e-01
5.655867017162587995e-01
6.083380235014831383e-01
5.934543063851375200e-01
5.469863070756331158e-01
5.425357781715435257e-01
4.736684638872621367e-01
4.339102684519409725e-01
4.356797138825490023e-01
4.802069258877830760e-01
5.740670022998015654e-01
5.874232227900726411e-01
6.705698091586401732e-01
6.374772248707095690e-01
6.132417504173933720e-01
6.468035481778077189e-01
5.651834814000783469e-01
5.714031975348352610e-01
5.588325858154783443e-01
5.744453939075009341e-01
6.845605430703592953e-01
7.050550005948411636e-01
6.897323088778192224e-01
5.791175600345239705e-01
3.759906987075317120e-01
3.400303458047729266e-01
4.295337567559302516e-01
4.942349598490080043e-01
5.342362539327119020e-01
5.285469187317630713e-01
4.949029423597214872e-01
6.234087244940815786e-01
6.808984424359726395e-01
6.516308512553954380e-01
7.185712461478755975e-01
6.930526759874154896e-01
8.131488137167574015e-01
1.127340009029141665e+00
1.292215160851304612e+00
1.385904786171811898e+00
1.425833332072615978e+00
1.571173855262243624e+00
1.864890285188378627e+00
2.017594496268972470e+00
2.238290945733790061e+00
2.087691079627533419e+00
1.813953543068473451e+00
1.781479432724887291e+00
1.937461017951892961e+00
2.530064027343345678e+00
2.183819660132638507e+00
1.774863246520775428e+00
1.949935949360481757e+00
1.997146132164726584e+00
2.258937725595955737e+00
2.301879118205456543e+00
1.792430918812926821e+00
1.942270490896576662e+00
2.142777166283108770e+00
2.638690244960216091e+00
3.146290506670949227e+00
2.697015001797555822e+00
2.485091831878979196e+00
2.504921654354336891e+00
2.316975713306581142e+00
2.851614951783964624e+00
2.991391791035287628e+00
2.928299916556550198e+00
3.250814606963732256e+00
2.985097125023725706e+00
2.731967947982242073e+00
2.747682337933851748e+00
2.256594309282390576e+00
1.580695826252947800e+00
1.030032880108853854e+00
9.172438540102708648e-01
1.270890210212393789e+00
1.559697508785762965e+00
1.659408802208383049e+00
1.537988990178382753e+00
1.792750420720168769e+00
3.245855670771059298e+00
4.119172146163350590e+00
4.695429828306236786e+00
5.404632296794854796e+00
5.754529952623632205e+00
7.170416810245097139e+00
7.302814556283072633e+00
7.434978150924830942e+00
7.953219409562212405e+00
6.685876679971561209e+00
7.646614336102175002e+00
9.644262693473461212e+00
9.735194556026383950e+00
8.687820277600504681e+00
7.225924684118299801e+00
6.327113292706384229e+00
6.975255324541991264e+00
7.531231715600648968e+00
7.414127928679460133e+00
6.918838718296133727e+00
6.382348640498029191e+00
6.408270592259963649e+00
6.709685479945124875e+00
6.100236615294125642e+00
5.473735827821267996e+00
5.406655319558907102e+00
6.178796046708791678e+00
7.359234963265822493e+00
7.481855053305856984e+00
7.131641239437949586e+00
6.584049795651302439e+00
6.796405616469812117e+00
7.504786482873083919e+00
7.413354835843334989e+00
8.340569267485266280e+00
9.218668047297795098e+00
9.661926296804288938e+00
1.053798245899167796e+01
1.036549337454821007e+01
1.041511508210721537e+01
1.274979323330529013e+01
1.533475347418568902e+01
1.918155301068794927e+01
2.192734832243720788e+01
2.282291354276753736e+01
2.471385924303410064e+01
2.150349370384717318e+01
1.706306731037667390e+01
1.598636450195800762e+01
1.590727788504908524e+01
1.809910035632402270e+01
2.179931004272874517e+01
2.229993533244644510e+01
2.326493557634234222e+01
2.384053119383088415e+01
2.227704013768577695e+01
2.494179811471508046e+01
2.655997454517988388e+01
2.834119060434499104e+01
3.006218890063774651e+01
2.986761254227363693e+01
3.065136670810035824e+01
3.102462408610832156e+01
3.025877123060912410e+01
2.793760412884035915e+01
2.554271042577962447e+01
2.662385411059085172e+01
2.988704589064300166e+01
3.151953571709008628e+01
2.997181628013476384e+01
2.544619937683449606e+01
2.249303041730729547e+01
2.320495185532940852e+01
2.485846865729332578e+01
2.689592474247546150e+01
2.661390517277214940e+01
2.402075841001524736e+01
2.255147874645589923e+01
2.152676512084036631e+01
2.294662347488311482e+01
2.454437954497827690e+01
2.554793366044286174e+01
2.796947975168807332e+01
2.925931205818234560e+01
3.113981850284493191e+01
3.508096677508500250e+01
3.781081576243723674e+01
3.594629666404207313e+01
3.366536210682031793e+01
3.298746755295601929e+01
3.064529797179066861e+01
2.870447323976804910e+01
3.099888620340298573e+01
3.014662006401109196e+01
2.913484530274492812e+01
2.847470046000270116e+01
2.720367678824683821e+01
2.847696703423855524e+01
2.935795936310355359e+01
2.639473142156940710e+01
2.467150514395761007e+01
2.586111433808164506e+01
2.483056609978775953e+01
2.159296423231977613e+01
1.876097836157500254e+01
1.738409170772108325e+01
2.138936434855229152e+01
2.320125510702663973e+01
2.356014615720772554e+01
2.179795203957088745e+01
1.827710759717129463e+01
1.927641246426047061e+01
2.127090571075364522e+01
2.316678166026965258e+01
2.610704809084594302e+01
2.772371868618782997e+01
2.879277254730508062e+01
2.887966213997616194e+01
2.867842204869620915e+01
2.745387949809145312e+01
2.456710790190872729e+01
2.180122189466449001e+01
2.096512295845102614e+01
2.169913407806222949e+01
2.182821337423224861e+01
2.055560144720083926e+01
1.836205290416082292e+01
1.607685423688015192e+01
1.501656523626860285e+01
1.430628290875029229e+01
1.313038251897699737e+01
1.199108856038002280e+01
1.050223061179909578e+01
8.885244159398453689e+00
7.733810548725137402e+00
6.567898490823290913e+00
5.246821685802496305e+00
4.007307708973150362e+00
3.271470971330880939e+00
2.905942483941077015e+00
2.656896356892181732e+00
2.327063040545075179e+00
1.855150622510087111e+00
1.359838186467435373e+00
1.007326588439632076e+00
7.686350940484409922e-01
6.368920426023569892e-01
5.088364265622794536e-01
3.742205678203628927e-01
2.780150816475329134e-01
2.090839507999711355e-01
1.635046943655633078e-01
1.322187820503982203e-01
1.070168289811241208e-01
8.391135362482246562e-02
6.635810913245054898e-02
5.584664948817871094e-02
4.586323982468267640e-02
3.576510316376381449e-02
2.636897276970840212e-02
1.900181998402656475e-02
1.376631109225813845e-02
9.909994254095159938e-03
7.280661474326218831e-03
5.308812037029911682e-03
3.673232166682094575e-03
2.532421687947096836e-03
1.699940572873314369e-03
1.111162159202018279e-03
7.419987049420569917e-04
4.837100708754642859e-04
3.014582751884397976e-04
1.922471661371860576e-04
1.229254414422690980e-04
7.801296645234437972e-05
4.933447828342234687e-05
2.979665381823358000e-05
1.769397357694090981e-05
1.036231568035917246e-05
6.111561650229020422e-06
3.732877798218224921e-06
2.244702168936813893e-06
1.323030117240475787e-06
7.876306081094691099e-07
4.585785280848827348e-07
2.656948349010628012e-07
1.557305091183011997e-07
9.144987783432424240e-08
5.345192313895115561e-08
3.095873232589784560e-08
1.781014063550171556e-08
1.012853121014760561e-08
5.680602099295164627e-09
3.182196097603640839e-09
1.746954016213732916e-09
9.688577837325306475e-10
5.460519997733297729e-10
3.221821359090716134e-10
2.057497158464441342e-10
1.413163331183815972e-10
1.098698119515966983e-10
9.132502947952830047e-11
7.941041598340631234e-11
7.148202008694141078e-11
6.517121470941971272e-11
6.024540850436257096e-11
5.618276267807162487e-11
5.297973473225413686e-11
5.052808173527693949e-11
4.879486887973094382e-11
4.776353626432762378e-11
