3.218483194875535709e-07
3.717682434338965661e-06
9.424713431217809976e-05
1.057999953141074536e-03
5.571142570748737616e-03
1.430588142911053129e-02
1.827727586991624575e-02
1.548014369519301776e-02
1.099134594812071694e-02
8.203973484502580238e-03
6.085041204577214778e-03
4.584549716620205280e-03
3.571810528325122282e-03
2.891136331317043992e-03
2.283002270904103525e-03
1.862339409159545836e-03
1.649071199381440611e-03
1.397620899046849796e-03
1.224412974021233053e-03
1.121445691859705588e-03
9.330512305010060401e-04
8.720978234800898449e-04
9.431739382181629407e-04
9.216669303615299168e-04
8.949830358731993962e-04
1.071655374231119100e-03
1.525921814517396417e-03
1.721586188969469406e-03
2.111947361054526857e-03
2.340872975208979894e-03
2.363122911606038972e-03
2.865466261904085765e-03
3.792080784149024983e-03
5.143845286111239923e-03
4.966607304137141306e-03
3.343503437342067348e-03
3.433356690402295918e-03
5.541606415100434196e-03
5.288105449786365680e-03
3.256044574259781693e-03
4.415379021407538594e-03
9.048627357858543205e-03
3.180861891956318632e-02
7.397562420292340402e-02
1.061131553278655965e-01
1.212583252546672041e-01
1.367654493556719475e-01
1.591837017251022668e-01
1.699856257235338453e-01
1.304662206306785033e-01
7.826797660809751978e-02
7.453280043714929914e-02
1.143139234043321628e-01
1.408406816908478187e-01
1.187655908505048374e-01
7.866694241502900087e-02
6.769275784977138444e-02
7.341558147027153758e-02
5.742524174778376733e-02
3.115173504716445621e-02
1.555808507939585202e-02
1.223610877830156284e-02
1.477955887246783402e-02
2.175111221920520907e-02
2.831455351385838565e-02
3.715413941533993181e-02
5.318611469641757600e-02
7.485202534987604739e-02
1.121725608733861734e-01
1.564603676652383535e-01
1.952855033382073779e-01
2.042398484551175009e-01
1.769655081403373742e-01
1.381635256113654953e-01
9.198261474182341246e-02
5.920251351700081544e-02
4.908477399985543277e-02
5.331591722964076907e-02
6.397146686942351002e-02
6.428462150131884767e-02
5.148706259683574760e-02
3.934711398996332959e-02
3.169738343293019428e-02
2.707203644476562782e-02
2.169696536303263035e-02
1.810320763378157893e-02
1.723149981727713220e-02
1.540770673831739872e-02
1.577049189871764304e-02
1.686646563353254649e-02
1.791951002960216061e-02
2.185639772341406786e-02
2.237567545705192520e-02
1.504513872419199413e-02
4.773392888221704954e-03
3.733245611522154148e-03
4.229401624856587300e-03
3.941003371930713005e-03
2.855865664023936931e-03
1.900223410868448135e-03
1.585597848296056885e-03
1.737671940400865129e-03
1.838678656822824485e-03
1.896125553032924601e-03
2.169729410489766325e-03
1.946392169131939270e-03
1.378783353735398790e-03
1.075685559562829501e-03
9.392438172221563531e-04
9.549036748291069845e-04
9.475237409985351293e-04
5.886084467441929759e-04
4.849932309513172303e-04
5.394907188668748811e-04
6.058894527786770449e-04
5.527068267166272610e-04
4.734136431407364159e-04
4.537531766954979590e-04
3.530291269073468114e-04
2.980340133212588363e-04
2.564008932740372568e-04
2.551907279182117380e-04
2.415997341283530268e-04
2.375006317701076365e-04
2.411335862586002970e-04
2.506732317853648580e-04
2.791673413398143024e-04
3.222972406151021507e-04
4.053418960239725012e-04
4.653876345391552097e-04
5.413097170981338207e-04
6.111219083922505863e-04
6.405969650036581493e-04
5.946117945091076908e-04
4.725561299544236396e-04
4.275925940291347687e-04
3.826484441997480830e-04
3.346814898479450601e-04
3.577691130612470198e-04
3.808891383903835492e-04
5.134315225096736145e-04
6.089453040191273149e-04
6.616458613742290905e-04
7.316296685994765894e-04
7.075150052375603089e-04
6.808622391683318009e-04
7.032023141708111050e-04
6.701509826564620593e-04
6.223695536996395276e-04
5.765748643748869326e-04
5.138760634645921132e-04
4.856197093519976733e-04
4.500690417847273066e-04
3.847985472681046920e-04
3.268830148310099357e-04
2.742478989806201211e-04
2.541635479165741036e-04
2.519715549056382887e-04
2.373934312877819589e-04
2.450402048496979940e-04
2.285105672563830261e-04
2.287738245454484798e-04
2.349708578737422942e-04
2.362717109255290326e-04
2.574649442377063618e-04
2.696286095098677084e-04
2.757150802394023608e-04
2.943606360862399620e-04
2.870942107416920544e-04
3.154232567541918062e-04
3.243779359824063686e-04
3.071877914429724092e-04
3.113911715495513662e-04
3.208017470569709791e-04
3.563613708870752008e-04
3.960770800826416858e-04
4.207722083781513522e-04
4.169832355282594954e-04
4.067444084725271316e-04
3.909426530913713191e-04
3.597556496121522788e-04
3.369336990441330524e-04
3.155089158407233430e-04
2.868030840930046663e-04
2.688832180529490495e-04
2.560157708676613240e-04
2.619629629659292968e-04
2.605327846070751166e-04
2.579127496006951618e-04
2.535939932435414329e-04
2.698837926472768124e-04
2.735475964481224069e-04
2.708564754439549138e-04
2.702384559502968970e-04
2.942642732968605386e-04
3.071671135907020657e-04
3.118780223464578255e-04
3.346087482971636185e-04
3.400680464466873817e-04
3.464616945373219709e-04
3.389241173209416405e-04
3.262039139777698853e-04
3.437386668723757424e-04
3.441010402150636782e-04
3.385511939889406115e-04
3.522992119572039408e-04
3.941205384108546653e-04
4.188298602939776686e-04
4.218328523960305186e-04
4.449440999615165092e-04
4.668085627009747169e-04
4.919924123403730159e-04
5.165675497952785340e-04
5.279851276832211136e-04
5.379556001457580765e-04
5.500411801152104265e-04
5.167016365012365355e-04
5.043248687235859107e-04
4.891364068024746685e-04
4.814233360997185063e-04
4.559251538911184183e-04
4.140386514133796540e-04
3.898914580334731403e-04
3.582695094490832692e-04
3.239630452291873404e-04
3.023755886306395829e-04
3.029246085871342350e-04
3.074469718428778304e-04
2.960437447597027050e-04
2.915380564840539652e-04
3.050174052655679952e-04
2.982484587680999874e-04
2.903194395676198078e-04
3.046946496946816734e-04
3.010524714505929782e-04
2.990838687990886703e-04
3.038231721527393241e-04
3.198598511981825513e-04
2.985517821164300869e-04
3.028980956572242334e-04
3.113756930171024374e-04
3.174920167822101722e-04
3.133956880954821269e-04
3.149937454272060296e-04
3.523567205696068703e-04
3.722656221526319175e-04
3.678098360384426599e-04
3.628530052359279058e-04
3.732925087499891340e-04
3.559451883884105381e-04
3.510942309865586934e-04
3.790059889671536339e-04
3.710643142250565616e-04
3.549722634563411638e-04
3.297898891962390837e-04
3.232351362597967988e-04
3.440724439880437670e-04
3.373712193441239112e-04
2.988609176988332337e-04
2.853584016080298056e-04
2.849011227112090887e-04
2.717556039649661904e-04
2.658415142623521085e-04
2.568778940975232055e-04
2.464124687605743548e-04
2.404830399739928603e-04
2.285387033655479063e-04
2.201759636848876387e-04
2.285832682968202295e-04
2.413710178753834010e-04
2.353767915273432122e-04
2.294062687703356913e-04
2.244859724747717876e-04
2.364805790420837711e-04
2.409841368184337208e-04
2.258927181210802315e-04
2.345808419734032369e-04
2.596611479343838248e-04
2.421042288477348549e-04
2.389169581448574687e-04
2.317116121711889623e-04
2.272458978119473694e-04
2.335172451789658415e-04
2.319894415336530005e-04
2.400402465352263011e-04
2.298432682879293632e-04
2.194152674613227688e-04
2.427915128157027307e-04
2.549514298651795363e-04
2.425926995904920341e-04
2.623471119305117484e-04
2.683511929288375170e-04
2.715710901980818788e-04
2.815949531410604097e-04
2.998042452338074682e-04
3.082006136971675303e-04
3.361033701295718795e-04
3.745926990940254340e-04
4.088176412057229164e-04
4.411036539363510142e-04
5.000323977299142965e-04
5.863586018089673915e-04
6.728943434249124757e-04
7.431922812251944401e-04
8.562796625819293645e-04
9.835968481981694628e-04
1.089935354220188113e-03
1.111480555701332799e-03
1.174920424408964657e-03
1.270171477975329515e-03
1.277545473596116690e-03
1.357431268740792946e-03
1.409021678419730217e-03
1.346352473242056749e-03
1.236090777018642372e-03
1.103094977600023929e-03
1.128618820788134577e-03
1.235998949065740798e-03
1.281335643281971727e-03
1.208405827644104362e-03
1.159426912871105607e-03
1.138432174462324998e-03
1.165398815618395086e-03
1.148377805504657238e-03
1.124558067243511868e-03
1.111499896621391233e-03
1.109288600461645624e-03
1.085191029409208682e-03
1.066427513972674317e-03
1.016243754631090696e-03
1.025181561289273098e-03
1.430746703703009593e-03
1.343143413320470065e-03
9.131473940892033316e-04
8.332217890224342862e-04
8.467723444548680336e-04
8.517511799188878232e-04
8.385073650903568723e-04
8.459180262042369962e-04
8.210222450720515474e-04
7.957792740311155468e-04
7.952486575464861457e-04
7.934073754554724729e-04
8.048835000349189054e-04
8.019173655328264193e-04
7.582780370157750274e-04
7.752144787084270464e-04
7.571011906026323514e-04
7.784143650262590614e-04
8.870076227916345478e-04
1.360690433519002717e-03
5.582106652864967690e-03
5.621702397658069790e-03
1.418839949192824031e-03
1.143815359049028422e-03
1.156209336837406981e-03
1.189010979655227059e-03
1.354483743374654226e-03
1.476321150854347734e-03
1.652874093458044395e-03
2.362136024660223439e-03
3.607974724121923785e-03
2.455725130888913171e-03
2.143219591716732497e-03
2.238713724051449687e-03
2.453671884757844396e-03
2.674624592919621832e-03
2.976724009885600621e-03
3.344772433846068642e-03
3.559629820028589655e-03
3.536374983918728291e-03
3.449686806590773758e-03
3.523414972722972369e-03
3.910174934038997824e-03
4.349796485174136501e-03
4.764288732007447916e-03
4.948360468880754273e-03
4.965361038173561267e-03
5.225635322207741566e-03
5.447672563888616981e-03
5.992586624856984998e-03
6.562030381965950135e-03
6.945419458229476484e-03
7.458380786404589582e-03
7.734344328148719770e-03
8.061199490151920583e-03
8.265620744177642684e-03
8.158438908755259039e-03
7.966582238830592286e-03
7.949750264584052803e-03
8.045938849786923863e-03
8.285600511740069327e-03
8.481406449616257781e-03
8.786728040797022604e-03
8.803599860014015357e-03
8.919738526818566174e-03
9.084831802362481820e-03
9.087017369852940993e-03
9.115305151095300096e-03
8.907896651142664310e-03
8.766214642796124959e-03
8.637671221867973190e-03
8.656028070144367384e-03
8.203532882797627893e-03
7.666785153930285798e-03
7.286062209590894387e-03
7.344575900716192492e-03
8.143607670010094904e-03
8.472102017589537917e-03
8.506030864600899050e-03
8.226407024476837040e-03
7.864290954168845840e-03
7.701522600906067668e-03
7.780198189707185179e-03
7.930176667303473481e-03
7.900416306913548778e-03
7.611407087124965817e-03
7.472354409015138227e-03
7.386577262946154507e-03
7.220465264936191604e-03
6.928286642130007666e-03
6.604666424800416553e-03
6.231880806218454381e-03
6.096585838946409590e-03
6.135893614652684555e-03
6.078307239489519169e-03
5.776929725374515753e-03
5.171920434020242478e-03
4.684643610290338718e-03
4.360695650399035346e-03
4.019246705190614860e-03
3.653848347702368972e-03
3.255942114822215055e-03
2.870687978500922454e-03
2.535730296962250725e-03
2.262390761855299307e-03
2.020722747152472239e-03
1.766754233361254737e-03
1.511006182151450241e-03
1.337576342818596253e-03
1.205043719602771077e-03
1.076294013535393501e-03
9.359914349392110073e-04
7.647328929702063060e-04
5.972986102771153140e-04
4.658047295809544623e-04
3.614157976459492043e-04
2.902542886966878559e-04
2.323249042168878140e-04
1.780332174881677420e-04
1.387420015556760193e-04
1.092265966333676847e-04
8.682939886466292873e-05
7.155380732272333241e-05
5.787750357885660134e-05
4.552906395962746786e-05
3.611959654549738475e-05
2.920705402449050189e-05
2.300781796543559688e-05
1.728709703292405310e-05
1.265157367351854322e-05
9.039358773812004391e-06
6.474147144306787184e-06
4.630961308553858795e-06
3.360567367945818965e-06
2.382192499142851085e-06
1.666745197424474269e-06
1.161808428541912318e-06
7.923443242417294141e-07
5.344435097505110913e-07
3.582164316536107086e-07
2.359562359747356619e-07
1.504186159380122514e-07
9.454931179880638360e-08
5.820918352014688965e-08
3.601252014550521769e-08
2.167021684602076027e-08
1.223659957283272722e-08
6.980012383902222498e-09
3.934241736402755452e-09
2.199321801229522468e-09
1.267598237551168259e-09
7.041019640714603399e-10
4.230845416216547215e-10
2.249025459260273345e-10
1.042470623503645355e-10
5.169788477077009336e-11
2.547201237750664118e-11
1.253514297803146462e-11
5.831556040620365567e-12
2.770839675705891367e-12
1.365680175970492474e-12
6.485993610215409925e-13
3.352235656434772154e-13
1.976440904288280063e-13
1.352148294607433818e-13
1.053872243976228030e-13
8.594222528076096786e-14
7.652222942671408145e-14
7.064525211049126975e-14
6.578258062578990220e-14
6.194020709336806815e-14
5.895167967900860176e-14
5.640734421309073777e-14
5.423964036089993200e-14
5.240808649030036967e-14
5.086993968613842971e-14
4.958607041199271852e-14
4.855928264259867820e-14
4.777175518445499801e-14
4.721543873826011101e-14
4.688384139270763800e-14
