7.629302917749303226e-05
3.340160847822983914e-04
9.246817683628286849e-03
1.657013075354319964e-01
1.409933112889784956e+00
5.271866767650823071e+00
9.911990655592680000e+00
1.235610710915947585e+01
1.313226646262526742e+01
1.333151538926297697e+01
1.338981343935179602e+01
1.342685172292435070e+01
1.345964453478437584e+01
1.346172726661651886e+01
1.348220099797217841e+01
1.348997641119655277e+01
1.350875896345698912e+01
1.352161864591374929e+01
1.352871802470146534e+01
1.353812043052758973e+01
1.356232283124510118e+01
1.360101875504974167e+01
1.362880477510362454e+01
1.364119134750377249e+01
1.365988797960814161e+01
1.368767371203334093e+01
1.370216086636050079e+01
1.373043446748899221e+01
1.376250191531440592e+01
1.378633616162312414e+01
1.381404094195786492e+01
1.384410178530404600e+01
1.387457143606183863e+01
1.390488704397098729e+01
1.393600521045689788e+01
1.395665271923160233e+01
1.400188058568119054e+01
1.405107080579140622e+01
1.408314573821402682e+01
1.412093315040548980e+01
1.417125981211328245e+01
1.420249917399802619e+01
1.423731290792044746e+01
1.429506994908951079e+01
1.433547299285122989e+01
1.437457821385940449e+01
1.441751775892142717e+01
1.447038685982260020e+01
1.452418451799999488e+01
1.458222927131275881e+01
1.463044575351318954e+01
1.468813720489824526e+01
1.474317898798978099e+01
1.479593128504180477e+01
1.485891141264140813e+01
1.490686643894972718e+01
1.496612710704303773e+01
1.503623813233563489e+01
1.510505991952085481e+01
1.517020535514607715e+01
1.523615631448263130e+01
1.530137697300162181e+01
1.537712216005333232e+01
1.544667154508949380e+01
1.551768576306067793e+01
1.558817408134744298e+01
1.566348247553754014e+01
1.574624104854867390e+01
1.582438073902919484e+01
1.590501704088562818e+01
1.598794547141461919e+01
1.607360655855947584e+01
1.615091180506914981e+01
1.624318315656451972e+01
1.634189225562752057e+01
1.643725826214321728e+01
1.653146924050671629e+01
1.662476227189366540e+01
1.672831203814388346e+01
1.682068631041714113e+01
1.692770742517389237e+01
1.702859641576826633e+01
1.713411173427600431e+01
1.723782000155247829e+01
1.735272164253024485e+01
1.746905384684074392e+01
1.758781595273691778e+01
1.770568618465551580e+01
1.782258949036327778e+01
1.794682986330095886e+01
1.807521938453221821e+01
1.819892443569013096e+01
1.833032620370704180e+01
1.847791285301011754e+01
1.861208557058441571e+01
1.874370507077115278e+01
1.888359193598020980e+01
1.903310388605467551e+01
1.918310737156202350e+01
1.933881530081692901e+01
1.949180880980102515e+01
1.964857923999001699e+01
1.981562625430717617e+01
1.997758320594084580e+01
2.014634265682190417e+01
2.032390516347362563e+01
2.049433247812963543e+01
2.067485671155634819e+01
2.085701853025815922e+01
2.104786297570116815e+01
2.124998315616750588e+01
2.144136672936561538e+01
2.164206561012540320e+01
2.185618188004817952e+01
2.205575108485563618e+01
2.227002109024583021e+01
2.248637492561390872e+01
2.270400115392168061e+01
2.293817464948802964e+01
2.317783438252869033e+01
2.342214219727736335e+01
2.366686978645104489e+01
2.391800749694149886e+01
2.418354704772949759e+01
2.444124974905158609e+01
2.470542362177051032e+01
2.498218445664280551e+01
2.526620356777425158e+01
2.553909636487034263e+01
2.582982342582438307e+01
2.613728473084415782e+01
2.644704589896011981e+01
2.675984111223364437e+01
2.709230560783687736e+01
2.741913149906451608e+01
2.776772253707390092e+01
2.811297356290604910e+01
2.846537893305393396e+01
2.883259832945156731e+01
2.921738857475266116e+01
2.959891088154637728e+01
2.999290107174509501e+01
3.039776241576345583e+01
3.080841395776073455e+01
3.123093778622268957e+01
3.168364415284855795e+01
3.213636208285961260e+01
3.259769845632618512e+01
3.307279496838726374e+01
3.356196463910567473e+01
3.406135897836110615e+01
3.457676963118323243e+01
3.510086165305129668e+01
3.564570466880793731e+01
3.620337587133251134e+01
3.676871327526139765e+01
3.737210642197861432e+01
3.797028951598033331e+01
3.861036120513120551e+01
3.926802256647233946e+01
3.992208372062263066e+01
4.059594711967579883e+01
4.129467241979761383e+01
4.202354874141131091e+01
4.278900618337111439e+01
4.355916174713471634e+01
4.435446180785053372e+01
4.517935919053634564e+01
4.603175864367625536e+01
4.691870641918134055e+01
4.781531905354889744e+01
4.875868298002903600e+01
4.972430546033287868e+01
5.072001169001505616e+01
5.175749435148649980e+01
5.284058779173263787e+01
5.395242070045366489e+01
5.509953621647167665e+01
5.629050961875173442e+01
5.753685989984017368e+01
5.881015757398470356e+01
6.013954688397104320e+01
6.151552789039133984e+01
6.294784443308967070e+01
6.443870675074418841e+01
6.597257497673463433e+01
6.758327983740177558e+01
6.925214428608086337e+01
7.099858340181766891e+01
7.281266693669881818e+01
7.468865143049188760e+01
7.665261444923798706e+01
7.870646578035288599e+01
8.086715899939193264e+01
8.310139871221920771e+01
8.544637071224894953e+01
8.790454542246243363e+01
9.045787862784189315e+01
9.313362990185474644e+01
9.594315043789455899e+01
9.887273279910000667e+01
1.020114569699363471e+02
1.052074779722887428e+02
1.086403654672859318e+02
1.122181601262254844e+02
1.160116984879955453e+02
1.200031039228324659e+02
1.242267457502672556e+02
1.286708141724183463e+02
1.333635547360017313e+02
1.383153009781822789e+02
1.435918212758355708e+02
1.491686976159503217e+02
1.550883835615505859e+02
1.613935340174279816e+02
1.680986368596005036e+02
1.752192612191008152e+02
1.828174524739703770e+02
1.909843124261106766e+02
1.997141118828362210e+02
2.090606979646369439e+02
2.190891913635464618e+02
2.298942238245745671e+02
2.415377111428759918e+02
2.541024076833700747e+02
2.676801270961554451e+02
2.824033043622180230e+02
2.984418260439064738e+02
3.158606493144360456e+02
3.349167209073839331e+02
3.557644340953550000e+02
3.786568139805478950e+02
4.038934491871650039e+02
4.317430613647056248e+02
4.626428629508539530e+02
4.969562112553747397e+02
5.353281342142591939e+02
5.783908707322847249e+02
6.268974222423051970e+02
6.818922859146460951e+02
7.445523536582305724e+02
8.162503806086748455e+02
8.989279900245974204e+02
9.949655330540396108e+02
1.107465089803128649e+03
1.240015010153834737e+03
1.398548037409898825e+03
1.589370006958279191e+03
1.822424842094017322e+03
2.110932922303416944e+03
2.474727643315710793e+03
2.941476968774131365e+03
3.554904256124435960e+03
4.384546614256038083e+03
5.544563329826764857e+03
7.241090475827809314e+03
9.861976994056409239e+03
1.425932920235758138e+04
2.255298290994015406e+04
4.166304351613495237e+04
1.120645623368070956e+05
1.557746597009707242e+06
9.189657243249619380e+06
4.613698453736864962e+06
1.923745021940039587e+05
5.226333607567338186e+04
2.623288067550456981e+04
1.600832424052479291e+04
1.083624793606860840e+04
7.839623503049759165e+03
5.937644311458645461e+03
4.656156643814487325e+03
3.750025735861732755e+03
3.086213038739223521e+03
2.584444591697910710e+03
2.195815811343369205e+03
1.889281864854605374e+03
1.642813912531098140e+03
1.441797891305860276e+03
1.275460391902602851e+03
1.136725221680799450e+03
1.019273801907703501e+03
9.192670026703419808e+02
8.333876467300271997e+02
7.590447863938253477e+02
6.942447560386051464e+02
6.374687193894557140e+02
5.874336141884401741e+02
5.430794108926786521e+02
5.035859685424576924e+02
4.683852798226239997e+02
4.366603003598579562e+02
4.081285511564425406e+02
3.823138339690128760e+02
3.589170106662090234e+02
3.376002192614915884e+02
3.181682338748963161e+02
3.003899603818295532e+02
2.840698406361708521e+02
2.690596290095041354e+02
2.552321542485775581e+02
2.424766679404903869e+02
2.306450703266635571e+02
2.196624466881673925e+02
2.094663584473820492e+02
1.999977498539990677e+02
1.911862318247832491e+02
1.829221505734071513e+02
1.752093510588262859e+02
1.679977139003434843e+02
1.612307434205694108e+02
1.548773592974804387e+02
1.488901425856539333e+02
1.433719071435197066e+02
1.379174730567891061e+02
1.328946830754043447e+02
1.281776951762498129e+02
1.237098107462637699e+02
1.194507254301177852e+02
1.154367161601319509e+02
1.116235022116800764e+02
1.079911740497292953e+02
1.045504835469386222e+02
1.013479773043940639e+02
9.818345103359892789e+01
9.524383067239887168e+01
9.242742451587464814e+01
8.972713370327230109e+01
8.715629118981625822e+01
8.470293120531415809e+01
8.235302156724787892e+01
8.011082284058670666e+01
7.794989846009295320e+01
7.589496042720124080e+01
7.392888594196377028e+01
7.203827061893939288e+01
7.022864931671013267e+01
6.847066346672224313e+01
6.679974259002977988e+01
6.519916703089546672e+01
6.364512715820971778e+01
6.214821477710982833e+01
6.072978429294771274e+01
5.936228940608970817e+01
5.803593608375850721e+01
5.672945560790370934e+01
5.545692149665008941e+01
5.428119595880509252e+01
5.311682359291086186e+01
5.200118828034744922e+01
5.093356917212424406e+01
4.990887877072057677e+01
4.892590636279359728e+01
4.794445031716169581e+01
4.699566689099486894e+01
4.609133291166165947e+01
4.520359946287596387e+01
4.435721766942103983e+01
4.353544013377679534e+01
4.272676133888420225e+01
4.194361892262190850e+01
4.118774266962681452e+01
4.044540741709207765e+01
3.978247205519465979e+01
3.907590064772365679e+01
3.836588560253521507e+01
3.770552066379939760e+01
3.706747194651608623e+01
3.644168110523728643e+01
3.584130798605433199e+01
3.526315264472262356e+01
3.467988508807818704e+01
3.413141269728932770e+01
3.357737645653205760e+01
3.302946732680751296e+01
3.250811443437730475e+01
3.199263790084494374e+01
3.149734977007923575e+01
3.099827809547569757e+01
3.050720344323038447e+01
3.003259568942261737e+01
2.957672431731710105e+01
2.911481069620857554e+01
2.865274612351139183e+01
2.820794913004053939e+01
2.776622521940340960e+01
2.732930495933240778e+01
2.688646078598113931e+01
2.645780503477811862e+01
2.603845799523603333e+01
2.560622281318435967e+01
2.517427565758394792e+01
2.475031488630414600e+01
2.431292595181617244e+01
2.388624390208066828e+01
2.345006472921033946e+01
2.302463940928697284e+01
2.258298218731112428e+01
2.213318218109595037e+01
2.167950112768517457e+01
2.120655417266644704e+01
2.073458544610759091e+01
2.025890780090336563e+01
1.976901535506193142e+01
1.926289143656275016e+01
1.874537231261744452e+01
1.821078429043010516e+01
1.766190484745359868e+01
1.710894793264334268e+01
1.654295395701685223e+01
1.595968483715623876e+01
1.536397475745462238e+01
1.476363092432427315e+01
1.418438047258441514e+01
1.363518752537405199e+01
1.288735724860061183e+01
1.219500298112731507e+01
1.153831027486562455e+01
1.088114267011543923e+01
1.022431428973090917e+01
9.583144407647017360e+00
8.941801016235240596e+00
8.306363475744870328e+00
7.689803510259860531e+00
7.092736602634371224e+00
6.516037512096980677e+00
5.960295182098331424e+00
5.432003021782765728e+00
4.932176013154089489e+00
4.458168591061077990e+00
4.015895628627016656e+00
3.603141155862405132e+00
3.219782554530873586e+00
2.868791763521336247e+00
2.546604381324695243e+00
2.252844603929891498e+00
1.986241900949587746e+00
1.745625940250155494e+00
1.529574167499343718e+00
1.335882568578048879e+00
1.162978086910142483e+00
1.009885678375357809e+00
8.742841370650670241e-01
7.547959735495913813e-01
6.499063190053634420e-01
5.581694824466755245e-01
4.779004681610133365e-01
4.070315154943085489e-01
3.466902808322893659e-01
2.944944211401824274e-01
2.493959310918798800e-01
2.106325969443188784e-01
1.773522342770885996e-01
1.489092083553183454e-01
1.246212247168905773e-01
1.039873081614094419e-01
8.649619810682779297e-02
7.172407591260865356e-02
5.928371655464015344e-02
4.883408641228127040e-02
4.008250475618159447e-02
3.278377653932763175e-02
2.671307631304987648e-02
2.168082362527745666e-02
1.752627940276834176e-02
1.411157058587937142e-02
1.131078311923271185e-02
9.021957772116284691e-03
7.161818751492333990e-03
5.657826634578964377e-03
4.445696461417242805e-03
3.474384919306652570e-03
2.699485303242453883e-03
2.084774577911808861e-03
1.599870567350046915e-03
1.219483600115641797e-03
9.228246376460206603e-04
6.932064840731909589e-04
5.163991097086170420e-04
3.819254895684279249e-04
2.794111477318408920e-04
2.027234618507297290e-04
1.456815335276913901e-04
1.033506180779158795e-04
7.258295901826066897e-05
5.037059746167280776e-05
3.443785063672257532e-05
2.322442918797722449e-05
1.542642007676849330e-05
1.007251158586376408e-05
6.440522151950878330e-06
4.063607123417068060e-06
2.494540676215903364e-06
1.497475120462558359e-06
8.788910102147646362e-07
5.004037198165114370e-07
2.762255537243442957e-07
1.505897476844543790e-07
7.945203045904888900e-08
4.228339360213328084e-08
2.328148478242662151e-08
1.425712794381695079e-08
1.003501918074723528e-08
8.275166765294176483e-09
7.653456631180547454e-09
7.382572601011147314e-09
7.269490197903699697e-09
7.234307133860084079e-09
7.206045146642202220e-09
7.189611204646848724e-09
7.177052071376622165e-09
7.169692082659703765e-09
