1.110366831921148822e+00
1.270949897793589134e+00
1.137989637105107921e+00
1.139222548570177462e+00
1.074957644314039396e+00
9.796274887662091979e-01
8.631569538751844295e-01
7.308912099394132555e-01
5.778598976071472881e-01
4.534283651715179664e-01
3.123638724156410640e-01
2.247839661781792508e-01
1.711746696844995974e-01
1.203353146719545880e-01
9.480874401517204453e-02
7.577286864349037920e-02
6.068455484891897844e-02
5.203179443893232031e-02
4.429108979159278314e-02
3.579784380737453114e-02
3.490288361447776988e-02
3.029711014201541888e-02
2.869557667690003644e-02
2.634537914749203111e-02
2.377768736219770113e-02
2.354353243534827375e-02
2.356345510476146043e-02
2.248512100734304311e-02
2.082750212872126749e-02
2.026645927634839264e-02
2.009144964501387645e-02
2.051283633211072391e-02
2.118092526366304254e-02
2.111141362684533507e-02
2.282515413228874621e-02
2.303596067386455559e-02
2.295149911588570402e-02
2.411188260211151457e-02
2.543019412105786137e-02
2.695947785732725338e-02
3.056801414115867602e-02
3.490547642298395120e-02
3.903078281442155101e-02
4.397981461825639649e-02
5.192807041814347102e-02
6.490148870353890098e-02
8.257938659352082045e-02
1.195093494608923390e-01
1.889244580795944872e-01
3.954961592426987083e-01
1.722942127982158622e+00
6.832386855797227554e+01
1.194665270204146509e+03
9.864050999678082690e+02
3.227987048059422648e+01
1.117034839014250824e+00
2.663404851769933246e-01
1.246556489339530477e-01
7.702609145669084278e-02
5.061937544089855495e-02
3.690684983208981917e-02
2.817083881992741082e-02
2.219048978104584333e-02
1.754531564597357901e-02
1.437122589484847099e-02
1.196085746710901822e-02
9.772373223820770075e-03
8.314279867662612705e-03
7.099262799421118993e-03
6.091465235141505993e-03
5.285066960010103253e-03
4.620317024046665354e-03
4.060500319884411367e-03
3.785879570605508396e-03
3.344594101704066822e-03
3.001716537272800661e-03
2.713077518194432613e-03
2.348013262852878275e-03
2.127237005710015064e-03
2.028048603896862381e-03
1.947749456298132013e-03
1.719232305348266212e-03
1.560322821237899353e-03
1.485177767295003210e-03
1.403066640211555766e-03
1.314474492045748051e-03
1.156547713626076808e-03
1.058976408277144399e-03
1.005963311565577067e-03
9.374215534699590138e-04
9.066844704770089629e-04
8.310004945779016694e-04
7.930276285472237854e-04
7.566167830377870576e-04
7.275036499148869939e-04
6.847847287567211151e-04
6.445613783658592439e-04
6.039035972767832971e-04
6.124214820136187265e-04
6.086969583985663880e-04
5.773179892956573729e-04
4.956106180748264065e-04
4.948497059282483705e-04
5.819715026686490301e-04
6.650268151964294425e-04
9.814522861570401831e-04
5.380443732160386950e-04
4.110759023017276957e-04
3.982616399798204546e-04
3.777845545479074723e-04
3.628235023376819956e-04
3.614119081131194375e-04
3.404995268214041759e-04
3.211541090300240315e-04
3.265569070068604415e-04
3.137088056565912986e-04
2.974108778088378389e-04
2.857490969001796844e-04
2.777560853612546198e-04
2.686493449324353524e-04
2.477840083177273913e-04
2.561421037042750952e-04
2.424876507395185834e-04
2.237838875843621773e-04
2.095982804758770288e-04
2.030111835893881969e-04
1.991240468472659886e-04
1.951281528395828471e-04
2.102504187241218238e-04
2.060242067655899652e-04
1.815541923002826348e-04
1.795579563265967994e-04
1.715821483418979675e-04
1.679702872508610973e-04
1.624656848001845323e-04
1.658410932237416467e-04
1.595950649486812861e-04
1.543442755896088303e-04
1.502880854218253156e-04
1.448771353476721049e-04
1.376877478391725035e-04
1.318908872490848433e-04
1.319980358030738903e-04
1.300300421493166705e-04
1.292616616240907816e-04
1.223706465661997863e-04
1.162343449509902832e-04
1.194253170600303055e-04
1.155802942032436097e-04
1.142624969001647709e-04
1.371370472869198344e-04
1.230037443500485049e-04
1.105114086657333331e-04
1.348578561656287359e-04
1.529190799493468432e-04
1.060239286795081699e-04
1.647694542865474744e-04
8.474347434690677680e-04
5.938446624108162505e-04
1.101550924128004801e-04
9.663496235577724472e-05
9.136609244469236918e-05
8.805236240071771467e-05
8.511835137300525697e-05
8.379348356235861452e-05
8.276759646978365536e-05
7.993400772382453412e-05
8.163961677409633665e-05
8.075650456564901147e-05
8.009569850343808517e-05
7.856659883696708090e-05
7.529830289074237743e-05
7.313953839291710069e-05
7.252032275752215548e-05
6.893949271223820873e-05
6.958305215929100687e-05
7.355807825364464234e-05
7.254335681198765737e-05
7.259581602652404140e-05
6.566528284849546860e-05
6.782366521207871689e-05
6.779988100834740382e-05
6.753887091896134125e-05
6.491060473615488347e-05
6.377068927920673085e-05
6.256587684753438174e-05
6.003714484783481155e-05
6.025596382637262702e-05
6.146836955002168903e-05
5.937241574835686351e-05
6.031658793865575806e-05
5.730871816495622238e-05
5.663396159751336520e-05
5.695856175221561879e-05
5.829790666398315007e-05
5.665481276414337833e-05
5.514332993152633745e-05
5.454143954363418806e-05
5.394885088502757674e-05
5.218266027559623850e-05
6.447143721561843222e-05
7.075774188867294532e-05
5.202202526447385341e-05
5.557217566613477827e-05
9.275762682714625235e-05
7.505287173363412953e-05
5.023506910265110098e-05
4.978100816955897929e-05
4.584828893449919565e-05
5.058977493253696958e-05
5.788095556829727474e-05
4.681066839893627008e-05
4.365463281961956072e-05
4.354489079613007852e-05
4.572951179812163273e-05
4.292516521037009671e-05
4.148987543659322805e-05
3.973449822583809111e-05
4.143618238942451445e-05
4.248343154291740780e-05
5.492126228883858216e-05
8.178948869214847409e-05
5.354208581074371376e-05
4.088521605038720829e-05
3.844166743544373901e-05
4.046931525860049031e-05
4.038378938176935139e-05
3.864891461517565557e-05
3.733453424676411571e-05
3.528366075638618454e-05
3.534302530515149866e-05
3.623902986863284558e-05
3.720568521692415611e-05
3.518808083149937407e-05
3.726839775617081730e-05
3.695758223018624235e-05
3.572827607329978074e-05
3.433175418442336858e-05
3.384443845098800998e-05
3.590566506506531871e-05
3.562966255331027790e-05
6.271679681679016242e-05
7.977198940944755232e-05
4.130467797123839075e-05
3.335096529432285189e-05
3.238148279377759282e-05
3.090756063623065751e-05
3.069375357318630658e-05
3.159366189003342396e-05
3.035732697057162111e-05
3.758055745544311698e-05
6.804132671632530740e-05
5.057695234573750633e-05
3.059364149661016887e-05
4.762964971264497957e-05
8.431831310499459677e-05
4.678767227689999955e-05
3.263417163233597439e-05
3.147286045440701176e-05
2.865177727470493406e-05
2.910210542467998258e-05
4.657602438613952692e-05
1.412721929053188197e-04
8.162710398113263326e-05
2.952341802383718613e-05
2.843723761286011864e-05
2.713120334908270486e-05
2.918712437781502045e-05
2.962276153228684110e-05
2.740678609586515773e-05
2.558927288935518819e-05
2.546508319021113963e-05
2.672882722905554185e-05
2.690616190962320681e-05
2.631975557964323162e-05
2.665444459712374052e-05
2.598126160437520067e-05
2.703813678429897634e-05
2.707212958584128543e-05
2.563616530050988947e-05
2.505392302883456044e-05
2.412331572903326268e-05
2.493587031643439310e-05
2.440106190500501975e-05
2.445935429374019337e-05
2.482249758278128355e-05
2.423278697607246840e-05
2.391380191193448265e-05
2.397010964265666429e-05
2.471145113526593525e-05
2.454710080024659875e-05
2.543306987053149860e-05
2.571303626217426915e-05
2.435289164880432428e-05
2.347346122522086815e-05
2.396075539432130074e-05
2.384517019566118669e-05
2.410520108531881691e-05
2.410538202899822587e-05
2.410867127207213847e-05
2.834997307544973160e-05
9.540258225007178445e-05
2.044935194430069270e-04
6.787878754654944828e-05
5.598360740521462217e-05
3.521476656885941204e-04
3.932763314094995816e-04
5.718785082251973074e-05
2.827825666176249754e-05
3.599197257047863515e-05
2.748260889597142637e-05
2.253730184624637002e-05
2.518108822398396041e-05
3.115806631657205481e-05
1.189140628882746052e-04
1.582539424109459297e-04
3.927913952877301748e-05
2.431839045277160938e-05
2.217849805516283675e-05
2.158043106995167967e-05
2.025260365380343223e-05
2.072448112599521499e-05
2.029516117198119191e-05
1.890998113550571347e-05
1.963262358295176272e-05
1.992175454196465337e-05
1.950929008501042449e-05
1.926311825900275764e-05
1.892394591711821171e-05
1.936066765392178727e-05
1.927570590584581881e-05
1.968645017395275948e-05
2.049606836075177366e-05
2.038531442489821248e-05
2.006274620893479753e-05
2.028635629457060748e-05
2.115467967685733842e-05
2.036501217434119859e-05
2.040607734685910565e-05
2.098212604272409930e-05
2.192602956322248548e-05
2.170750805337956943e-05
2.111370100422954742e-05
2.180527464902300212e-05
2.285722209729016584e-05
2.241197093845152545e-05
2.338642907210189027e-05
2.236750338761687656e-05
2.129544103499229809e-05
2.442661359394939912e-05
4.401772463756895275e-05
2.109994271249629656e-04
2.685810741283202853e-04
9.564004614645781565e-05
4.295311744216352478e-05
2.201540642745507899e-04
8.498626814068105904e-04
3.806926778425046942e-04
4.386969755805827513e-05
2.881401222121181746e-05
2.603600504826187711e-05
4.608438366148462942e-05
5.093834991492906920e-05
2.783050368397092813e-05
2.825014097295938924e-05
4.401711646007063400e-05
3.183996373730169126e-04
1.056094892834659113e-03
4.115496520920131312e-04
4.316817016682425272e-05
2.695250290835649143e-05
2.345540439825201517e-05
2.142933316853778969e-05
2.088109158008444010e-05
1.995683676933721054e-05
1.904095621735913625e-05
1.881555467853162671e-05
1.689640820971367031e-05
1.694369637165904049e-05
1.757864124839317093e-05
1.735853561908816051e-05
1.854899474706369125e-05
1.909559108832001290e-05
1.830485983228410062e-05
1.683337755369014450e-05
1.723486095593032579e-05
1.708563928843198230e-05
1.654922121598060948e-05
1.730357695853777304e-05
1.810422550505741518e-05
1.768118883483791226e-05
1.896102018423827690e-05
1.848832210891716878e-05
1.874007255270998461e-05
1.868743906845169711e-05
1.868272877314671707e-05
1.705258894512158568e-05
1.691305453500334985e-05
1.642212496357385793e-05
1.590719387003743031e-05
1.650005312075568636e-05
1.904816380690940698e-05
4.994197857722539150e-05
1.364997970409056018e-04
6.481816163093998429e-05
2.533608383001411705e-05
1.076521351714554144e-04
1.634500360919495944e-04
4.064710460600299001e-05
1.560019610289621654e-05
1.325116397343760680e-05
1.280954812531419746e-05
1.338033225284438695e-05
2.140638184243028229e-05
3.622909765855837248e-05
2.124735493455838303e-05
1.438413908945846323e-05
1.678737051997865158e-05
2.609765808575166500e-05
9.269266670036346791e-05
9.157135940623092657e-05
2.219057629448423981e-05
1.286704290225021924e-05
1.170373837238256850e-05
1.188365132274520991e-05
1.127038503204409700e-05
1.094074525700301827e-05
1.047551314284150218e-05
9.942106532616240655e-06
1.067966166581165637e-05
1.065583734360505781e-05
1.007448090679057973e-05
8.966348469968811279e-06
9.304601062431683213e-06
9.160951625248478177e-06
8.628830409993167263e-06
8.068300347523695053e-06
7.930913505441645439e-06
8.250173550951945804e-06
8.321476317018178419e-06
8.433572021180433335e-06
7.802387032931300452e-06
7.792948190533855290e-06
8.463954177123211837e-06
8.974194924890189481e-06
9.311154882526808245e-06
9.861786616797548342e-06
1.063549022452375454e-05
1.188248937110516489e-05
1.238081102977585613e-05
1.206227911390215240e-05
1.383200725495577179e-05
2.133654098272440755e-05
1.236379049945597966e-04
2.196381274506676684e-04
6.000293459235260410e-05
4.008418113003123923e-05
1.590413052565665085e-04
1.452946219246941393e-04
3.038361472956980955e-05
2.173846406968416747e-05
2.259619033804894332e-05
2.456431149032915656e-05
2.608811498062271137e-05
2.829818485892823322e-05
3.213687897550699518e-05
3.676163871576097487e-05
4.224212597619695568e-05
4.655310415288287145e-05
5.177242431531403009e-05
6.273304298298247269e-05
9.430164817368208972e-05
1.539342565474708421e-04
1.425937339041751114e-04
1.493992266699954469e-04
1.787301128734808170e-04
2.211021775536182500e-04
2.690183346184362497e-04
3.422168200894379320e-04
4.402988578914817492e-04
5.630332744863340540e-04
7.257800145195176210e-04
9.392941503313893955e-04
1.250753600487248098e-03
1.691793203179961383e-03
2.244616414634712474e-03
3.108398595848293079e-03
4.222330425851952493e-03
5.730385782908529839e-03
7.333543395534465083e-03
9.945139470335775944e-03
1.157481586898519328e-02
1.278805230995661187e-02
1.162859571736408505e-02
8.951842926489345098e-03
6.197759645361941572e-03
3.815246414535856164e-03
2.221227167690454935e-03
1.219905066021372041e-03
6.462510859966960142e-04
3.299550180874267873e-04
1.660450470303194447e-04
9.259903394041723451e-05
5.545510263508792527e-05
4.230198832520535375e-05
3.851328985508692203e-05
3.677183042942980842e-05
3.666865425974770594e-05
3.682408826354384494e-05
3.692240766298578283e-05
3.702918757491144845e-05
3.709402844693441133e-05
