1.491017467585376911e-04
6.169706526719613950e-04
1.642111194185950571e-02
2.972503998996105512e-01
2.483809905597474277e+00
9.349074036756578110e+00
1.758601299749220814e+01
2.175783185255655638e+01
2.320330450352260954e+01
2.352385255145431131e+01
2.346721590179306105e+01
2.353029386850795035e+01
2.356684242179801103e+01
2.358928025182812505e+01
2.359699174517216491e+01
2.365344541991052907e+01
2.449431869249589155e+01
2.467652648067669219e+01
2.378712978445332027e+01
2.375415690253547396e+01
2.380574135034104444e+01
2.379748372573082804e+01
2.395617930852139210e+01
2.701403707294896250e+01
1.298196687668277036e+02
1.498219695985246460e+02
3.088229297837172282e+01
2.417440547607670709e+01
2.411949962902729538e+01
2.416638846365739113e+01
2.420222294405163055e+01
2.424949661015188340e+01
2.450124577342176835e+01
2.462354098824929594e+01
2.444202608186151338e+01
2.448577916256549614e+01
2.454804691342519973e+01
2.461478720511141915e+01
2.468561927516312338e+01
2.475986267528925922e+01
2.497782424341362884e+01
2.597944556174755348e+01
2.540572295588451013e+01
2.505967254235453012e+01
2.513128310540814070e+01
2.521673653791661707e+01
2.530610919827465111e+01
2.540265581977978826e+01
3.186263513220733401e+01
6.371734456347923015e+01
3.969983733518973423e+01
2.560206032429144685e+01
2.595855546949358938e+01
2.591909541273397721e+01
2.604422719609964432e+01
2.614289032837963234e+01
2.624780036123906868e+01
2.634072289982249515e+01
2.643672247149275378e+01
2.655909082730196857e+01
2.669038852055104627e+01
2.681155919766626994e+01
2.693023904955142456e+01
2.706427964054406132e+01
2.719571255549092470e+01
2.870099390256375571e+01
3.013646774151559526e+01
2.787729617204310273e+01
2.774081174472081202e+01
2.787234126881647356e+01
2.801387320232969813e+01
2.817588021262014308e+01
2.842019182880046912e+01
3.535852546077959602e+01
4.033385287395135776e+01
2.993434222974204673e+01
2.896308960869586002e+01
2.912734117387112676e+01
2.929728501235678806e+01
2.946759714117441931e+01
2.965170668610331361e+01
2.990608515152972657e+01
3.040200896011284115e+01
3.043498664185785429e+01
3.042978716257623972e+01
3.062385641805651915e+01
3.083487849481494791e+01
3.103760130299228592e+01
3.126534448868376259e+01
3.187731568558168860e+01
3.517595214177866580e+01
3.378964242374619431e+01
3.213832574913872264e+01
3.232099206811358272e+01
3.260896093937783036e+01
3.285949744425882102e+01
3.313202296966071714e+01
3.604013746044466870e+01
5.693242505154066890e+01
4.610842291434838103e+01
3.428756762736022523e+01
3.443585500032849467e+01
3.471780641999358608e+01
3.499553696988265727e+01
3.529264906627930998e+01
3.560214408189443702e+01
3.593481160878467762e+01
3.625715294291657642e+01
3.656020521898866349e+01
3.688065749003857974e+01
3.721870428132938713e+01
3.756692037197868217e+01
3.790665224946209833e+01
3.826795454935271579e+01
3.936138607435056969e+01
4.085150818215962687e+01
3.935861947875784494e+01
3.975464374890007946e+01
4.014784920175720373e+01
4.057443887885390410e+01
4.099472090894573739e+01
4.143851394078902217e+01
4.383785456708191219e+01
4.676547228992777150e+01
4.342554721378594706e+01
4.324887703934967931e+01
4.372235387880522239e+01
4.421359022022525664e+01
4.472412784782255102e+01
4.524021272908002089e+01
4.583702916252176607e+01
4.665118192968693478e+01
4.693281053630344957e+01
4.734892148109553034e+01
4.797524683452341066e+01
4.858122236115426062e+01
4.919831031987950354e+01
4.985433565710317083e+01
5.197983539388675922e+01
7.296152656486476928e+01
6.910388943916294124e+01
5.319971236666057735e+01
5.330915312714910215e+01
5.398293727809100773e+01
5.472088134788480573e+01
5.548867917189913612e+01
5.632869920784413154e+01
5.764855283791123952e+01
5.828437850879491577e+01
5.872779471450741795e+01
5.957304560740610810e+01
6.047813595589152413e+01
6.142563754348220328e+01
6.236781721010937929e+01
6.333819651930446071e+01
6.443398089267604689e+01
6.558589526455750729e+01
6.651225253986831376e+01
6.757390142614364947e+01
6.870736597184964012e+01
6.989909223746519729e+01
7.115624995710571454e+01
7.271017604632221776e+01
9.367127322523049315e+01
1.453079166537533808e+02
9.386677657289453691e+01
7.796576680776713886e+01
7.917420049492783107e+01
8.057955350459577915e+01
8.209406893180363340e+01
8.365031198827570336e+01
8.549782666572225764e+01
8.760114542178702379e+01
8.896213325262864657e+01
9.075834508992532790e+01
9.242178377699215730e+01
9.435719832280713604e+01
9.635997886953120428e+01
9.843950368895995950e+01
1.006295577373673211e+02
1.029394343612158593e+02
1.052520602027045271e+02
1.075621132871971071e+02
1.100868397405537280e+02
1.127076571214929714e+02
1.155656924048916068e+02
1.189250367445416714e+02
1.334525325107738070e+02
3.551055074593352288e+02
3.881839206931426247e+02
1.510692968693608407e+02
1.366394020707259642e+02
1.389948439766851607e+02
1.423849781454129300e+02
1.461019552889694353e+02
1.502738900161946560e+02
1.572698402733714147e+02
1.609686678951627528e+02
1.630845062267639776e+02
1.680633016565442404e+02
1.732147553276238909e+02
1.786141902289173231e+02
1.843111807183565531e+02
1.902858976223570835e+02
1.965779293391478291e+02
2.036185921812044910e+02
2.102331391649265981e+02
2.174693701488126010e+02
2.252396437934145013e+02
2.334577801971651354e+02
2.422042682746234732e+02
2.515388752104022956e+02
2.637146900892292365e+02
2.835592928161669306e+02
2.868393530717519297e+02
2.942490964077925355e+02
3.066764204238235720e+02
3.200250558504113201e+02
3.342764175186557054e+02
3.495621807837886195e+02
3.659744399175629610e+02
3.837784461733831449e+02
4.026003752384786480e+02
4.229568081532189012e+02
4.450313372891867516e+02
4.689695320519317079e+02
4.949248027821864753e+02
5.231324510619469947e+02
5.538617638431665000e+02
5.877619499218184274e+02
6.250055957476287176e+02
6.661710865556514136e+02
7.121281622224631747e+02
7.642632634970434538e+02
8.257840194520762225e+02
9.065810150594223842e+02
1.161464393858190533e+03
5.259350852665598723e+03
7.371573311740246027e+03
1.868224939622885586e+03
1.351809960905813341e+03
1.447778972581397966e+03
1.582358766962588334e+03
1.746005971787846192e+03
1.939943064225670014e+03
2.170162562278517271e+03
2.446308135371325989e+03
2.777668880312689907e+03
3.184875896523338724e+03
3.688057483731529373e+03
4.322020736952335938e+03
5.136934011079127231e+03
6.208500092134700026e+03
7.655513572313074292e+03
9.682601942748624424e+03
1.264276561254999797e+04
1.721637875643462394e+04
2.489439285608710634e+04
3.937924545185521856e+04
7.276060485996217176e+04
1.945917855524517072e+05
2.852518761493634898e+06
1.682282958973051608e+07
8.355039168549316004e+06
3.344096635357008781e+05
9.139254495037757442e+04
4.581492872766382061e+04
2.794223209197841061e+04
1.891185835155829045e+04
1.368280611784638495e+04
1.036322056090737897e+04
8.125829748534508326e+03
6.545736266669117867e+03
5.385893436906542775e+03
4.510725352515332816e+03
3.833788092165438684e+03
3.299053104033348518e+03
2.868524567372583078e+03
2.519328596166394163e+03
2.229210255070527637e+03
1.988660649662209380e+03
1.785621156119675561e+03
1.614476599889920635e+03
1.471341407434837265e+03
1.359407633272249996e+03
1.354874225978568120e+03
3.521406643106246520e+03
5.621798402577675006e+03
1.673988602604095377e+03
9.251138868100767922e+02
8.353184140571325997e+02
7.715749706948403173e+02
7.180710000475461356e+02
6.710416460635661906e+02
6.290730435708879895e+02
5.912894193389295197e+02
5.568531192215084502e+02
5.255047026386914695e+02
4.966569817042234831e+02
4.702813665178708789e+02
4.460094914299370430e+02
4.236760967265418572e+02
4.030520263384740929e+02
3.846174515577105808e+02
3.667016260260731428e+02
3.498219295974923853e+02
3.346851972376704794e+02
3.208182793880894224e+02
3.085737715186324408e+02
3.004357030230285091e+02
3.573919946941343824e+02
8.038055668966630947e+02
6.136893734997319143e+02
2.706849483939232641e+02
2.451938514293887863e+02
2.340655334439186106e+02
2.249444885000752663e+02
2.166488614496578862e+02
2.090548954596553415e+02
2.022966532259061978e+02
1.953596627638550558e+02
1.887461115315734617e+02
1.826150990330294519e+02
1.768227224431869615e+02
1.713748502005976491e+02
1.661276182965489170e+02
1.610149422712635214e+02
1.575571477110808019e+02
1.553222061876140287e+02
1.488297368799792935e+02
1.440798290051761228e+02
1.401250215122754810e+02
1.364483237801699715e+02
1.330691488131766960e+02
1.306042380709069448e+02
1.377806013642440917e+02
1.503197279935799031e+02
1.252718738993306715e+02
1.165488758153209545e+02
1.136163257456749136e+02
1.108732342713576031e+02
1.082768434212327406e+02
1.058065603056527237e+02
1.034197879404385532e+02
1.010231048105095084e+02
9.882722962868615468e+01
9.671782032836713938e+01
9.460740449319277445e+01
9.260808753241836655e+01
9.067856603972542473e+01
8.888457599297947809e+01
8.725519148245729184e+01
8.806819788855909792e+01
8.595512735054845166e+01
8.199869272531066144e+01
8.029485098399378273e+01
7.877145978789994274e+01
7.732908041388340337e+01
7.600004284127066967e+01
7.608162243615612397e+01
8.631369159415922354e+01
8.313475813239078605e+01
7.136425864474405500e+01
6.938385048319175041e+01
6.806997509792719825e+01
6.686044577398536148e+01
6.569075867178084138e+01
6.458821373600606819e+01
6.377448591743497985e+01
6.277207340207428388e+01
6.147671846793555517e+01
6.041745436682452208e+01
5.943239184856866331e+01
5.847825755688563731e+01
5.753646162039817824e+01
5.671802270152670644e+01
5.726014749345231536e+01
5.945357061256593312e+01
5.551293853474913220e+01
5.328805607970059555e+01
5.238653849393794815e+01
5.157737185129075641e+01
5.080084148261111920e+01
5.018525591674467279e+01
5.219692304515648118e+01
5.685333239578885411e+01
4.993330956256423292e+01
4.691408697329036670e+01
4.610065788481815474e+01
4.533557488222933074e+01
4.458487132628997074e+01
4.382636069938038759e+01
4.309219566923354705e+01
4.235447264974920500e+01
4.161416812548653610e+01
4.085886227402982485e+01
4.008283916999859997e+01
3.931585116013567216e+01
3.853671995237392167e+01
3.775970084653367564e+01
3.704040902650981337e+01
3.688613083432420581e+01
3.612723217391070563e+01
3.446556082794036513e+01
3.351903658242294171e+01
3.262617776068761088e+01
3.172118497179237195e+01
3.080865145701720209e+01
3.023565188925650915e+01
3.292580024300662700e+01
3.197761506944322107e+01
2.721135013323393181e+01
2.572986824653954585e+01
2.462165597138972828e+01
2.354635404311733993e+01
2.237859901052612699e+01
2.122494533731265776e+01
2.010560795495642594e+01
1.900965795819105253e+01
1.784637275550284841e+01
1.669644724276265180e+01
1.557775395484697079e+01
1.448856700943109388e+01
1.341936786729867315e+01
1.243235985248658615e+01
1.228195696491625988e+01
1.378386997211362086e+01
1.084866766987847697e+01
8.651978379268117081e+00
7.766834043467956583e+00
6.979110287682944502e+00
6.247260305944997150e+00
5.561058190585448813e+00
5.024643415192941553e+00
4.854119572196448296e+00
4.119353399163542484e+00
3.494377153123110258e+00
3.058613505001804178e+00
2.675713017306667219e+00
2.335152140063604609e+00
2.032629488788514127e+00
1.765876157349224540e+00
1.534697936687088093e+00
1.322536200484196955e+00
1.134370143277268150e+00
9.735702966713375428e-01
8.335058770075003398e-01
7.104260926919248043e-01
6.057402012706941674e-01
5.180013893163957217e-01
4.922533956851877779e-01
4.422740102205640067e-01
3.209347117030396102e-01
2.610743285718632456e-01
2.179385488800793524e-01
1.816612766257723055e-01
1.510823519386528258e-01
1.253127618906092200e-01
1.038117292091063903e-01
8.567206469380678202e-02
6.997767719187024393e-02
5.721833832631549599e-02
4.663663084489490240e-02
3.786305742186187040e-02
3.061720275156122606e-02
2.464354874177283536e-02
1.976995688544869526e-02
1.584132808782784743e-02
1.256798972384810288e-02
9.922928446830542315e-03
7.815827369475366118e-03
6.134050178463497718e-03
4.815631769005395725e-03
3.818139517536002243e-03
4.063999781935539318e-03
6.874341688882294049e-03
3.878732613673805535e-03
1.345626219340850761e-03
9.254443176123945940e-04
6.734821529012608669e-04
4.903937690903551957e-04
3.551037573686233878e-04
2.563450481033726302e-04
1.876141197540396482e-04
1.300973895304222117e-04
8.816134581078355782e-05
6.027304074362965178e-05
4.062543999972637629e-05
2.697217068732370968e-05
1.762165489786300329e-05
1.138081221210733876e-05
7.144767596023638526e-06
4.416541470872714840e-06
2.648353756888079622e-06
1.557300589423593574e-06
8.939587734480564889e-07
5.032215809280834551e-07
2.825196245598816616e-07
1.724211493882083457e-07
2.607710844488415807e-07
2.904802690614295963e-07
6.237207118107570285e-08
1.924928485575588814e-08
1.516225887805643544e-08
1.395602765553134591e-08
1.343266345286874806e-08
1.322587052523143450e-08
1.314943442988369989e-08
1.310707153664257330e-08
1.307383325916242728e-08
1.305056670376425053e-08
1.303681981749510323e-08
