8.660397442015348824e-07
1.219606512128937949e-05
2.781093314901538112e-04
3.174725460152703471e-03
1.675956500493157655e-02
3.878984643778792679e-02
4.936049863004365879e-02
4.087365679070159574e-02
2.875176369959068362e-02
1.982800149976083476e-02
1.419807558833979105e-02
1.083115146908891421e-02
8.471671375657236283e-03
6.787753852487381570e-03
5.410210151215256828e-03
4.119112657550409382e-03
3.508496007558496201e-03
3.176536130337486233e-03
2.750423705642376232e-03
2.494104469870744335e-03
2.249207916127296449e-03
2.173788249243133793e-03
1.996231884337628954e-03
1.944862448523452863e-03
1.910195769292312310e-03
1.834987281963080868e-03
1.754614114903032228e-03
1.722406524264816999e-03
1.661575314991083118e-03
1.653473462081735210e-03
1.608740570646709570e-03
1.643887399450472391e-03
1.574533405849510822e-03
1.486509686501887896e-03
1.485138665791631892e-03
1.494800099726792050e-03
1.587552328364625091e-03
1.597961933548928438e-03
1.481616444336615731e-03
1.471454334449287353e-03
1.513892723529863598e-03
1.463143403721417707e-03
1.516075881036585459e-03
1.567526851268854528e-03
1.403884742178524792e-03
1.388517392953408447e-03
1.427944357261984971e-03
1.321081331101196582e-03
1.276414394378200257e-03
1.284861511321301261e-03
1.238928017573147182e-03
1.320885116349884529e-03
1.337328952486004389e-03
1.291504239911301722e-03
1.258546623559677561e-03
1.280578678526026696e-03
1.287436013566207712e-03
1.269686100757751223e-03
1.229283125359424298e-03
1.189160291544161295e-03
1.167501922719170861e-03
1.140543850370067270e-03
1.138266253626331499e-03
1.205250205375283995e-03
1.186859943942886707e-03
1.215588601098452131e-03
1.209565997534083450e-03
1.182338935871463017e-03
1.196266550556466602e-03
1.197268647128854223e-03
1.184818827167634760e-03
1.178633751494099916e-03
1.210466229480887087e-03
1.209996266874076515e-03
1.166243027529788312e-03
1.163641855075717461e-03
1.171618207639014845e-03
1.174133513304219173e-03
1.127895528752325847e-03
1.162619775099742138e-03
1.186062322003826911e-03
1.168590762469229631e-03
1.201019684412917617e-03
1.204826862639243011e-03
1.203102892856469479e-03
1.274442434456421339e-03
1.263584476957780667e-03
1.273781893179633641e-03
1.228804183853125873e-03
1.233709161425716912e-03
1.241620886358268819e-03
1.301959043651114726e-03
1.310921205290876577e-03
1.308642004364367860e-03
1.317544462232969702e-03
1.303693376433937923e-03
1.330558572986694681e-03
1.386360292960827582e-03
1.486975632403843457e-03
1.444079709703373132e-03
1.403171175160155409e-03
1.484172303944397394e-03
1.514506647315459363e-03
1.489439415389712165e-03
1.587911771420389600e-03
1.599440323249182562e-03
1.612597856255607552e-03
1.691232755176369984e-03
1.705595282547440810e-03
1.730327990400063647e-03
1.780263523578788426e-03
1.868987250211552771e-03
1.894781926712586122e-03
1.946660637759271622e-03
2.020516196661526018e-03
2.126469674398146891e-03
2.177338728692233306e-03
2.232262558876443002e-03
2.308979926259840595e-03
2.376968835656828160e-03
2.497910910489937238e-03
2.608458523040963102e-03
2.711945574009317402e-03
2.917595276008866194e-03
3.053389583039049868e-03
3.189900629611319097e-03
3.244634874712650982e-03
3.483641704995531566e-03
3.824098508989205118e-03
3.925388266268213348e-03
4.139833760835081450e-03
4.297773142745753977e-03
4.676710381681531588e-03
5.098572714025607737e-03
5.403303453892543268e-03
5.823661395155378846e-03
6.437523760226834292e-03
7.043613634708952714e-03
7.763467896443931697e-03
8.521407798045296453e-03
9.571575732113063451e-03
1.060801973727364816e-02
1.198594013137536593e-02
1.345319800660580226e-02
1.550403817302381353e-02
1.810023735350067137e-02
2.155356698970706253e-02
2.583441680530498830e-02
3.143851525626832621e-02
3.948013040333676199e-02
5.137159772742811575e-02
6.948233139902058875e-02
9.967481903180759606e-02
1.554829116169584857e-01
2.844495061161309013e-01
7.738201896861509610e-01
1.540758088030806938e+01
1.609502468780875404e+02
1.068042214508170957e+02
3.238219479443888993e+00
4.772350876592604263e-01
2.146606234157442672e-01
1.258795957029772150e-01
8.365186784447348201e-02
6.028034278548101421e-02
4.541939872240864651e-02
3.560598835713889992e-02
2.873590448063336605e-02
2.374632192580969012e-02
1.987170941107131369e-02
1.700016096672289992e-02
1.472955329770833828e-02
1.268069877951260964e-02
1.119783058560814941e-02
9.914219036583260883e-03
8.977783243915172379e-03
8.141727651924404729e-03
7.494588348076178068e-03
6.802180850812148717e-03
6.154420519026392901e-03
5.628544821455073316e-03
5.277566144029734348e-03
4.930516806001000556e-03
4.530114164851841395e-03
4.214523402092343329e-03
3.962215588868961240e-03
3.774960261193068423e-03
3.518812636201408463e-03
3.336529615683813364e-03
3.165338234979256718e-03
3.050703315763401632e-03
2.801646972933509883e-03
2.670485732432343728e-03
2.650900024424541687e-03
2.467959707781726061e-03
2.307222964928758689e-03
2.242295093842302470e-03
2.204577001715703199e-03
2.164796692147223731e-03
2.068792613124100389e-03
1.992197622560666452e-03
1.927579542675409829e-03
1.870710904673370542e-03
1.812770067896138371e-03
1.698520271536974133e-03
1.678581558643342693e-03
1.620320815098432723e-03
1.601019174385671017e-03
1.541796636212013636e-03
1.512160180234045160e-03
1.496772672729895174e-03
1.437594074714896751e-03
1.353013426448610498e-03
1.333256618309670936e-03
1.308743965248475999e-03
1.299887662626177890e-03
1.304398548231806756e-03
1.316745647262142780e-03
1.219632220175238726e-03
1.212242213519581883e-03
1.190577507825402344e-03
1.592319552710910052e-03
1.817508434415658625e-03
1.227292937506628805e-03
1.087615351923753053e-03
1.130219957400979474e-03
1.093937889536390415e-03
1.053595428691898655e-03
1.013913065091039296e-03
1.024569434329428890e-03
1.034888891306212080e-03
9.767957970446485179e-04
9.612913121541607781e-04
9.432906234309633778e-04
9.358328928054751063e-04
9.437823928036005163e-04
9.489167983555662871e-04
9.928625902785751054e-04
9.458417894152981037e-04
9.290970432716559374e-04
9.091298631332192515e-04
9.924866563953626489e-04
1.017727960891817458e-03
8.832212232841538677e-04
8.533791871818213965e-04
8.713720144835588070e-04
8.842748898916865958e-04
8.403223277899855934e-04
8.182526745843844446e-04
8.198693560673444257e-04
8.253266422132552642e-04
8.346061471160016705e-04
8.364837273633178583e-04
7.904440973344343049e-04
7.688572333108583323e-04
7.928912536465026681e-04
8.484312641995348306e-04
8.109936512968117083e-04
7.858478312856814578e-04
7.967329088487961090e-04
8.022629561514437032e-04
8.056930916671608536e-04
7.862690264157282507e-04
7.619271800702987580e-04
7.407164847079201640e-04
7.509843883036229845e-04
7.470224173132663723e-04
7.558782712902964093e-04
7.166208045314596342e-04
7.209009754786482828e-04
7.417148422387558233e-04
7.214039972850749610e-04
7.534174091925668068e-04
7.526233518757577054e-04
7.379952812116437853e-04
7.223679105677753868e-04
7.121807025728528430e-04
6.898123471501825575e-04
6.903020088391768460e-04
7.064687508523892967e-04
7.094466599049788300e-04
6.947558246310158413e-04
7.243114528929415173e-04
7.089709165864459131e-04
6.674635570724624621e-04
6.542447447627174322e-04
6.812507203725855828e-04
6.875590716839935067e-04
6.748852630072800854e-04
6.853746801753610087e-04
6.855568750680098413e-04
6.448745031499090313e-04
6.261229235061764858e-04
6.793237517575442504e-04
6.621914550141689377e-04
6.773121765312895958e-04
6.936505054964784171e-04
6.945545960494163172e-04
6.867718666141325347e-04
6.818651891247847667e-04
6.842620293771053920e-04
6.596643472237859835e-04
6.730811858301989550e-04
7.228563710621530285e-04
7.218628154790684764e-04
7.019961576109375176e-04
6.886097612234796158e-04
6.542033912345720939e-04
6.776683043114593635e-04
7.092110725812502108e-04
6.916674894464244468e-04
6.695978607191407830e-04
6.777136282652882447e-04
7.081042205300627258e-04
9.065929120224746956e-04
1.050050069360337641e-03
7.220589183884877941e-04
6.968862141933150709e-04
6.721377490609188208e-04
6.505165648025935466e-04
6.500811801883223237e-04
6.573533443029926440e-04
6.472880715294212616e-04
6.343068915289389520e-04
6.657918409561089986e-04
6.598875555663782271e-04
6.403297865694727777e-04
6.282257105746675164e-04
6.322055877274723170e-04
6.297726660676663136e-04
6.469812179246301961e-04
6.195528368311279321e-04
6.534656342086602983e-04
6.635561722832910821e-04
6.527522990106604571e-04
6.140131677989091579e-04
6.267944363896751176e-04
6.321514821553943448e-04
6.588612576925649382e-04
6.755171116898857917e-04
6.262195578732158464e-04
6.413964619086606495e-04
6.244171667860326253e-04
6.309712631684506008e-04
6.550959733145271351e-04
6.587409833982134453e-04
6.425421198110655438e-04
6.532667366240295717e-04
6.455092039854084824e-04
6.773647489834152885e-04
7.324846377870341662e-04
1.316129989171723781e-03
1.443172695931698064e-03
7.580473028578541125e-04
6.761423263955977430e-04
6.834145515408358157e-04
6.829149658672157034e-04
6.579066283954777827e-04
6.703712102885437491e-04
7.144802480800092025e-04
7.399931011173331357e-04
6.674974914040553283e-04
6.642481251461374719e-04
6.544942871847123566e-04
6.634530924051505263e-04
6.715036955861127411e-04
6.888163074253314750e-04
6.849153282029998499e-04
6.692414739487452654e-04
6.980768128099093875e-04
6.668764326334240431e-04
6.724224296683994863e-04
6.361232045736139569e-04
6.282376334942416790e-04
6.641387217214284868e-04
6.544869047039158626e-04
6.130999020153163684e-04
6.352478594614628530e-04
6.261139624595898640e-04
6.128026217952170594e-04
6.267145222185608244e-04
6.574579551303149716e-04
6.289554711620638436e-04
6.467856384433691170e-04
6.313469473061361723e-04
6.249161052760579364e-04
6.181224399425386999e-04
6.128749184224738288e-04
6.039437483699521773e-04
6.134024886678504131e-04
6.265179177754288346e-04
6.173144096467544440e-04
6.567684585780598138e-04
6.522682873075336769e-04
6.318976959340922260e-04
6.233267200584041799e-04
6.197132595298225806e-04
6.107878971342091574e-04
6.051772896868671961e-04
6.312928096887743474e-04
6.136820968241225556e-04
5.871175737148767769e-04
5.160695116855226966e-04
5.116571922241117338e-04
5.451130049625507257e-04
5.508339152056188938e-04
5.393485352271494256e-04
5.201253931126833272e-04
5.184073156896251830e-04
4.832609998888259839e-04
4.641495415924067904e-04
4.714387163022459469e-04
4.634523624968426496e-04
4.361691801606122089e-04
4.320216276474640477e-04
4.214636330165502155e-04
3.887556286760692251e-04
3.622495652486730435e-04
3.246992008122697154e-04
3.181428296143637966e-04
3.052798545791275036e-04
2.726152793850679010e-04
2.423496697733615757e-04
2.252045557051789832e-04
2.005651580272771516e-04
1.771009258648201365e-04
1.640106822409903695e-04
1.510257689707177476e-04
1.325866390399698606e-04
1.119195186507382936e-04
1.002042653116969604e-04
8.810330140777068340e-05
7.447969178263611531e-05
6.517250866828046231e-05
5.458686326162781951e-05
4.629258827769349566e-05
3.987657793375178137e-05
3.230621169587114515e-05
2.783131008007371724e-05
2.411667293879478683e-05
1.944163229545813076e-05
1.550290141115214022e-05
1.338874479720311681e-05
1.101509361806195552e-05
8.728124774326907919e-06
7.428700356823425864e-06
5.888950143976040251e-06
4.889023779892377245e-06
3.946338623410951421e-06
3.049615843741795849e-06
2.552082961606808065e-06
2.055286578140423932e-06
1.623012351577962110e-06
1.229835538530753618e-06
9.929101369471278684e-07
7.865148888296946225e-07
6.285278425799723373e-07
4.844090655139542121e-07
3.969242214184799054e-07
3.190146686374353210e-07
2.509170278886404644e-07
1.995076765624834036e-07
1.538878322797553757e-07
1.186436448920935177e-07
9.269244917710434015e-08
7.352369596091754198e-08
5.822115660042482273e-08
4.473500497720011124e-08
3.518101685765663397e-08
2.850491228628010739e-08
2.324844060224521199e-08
3.049988662058211519e-08
4.183840644390706886e-08
1.668927236600591314e-08
7.811213164441950345e-09
5.757710731289894806e-09
4.283904437844596444e-09
3.219056440303930259e-09
2.389011704227669165e-09
1.747853508478033002e-09
1.276016570457277154e-09
9.279083458178950178e-10
6.658531024461326003e-10
4.751833237248706167e-10
3.325548845263359089e-10
2.302878632375726578e-10
1.576350014838550221e-10
1.064213905070799332e-10
7.063817078219809595e-11
4.603963388673624492e-11
2.958653391344681987e-11
1.861098376005574236e-11
1.141064398114950807e-11
6.874600784999986205e-12
4.018912189454213731e-12
2.281988977834336254e-12
1.253462283343489215e-12
6.672659317478389516e-13
3.451236016338503425e-13
1.721022525363420030e-13
8.492084196445404677e-14
4.283063494330713985e-14
2.410954159922793375e-14
1.608751019399030393e-14
1.282997035917169253e-14
1.182764640206414870e-14
1.145655135255218129e-14
1.128782701276098634e-14
1.122352516221306058e-14
1.117685725675796356e-14
1.114831085782857333e-14
1.113006689439305554e-14
