9.540429312767528514e-07
1.193478470194373441e-05
2.955139701620665828e-04
3.116860955684220072e-03
1.568247178653574617e-02
3.915567568729495102e-02
4.918583645243276153e-02
4.335559421692668225e-02
3.349531506639207706e-02
2.598028640483981272e-02
1.933348199329642386e-02
1.588824777189795298e-02
1.452934809969922900e-02
1.248799791823388891e-02
1.127452213655931977e-02
1.019327924373941013e-02
9.732153977978002732e-03
9.853570911584940209e-03
9.625082686252350167e-03
9.421995090205375137e-03
9.897464848368590570e-03
1.009533651314544443e-02
1.025088447658895757e-02
1.066913127878316679e-02
1.140473006538968853e-02
1.187882058999409525e-02
1.205253051572444632e-02
1.257526580532761923e-02
1.360838142689589983e-02
1.438447031242513080e-02
1.576851293444491223e-02
1.725462228168332668e-02
1.853385555791393566e-02
2.024878867132252902e-02
2.176385902128272556e-02
2.381839039898197077e-02
2.702900549750947290e-02
3.068680745297411999e-02
3.451743217092750893e-02
3.995346138178991480e-02
4.652715380139318263e-02
5.446014704373153964e-02
6.514988895867998564e-02
7.957689678884530271e-02
9.982981252457112653e-02
1.296912822080729943e-01
1.777386151640149570e-01
2.591451965160333493e-01
4.286362368755405883e-01
9.328548454858177630e-01
4.173779983822030637e+00
1.689623121805446431e+02
3.204429774282396465e+03
2.799074796956145292e+03
9.215562143410555507e+01
3.332011603287419632e+00
8.305504361428639459e-01
3.973442526246209194e-01
2.450628965711388052e-01
1.693525044414893599e-01
1.254376518038466948e-01
9.709309684936315299e-02
7.720163552043310395e-02
6.352793718948691881e-02
5.321579482215114953e-02
4.498198435056192240e-02
3.874824442493930016e-02
3.382606003981749460e-02
2.995577331916040448e-02
2.617654089206575274e-02
2.343465039913849787e-02
2.130175106627913567e-02
1.934329224727193361e-02
1.759304524845246506e-02
1.612873655506467940e-02
1.491454430274291587e-02
1.366368545618635612e-02
1.263814454746723347e-02
1.177726709128876573e-02
1.086021249389284259e-02
1.015770730373775736e-02
9.591031193468862320e-03
9.054529065951623032e-03
8.548277427187282035e-03
8.148738932899803403e-03
7.697440056984002424e-03
7.211387652822026997e-03
6.915988666977000189e-03
6.489453021868785490e-03
6.105513092857606933e-03
5.907467679099178380e-03
5.736348118327992858e-03
5.466315550518763625e-03
5.286292077826632886e-03
5.078829224072822779e-03
4.824726108917480605e-03
4.591695891558897694e-03
4.447217396918547345e-03
4.343072154228833602e-03
4.308160013019227304e-03
4.130156297417594304e-03
3.805724356876379055e-03
3.836074116229578126e-03
4.160206652152029921e-03
9.524530683276544521e-03
2.041031379902316645e-02
6.723414761254163478e-03
3.298624952436329458e-03
3.171346587480345855e-03
3.139267669543457408e-03
3.006405193605564061e-03
2.958155726638567098e-03
2.808090125208605702e-03
2.686427609502461868e-03
2.709624060440130652e-03
2.650117220249282798e-03
2.601269027164111475e-03
2.553078991720097394e-03
2.453221418220215624e-03
2.399478385730108472e-03
2.360985388930498825e-03
2.313527989553985312e-03
2.209105861050896652e-03
2.157235689033793532e-03
2.160313174883847064e-03
2.145676374668740484e-03
2.048352186636041069e-03
2.051946173935365915e-03
2.120166214077721847e-03
2.026805600027817376e-03
1.964572154922491435e-03
1.980008326893274717e-03
1.940264710193842675e-03
1.884635076086627840e-03
1.840117768020509224e-03
1.800062148829416082e-03
1.754379993113084962e-03
1.780831115252456964e-03
1.704760975224115264e-03
1.646326197746980722e-03
1.669410706219083074e-03
1.691693200482421869e-03
1.614853643143280247e-03
1.552816544201036280e-03
1.502778178486657498e-03
1.507050506060612916e-03
1.549984432605162540e-03
1.503368082548946780e-03
1.512249825624514517e-03
1.530268608466016714e-03
1.603666885313802422e-03
1.507646729775582051e-03
1.414417239296583912e-03
1.610520623303704491e-03
1.837031313813345139e-03
1.694405776403935240e-03
5.830021057704907160e-03
4.848213570250713145e-02
3.253465524857759167e-02
2.196294354041112944e-03
1.398597019897298123e-03
1.339132889046763114e-03
1.298229571633713157e-03
1.281263385223055428e-03
1.296667014137740720e-03
1.285557593658922691e-03
1.217969799902702622e-03
1.169215929032635251e-03
1.170015315275129515e-03
1.185626760334746723e-03
1.166078288886903194e-03
1.200151630515854150e-03
1.190030863118182519e-03
1.144715918378495572e-03
1.164141893051641148e-03
1.152470749317351930e-03
1.105654680363193053e-03
1.140113847958512975e-03
1.161989401413912517e-03
1.146643367815730489e-03
1.114663522088320171e-03
1.040524866970024120e-03
1.057893535651211608e-03
1.053368815084102265e-03
1.064658067196697002e-03
1.083594868675787776e-03
1.095974062234858319e-03
1.122349020332236678e-03
1.014166993959132387e-03
9.891890290210938151e-04
9.949658473685141138e-04
1.016190022050384454e-03
1.047384189360401003e-03
1.002065782332329244e-03
9.637604842928845783e-04
9.881829998877932151e-04
9.809735130050663797e-04
9.461452184475452245e-04
9.314262068333872867e-04
9.617655176153831233e-04
1.137013467325071305e-03
1.263930072086793697e-03
1.030063239330168646e-03
1.020612773858420655e-03
1.591727690466907853e-03
1.344700722820139785e-03
9.353601159623198139e-04
9.359321498855122014e-04
9.152702910988474300e-04
9.926034690704306062e-04
1.099409285826285576e-03
9.565865335799301778e-04
9.124543911746623662e-04
9.054632335333467549e-04
8.910502617197428848e-04
9.225396253317629316e-04
9.097462855299756537e-04
9.382832040715064804e-04
8.935886092715112370e-04
8.952762422740541967e-04
9.562714511431265113e-04
1.386201136248481347e-03
1.330518427320256806e-03
9.165584617620285051e-04
8.687682832012839440e-04
8.640070648136151648e-04
8.541184498776293547e-04
8.494448539805918427e-04
8.437148826196008526e-04
8.407773838655545947e-04
8.680926903694911705e-04
8.555325020869147899e-04
8.352731124930384138e-04
8.577157480034943186e-04
8.388495628151269867e-04
8.042692617171971021e-04
8.279724523967601970e-04
8.158372212222305591e-04
8.115441409950412523e-04
8.023050317474734756e-04
8.631585809154733229e-04
1.274711442339860907e-03
1.495945851293080126e-03
9.071714634871171946e-04
8.285137366641407266e-04
8.278852060799536585e-04
8.363138252270698250e-04
8.287487873355836934e-04
8.052118248679016434e-04
8.061217389701366308e-04
8.603779026281007953e-04
1.438243250736650483e-03
1.174163660587108221e-03
8.200115652407201621e-04
1.216720443178507692e-03
1.985466346947008416e-03
1.107867127438568388e-03
8.063613843874350897e-04
8.236150263534788418e-04
7.946168779855365379e-04
8.262784753775169249e-04
1.287000134480226817e-03
3.642974382498431578e-03
2.262047256501161993e-03
8.154670748429779020e-04
7.695355707031426322e-04
7.848304634698167028e-04
7.812845433229369165e-04
7.654741004794694001e-04
7.848805509872758311e-04
7.694257367979546926e-04
7.512353705192110695e-04
7.448422600480917926e-04
7.640965112163310103e-04
7.557040078962120591e-04
7.757970680344203817e-04
7.709944158089140995e-04
7.991968181785909144e-04
7.690066263806886668e-04
7.478125008520699300e-04
7.746345343829995041e-04
7.783562614622349055e-04
7.947227240261625766e-04
7.605979063498565038e-04
7.465715552015334206e-04
7.812457202032952949e-04
7.695102492578745909e-04
7.733379717251323516e-04
7.993792205128173343e-04
7.632433126369120562e-04
7.328555866476287256e-04
7.723870333209281866e-04
7.904220066346758162e-04
7.540705679234140481e-04
7.409086897122112549e-04
7.654223083223408346e-04
7.772993402848501696e-04
7.787158149475470817e-04
7.695634580486145722e-04
8.099609867296827474e-04
9.072413682056282421e-04
2.900073501563986064e-03
6.077946512098360114e-03
2.083428212819617414e-03
1.769535563425907957e-03
1.071204919848595984e-02
1.137958027454864969e-02
1.677938877059682605e-03
9.180328479498937270e-04
1.134948520858380504e-03
9.307000167624519035e-04
7.719774456624890887e-04
8.180632561853192191e-04
9.443545425014436209e-04
2.636429073778323324e-03
3.380298566442403729e-03
1.121330218391158482e-03
8.416348748552014789e-04
8.265019480912540444e-04
7.936329296637886126e-04
7.544322621348962307e-04
7.274182893083336581e-04
7.402314355382387696e-04
7.289494091894628070e-04
7.184725601499807090e-04
7.338249273599814493e-04
7.107508837222905598e-04
7.302863079256043067e-04
7.481047698943099579e-04
7.382584954327441919e-04
7.606960783960178092e-04
7.345679429097005031e-04
7.634646912909648407e-04
7.948026542394705934e-04
8.277550061573502429e-04
8.043576588190987867e-04
7.949670832536540185e-04
7.732509677591043644e-04
7.972027768510039913e-04
8.271315554591217789e-04
8.105925476211535636e-04
8.266846667307581158e-04
8.518413222600409096e-04
8.301957337778691302e-04
8.560661568653601646e-04
8.560310800269413899e-04
9.067824576832137764e-04
9.180137283016644948e-04
9.192341085233434166e-04
9.541654557464807930e-04
1.560052302244207666e-03
7.736370992038936467e-03
1.022752182201120547e-02
3.919260941895860717e-03
1.678696470802468112e-03
8.579825134540640039e-03
3.292664414759798042e-02
1.482966074636962554e-02
1.725139460103547809e-03
1.156386570213040763e-03
1.143677962687308838e-03
2.213619159871430334e-03
2.293680488677574732e-03
1.185814818134888924e-03
1.326408480857357245e-03
2.068311868443107986e-03
1.521419350801523490e-02
5.197341320465098669e-02
1.962433855621370862e-02
2.003692655487774796e-03
1.292847837311045332e-03
1.132432636938677205e-03
1.057797964033907467e-03
9.638196995037683675e-04
8.963387976898614263e-04
8.836834059863093657e-04
8.926814751259605886e-04
8.407851621910335336e-04
8.391852806833943832e-04
8.241609490469940921e-04
8.519514094916596451e-04
8.776275052542605948e-04
8.787999319312594709e-04
8.194810877617345621e-04
8.282017131568767407e-04
8.370645600599244292e-04
8.238493758448851411e-04
8.558049833585311536e-04
8.075423082473037273e-04
8.372167812057310738e-04
8.792105583934822300e-04
8.816548194020238250e-04
8.621459497355255007e-04
9.180450369041427564e-04
9.052510222882175330e-04
9.278716235437177787e-04
9.015529874973641708e-04
8.249578234643694698e-04
7.701243831320596757e-04
8.032736374742068496e-04
8.200559022765400302e-04
8.430317859717171257e-04
2.356818625316139688e-03
6.662066486146248599e-03
3.134290788438320787e-03
1.271968223503979487e-03
5.044754287964044355e-03
7.626764303595722633e-03
1.813683275760700478e-03
7.248724842387892523e-04
6.103356914879971146e-04
5.681348343140013276e-04
5.921088483339377552e-04
8.495592453045581896e-04
1.326658673897838665e-03
8.106932344590403157e-04
6.003970256428091835e-04
5.573404655848074969e-04
7.251314725066453082e-04
2.014243645261872342e-03
1.875139867716901646e-03
5.630218315922409528e-04
3.779738797756909186e-04
3.480963441413470884e-04
2.992232401899178051e-04
2.552840231420282148e-04
2.316487656789068764e-04
2.061428647655374504e-04
1.829191041505356637e-04
1.649569501986616264e-04
1.458087155439331166e-04
1.224581836010630762e-04
1.030068649894500037e-04
8.853863562588112392e-05
7.737100388320335804e-05
6.903279381043337358e-05
5.770272537479644026e-05
4.640496972132900468e-05
3.894259037883455202e-05
3.280966655175818913e-05
2.715455193305643615e-05
2.326812808553132530e-05
1.869469690146870018e-05
1.628451691038322930e-05
1.312574276899172109e-05
1.134365891868741951e-05
9.688358665490163298e-06
8.614234491911589890e-06
7.128982951736333728e-06
5.992513186849287736e-06
4.697055773189346453e-06
3.976680129178434051e-06
4.618027903006377923e-06
1.742816625364874649e-05
2.216794858579267157e-05
4.730396739965025255e-06
2.650294717436854339e-06
6.684788571001612834e-06
4.405820350222511896e-06
9.639069769143168993e-07
5.650411234839613601e-07
4.138637664293902013e-07
3.187409054776715860e-07
2.455464428238198861e-07
1.956511512834326573e-07
1.539401382132979690e-07
1.198028452965873137e-07
9.478661554330152388e-08
7.453469515264767609e-08
5.803373808022607503e-08
4.507815929490015479e-08
3.590082105898281918e-08
2.908606517389254615e-08
2.119043780037837268e-08
1.590978982379984972e-08
1.220451596292485869e-08
9.121302674201484041e-09
6.850769225692738195e-09
5.116745119253274191e-09
3.787261401238382064e-09
2.774889948699285478e-09
2.012239126141489602e-09
1.439454924209515959e-09
1.026158058635042122e-09
7.214809095880448178e-10
4.997638860054845393e-10
3.415697221092290681e-10
2.307978509377745636e-10
1.530799759605754753e-10
1.000396291188654373e-10
6.416736866308051831e-11
4.026773468126118733e-11
2.481911244511471760e-11
1.487389902949526185e-11
8.696785887922079603e-12
4.925518093054801253e-12
2.708895487769763186e-12
1.430837451945554582e-12
7.321080782951694887e-13
3.550799436032552164e-13
1.659295813109012396e-13
7.541739163458827996e-14
3.437014479320434387e-14
1.760633528808599517e-14
1.032718332686154933e-14
8.053232527051805569e-15
7.356241101308716689e-15
6.975903544242032236e-15
6.855348964197754341e-15
6.770361615573951072e-15
6.711552580769807841e-15
6.677687357577320131e-15
