1.570795084421768639e-06
1.487343682253692797e-05
3.602699071153740024e-04
4.479467825712426382e-03
2.876515915818563321e-02
8.415589608427499757e-02
1.303174100513123101e-01
1.440531626410904709e-01
1.397829422980205460e-01
1.288831475764392331e-01
1.234685814312467961e-01
1.220851335263560128e-01
1.235800564815894564e-01
1.216505527632599226e-01
1.187375681778776032e-01
1.191905667952496278e-01
1.201875931513661372e-01
1.197137197894098254e-01
1.199561148140414479e-01
1.194374064016697351e-01
1.197121535997772851e-01
1.208143630623674664e-01
1.226366914846083039e-01
1.226012498478871449e-01
1.221040626554355246e-01
1.227019827614863057e-01
1.239317196510807129e-01
1.244962503000521109e-01
1.254163898748222317e-01
1.258957067261229079e-01
1.272953769718571659e-01
1.282424473067665660e-01
1.286389092284585534e-01
1.295753377213040569e-01
1.304037968038264383e-01
1.320657224560174148e-01
1.325467182811839451e-01
1.335624685815955670e-01
1.352380865769177154e-01
1.368428768568930587e-01
1.376290470476793648e-01
1.391991723547878201e-01
1.408427945339863485e-01
1.423717059607571278e-01
1.433875411632672958e-01
1.444795847151448542e-01
1.469589852243557149e-01
1.480250611202643118e-01
1.494476199884140488e-01
1.512039409811277435e-01
1.521951628414097979e-01
1.543770787284826362e-01
1.570702661201301142e-01
1.588076500608640862e-01
1.607641556467669930e-01
1.626175718838395179e-01
1.654956043738108895e-01
1.675140019076325482e-01
1.695858436809207781e-01
1.723002993790539450e-01
1.748294687047399487e-01
1.775791157173431667e-01
1.806957157766763689e-01
1.837942659903512577e-01
1.861381745315807690e-01
1.895671437172698481e-01
1.926411527882926911e-01
1.948917987540496333e-01
1.977578189226012473e-01
2.027868286347251636e-01
2.060693071842185642e-01
2.101365998471660945e-01
2.132950633459198830e-01
2.173623879056774122e-01
2.227279569827906869e-01
2.276977212354853730e-01
2.318873534375396339e-01
2.357784549945258212e-01
2.411250041079405215e-01
2.471029081149889173e-01
2.527033901094165591e-01
2.578140299693900128e-01
2.637319097618357477e-01
2.693759617697663034e-01
2.762630390629999821e-01
2.830738370990584230e-01
2.898795795872904368e-01
2.971401977840479325e-01
3.044061115853109456e-01
3.117549799988975634e-01
3.207210785745586157e-01
3.296303988150494635e-01
3.385722883142479600e-01
3.475115963698722776e-01
3.580418335370908478e-01
3.682513751186143325e-01
3.799467392871815341e-01
3.921505652480548054e-01
4.047084794623196924e-01
4.169750019105821215e-01
4.299183997509225530e-01
4.441490244501643536e-01
4.595866981017376340e-01
4.759639315388294878e-01
4.941256672504568126e-01
5.110654188145418164e-01
5.301663141181811589e-01
5.500581186182064153e-01
5.714695852131954634e-01
5.942455444834423561e-01
6.177851973079409031e-01
6.448573587896645476e-01
6.732193058051151313e-01
7.019839066418878115e-01
7.326973530461662332e-01
7.654994411131692544e-01
8.017016153174907345e-01
8.430285476356692564e-01
8.854757536783742777e-01
9.307478003453252269e-01
9.795420531156776578e-01
1.033792360642709296e+00
1.092383780163386886e+00
1.155232414530084073e+00
1.222957650306146116e+00
1.299469919900376080e+00
1.381031448647163540e+00
1.473093904225306838e+00
1.576445207947074989e+00
1.686067493587811272e+00
1.808471182210895867e+00
1.949278992274457556e+00
2.105424413330439837e+00
2.279958206305102042e+00
2.480492281170023627e+00
2.708145587620968797e+00
2.964573860158441487e+00
3.262019334512172186e+00
3.609333119264413803e+00
4.017134718702569884e+00
4.494500797066855569e+00
5.063603135348811790e+00
5.750397054007023279e+00
6.585606592320326413e+00
7.617432936344152417e+00
8.912358045468607770e+00
1.057770254432332813e+01
1.274875810957533417e+01
1.568655386854339007e+01
1.977286833726082804e+01
2.570550821534688524e+01
3.480776242887954908e+01
4.999784149328470306e+01
7.832140717865587476e+01
1.437394034937088350e+02
3.919100796497233432e+02
7.777255177524884857e+03
8.128681436949833005e+04
5.396407890221275738e+04
1.640016119915334912e+03
2.414393265895061802e+02
1.084386017546899978e+02
6.389554983613754047e+01
4.249904329459659635e+01
3.046297960939068616e+01
2.292126966125739074e+01
1.789158979311714148e+01
1.436392502838007701e+01
1.179434918455645764e+01
9.857474642932832154e+00
8.366199794897594799e+00
7.185001698003912196e+00
6.241265733764338464e+00
5.474041707464516016e+00
4.835971864524432284e+00
4.309302317734482912e+00
3.863132683349461249e+00
3.482083004305282170e+00
3.157450419320261936e+00
2.875898508164557388e+00
2.626249521516498042e+00
2.412954193974926831e+00
2.224513991796051915e+00
2.055807559204631652e+00
1.906096365849128560e+00
1.772868211858206644e+00
1.653231180037820103e+00
1.545841981892548844e+00
1.449139183869363690e+00
1.360460959532620029e+00
1.277389411244854944e+00
1.204967979528908106e+00
1.138987150398023340e+00
1.077360893234726724e+00
1.019956797818645011e+00
9.686096477344544597e-01
9.208438594238472774e-01
8.759936172758201467e-01
8.357999469796512093e-01
7.964598413903437590e-01
7.606079348567232890e-01
7.270720205761919130e-01
6.953609471360241434e-01
6.660610650038342184e-01
6.378853191992489569e-01
6.132963386559407981e-01
5.900907972534183976e-01
5.700594188178125243e-01
5.540950773261639206e-01
5.266156336244341984e-01
5.059934585870615731e-01
4.886799914919982002e-01
4.723577065465937586e-01
4.553786495509930532e-01
4.405191657588080067e-01
4.260416047434491538e-01
4.126582546518495764e-01
3.995517364232019086e-01
3.869097233575038985e-01
3.752861390525006891e-01
3.647042607769576672e-01
3.541334874740494909e-01
3.437130968397857367e-01
3.328641139119055126e-01
3.232838348048479027e-01
3.146620134610405017e-01
3.058863701053508577e-01
2.977090779418251620e-01
2.903408092197471979e-01
2.834846760377290886e-01
2.762780066239271526e-01
2.699637358016507838e-01
2.627800357879616078e-01
2.560824547547490559e-01
2.494718582301157783e-01
2.442868085873302342e-01
2.390036006020875292e-01
2.334338866543285151e-01
2.281148107646155943e-01
2.231178748697219827e-01
2.178797642492791842e-01
2.136256459344696990e-01
2.085191736930822881e-01
2.029847487272225803e-01
1.990420272022080661e-01
1.957558426616647640e-01
1.916635686475642864e-01
1.873257790773742160e-01
1.842540733071421355e-01
1.808775067626308408e-01
1.770968776885533114e-01
1.732651380900341598e-01
1.703249471449663210e-01
1.669006671660903662e-01
1.638936759056457415e-01
1.604632008502911156e-01
1.578442390742639256e-01
1.560026543531753684e-01
1.599290434966400831e-01
1.583514337365047875e-01
1.482702633411946691e-01
1.454650080198998940e-01
1.434284739487048932e-01
1.403999943594463617e-01
1.380079139782375841e-01
1.363761862668957381e-01
1.339228326359491461e-01
1.316058759238768472e-01
1.292549598206597650e-01
1.272357494798526112e-01
1.251747258002482432e-01
1.237906257789072456e-01
1.227328260059308285e-01
1.205387557099111967e-01
1.189381229296715553e-01
1.165945367702242025e-01
1.147546947853450294e-01
1.134544196445749775e-01
1.119421121464699992e-01
1.106330576393981524e-01
1.095200442058486545e-01
1.076398409215947594e-01
1.063310855221680784e-01
1.048642835792342048e-01
1.035857236922133745e-01
1.021048436835894357e-01
1.011990021365323789e-01
9.994895360730583767e-02
9.861062541524655278e-02
9.717273006953462688e-02
9.603720550791457200e-02
9.477338947231017663e-02
9.361435351120496462e-02
9.239550269450662323e-02
9.143226528894565774e-02
9.044855481564269273e-02
8.975737496235468293e-02
8.909573657637090416e-02
8.801888315881783997e-02
8.716327949291219346e-02
8.594154230052444832e-02
8.515234162034199250e-02
8.425812016877393118e-02
8.341055915472231352e-02
8.318674054784408467e-02
8.311427263000360777e-02
8.317623634568951929e-02
8.326255200821461311e-02
8.436815996470506396e-02
8.835855127702878231e-02
9.057271526301902131e-02
9.821504085938616291e-02
1.247950639070881107e-01
3.442023304947299245e-01
3.562757406455545173e+00
4.983814816895140609e+00
6.880880019518075263e-01
1.366651457332520858e-01
1.001506024398869793e-01
8.770629349098796324e-02
8.128406218775882652e-02
7.719159770397070186e-02
7.482272126814372426e-02
7.313131727204705279e-02
7.134116390421434140e-02
7.021790806001100560e-02
6.909449958270140468e-02
6.802209513415348463e-02
6.748699259715168486e-02
6.649459386967521146e-02
6.578844777480075123e-02
6.515959187638716010e-02
6.469034840644448392e-02
6.394883311454262198e-02
6.290766464510827438e-02
6.270724596755099245e-02
6.206682518333670601e-02
6.099890005302616852e-02
6.069063110596947114e-02
6.038606080310894575e-02
5.967927932641878958e-02
5.928023146394532927e-02
5.899476680276325574e-02
5.837084974292310741e-02
5.794228862301493282e-02
5.736612358448063553e-02
5.699667674096664527e-02
5.666653003295793467e-02
5.702460148599287904e-02
5.841924166351845221e-02
5.631119078946089651e-02
5.771511584355142055e-02
5.744139275623193902e-02
5.428263127858087150e-02
5.408413668199805319e-02
5.360336278696480744e-02
5.307541458122313344e-02
5.330554405960667708e-02
5.450607946761797801e-02
8.840396336971215185e-02
1.221705162787028731e-01
6.631769313917257325e-02
5.257418037578594910e-02
5.138893761430668450e-02
5.086811777070515683e-02
5.058220044884520483e-02
5.076209018916164745e-02
5.137709949455074310e-02
5.007277866234895181e-02
4.889147550212831483e-02
4.853274700496821442e-02
4.830506903266073432e-02
4.772027850319691261e-02
4.746809439245797124e-02
4.730940299825923956e-02
4.696369615771733147e-02
4.649167007571086002e-02
4.639099003643821356e-02
4.600650179313897636e-02
4.566114590986749405e-02
4.507375154905012699e-02
4.483313965424964853e-02
4.454199712928381266e-02
4.403365018473150150e-02
4.390095252918011642e-02
4.372376045032726199e-02
4.355926085919062385e-02
4.287667589211092284e-02
4.251409489095799021e-02
4.225801824995882583e-02
4.185800167365099494e-02
4.159267839476065570e-02
4.093580791038103905e-02
4.065049489379175124e-02
3.992082539457700308e-02
3.952627082742328490e-02
3.956597571752525772e-02
3.917111019643933212e-02
3.924351306886958435e-02
4.173266840017205576e-02
4.058593738950332097e-02
3.705264755207077904e-02
3.617417854569502517e-02
3.561950234246376995e-02
3.477825527361548541e-02
3.403168709707690004e-02
3.346379585793363837e-02
3.275854600814634421e-02
3.244733811256215322e-02
3.747071352026010854e-02
7.197175655418730500e-02
6.061288727766449974e-02
3.089883268210621634e-02
2.750841428692757037e-02
2.613508752198066831e-02
2.485244693766925500e-02
2.389592119729607583e-02
2.264745151114899019e-02
2.158893238743245582e-02
2.023222505945651908e-02
1.891098091125297670e-02
1.770972297519557079e-02
1.665599538733584725e-02
1.546665561522860867e-02
1.433790110402527983e-02
1.318366058783281870e-02
1.210996214737844467e-02
1.106117253146272385e-02
1.009147237287605532e-02
9.195112381149981445e-03
8.305769193195967209e-03
7.482121223744950950e-03
6.731597191213054693e-03
6.029807788333802626e-03
5.337915825003531137e-03
4.758227607713886448e-03
4.202841517267406554e-03
3.708511932723708437e-03
3.257208114737023853e-03
2.851806423652616593e-03
2.479149796855116984e-03
2.171554567620356119e-03
1.891938469913909127e-03
1.630902271231471573e-03
1.406857724802304185e-03
1.211620282689107857e-03
1.041139339223074280e-03
8.923802082830521731e-04
7.631581169599874854e-04
6.576761319897499094e-04
5.814543672555762309e-04
4.785549549833759196e-04
3.957528098506608448e-04
3.330249396684523307e-04
2.789308111644745532e-04
2.330505881866472284e-04
1.949854374878983701e-04
1.617894814697923853e-04
1.344089886068021932e-04
1.111753255695659137e-04
9.250782382756526218e-05
7.803808237738228703e-05
6.253613017607318044e-05
5.059073683990305940e-05
4.120692421760932268e-05
3.349093260619037969e-05
2.723734723814151012e-05
2.226003109191160791e-05
1.843317437588137068e-05
1.594530162558180481e-05
1.741807565145575711e-05
7.068958657692265472e-05
1.349198081134968014e-04
3.554272320666287011e-05
5.490672126949208527e-06
3.318433943357788258e-06
2.337027078182028649e-06
1.702947557018902670e-06
1.248672184931235756e-06
9.154964958358223105e-07
6.667876814395738980e-07
4.823623915662352558e-07
3.458235605730145121e-07
2.453858133047257220e-07
1.722188769995358448e-07
1.193916864656915283e-07
8.172316425804872896e-08
5.512668380322551108e-08
3.656565343893186767e-08
2.397988847549798664e-08
1.530555009687350087e-08
9.637212312843061341e-09
5.937100034861871955e-09
3.542867795906719807e-09
2.083325207316043804e-09
1.179436430130360596e-09
6.488885562929066595e-10
3.455519428023205343e-10
1.764697276642682858e-10
8.808636576133493387e-11
4.261819661407574146e-11
2.116220154364161179e-11
1.136710749911799059e-11
7.287553851532657212e-12
5.696997255115750689e-12
5.142158373642824255e-12
4.965954339766537421e-12
4.914435222294940349e-12
4.890790193311754537e-12
4.877963475345825245e-12
4.870622974723715416e-12
4.865860299071059006e-12
