1.497325755838245725e-05
7.107456067614455436e-05
1.924474332405056625e-03
3.278451103674333983e-02
2.673557792524063892e-01
9.866658228576568046e-01
1.802712747825375716e+00
2.199469143753388867e+00
2.292216771126804886e+00
2.306816905538628504e+00
2.314297069872773172e+00
2.309422360115179540e+00
2.305036869161507518e+00
2.308120167405109946e+00
2.302219553286138698e+00
2.308163293725010945e+00
2.315570587145721060e+00
2.317525931061915401e+00
2.321304331881991256e+00
2.326009555762653669e+00
2.334270775957384192e+00
2.332749770605984541e+00
2.324961080233483468e+00
2.334892677810651573e+00
2.343889808475421610e+00
2.346706928541717474e+00
2.353667010933247372e+00
2.354802602625789110e+00
2.355823804572696023e+00
2.360967239939194329e+00
2.363988112791628460e+00
2.372242071133510155e+00
2.378285905821357016e+00
2.384081902320918989e+00
2.390735860408287117e+00
2.396242433264096139e+00
2.401190889961331010e+00
2.405714200308770145e+00
2.412942747042358338e+00
2.420540904450691144e+00
2.426707504193434062e+00
2.431980427358466645e+00
2.441373230117465987e+00
2.450960167666498712e+00
2.459350754439864506e+00
2.463665124129640116e+00
2.473303774339079997e+00
2.482597172644819050e+00
2.492168259822747700e+00
2.501667122511274766e+00
2.509472449357033952e+00
2.521149742728490573e+00
2.533060073310398952e+00
2.538701497256879325e+00
2.551320976604229518e+00
2.561366264147448835e+00
2.569390253795756696e+00
2.583596987668691725e+00
2.596164032079093076e+00
2.604450657455570362e+00
2.615378981132807645e+00
2.627757001768603384e+00
2.639632433516203136e+00
2.651216733182231167e+00
2.665745901828518338e+00
2.679156901275217884e+00
2.692041575169724865e+00
2.707215957313299448e+00
2.721114123372917692e+00
2.728679976329938306e+00
2.745303163004989777e+00
2.762807843719394363e+00
2.777380247184241480e+00
2.795172080742098331e+00
2.813233429251857487e+00
2.827963845276829868e+00
2.843515790710076541e+00
2.857872429366264733e+00
2.876710343543309012e+00
2.896089748534684816e+00
2.910919995969997398e+00
2.928502905723127991e+00
2.947468684221570268e+00
2.968990153848363622e+00
2.986318285141515982e+00
3.004987531931215816e+00
3.028858925471099806e+00
3.048791235921089804e+00
3.071788582156564917e+00
3.090461472501160767e+00
3.112832845709389673e+00
3.136751385340362130e+00
3.157574388874751392e+00
3.183017125738613728e+00
3.206242365947960415e+00
3.232997371506542539e+00
3.257697300307331734e+00
3.280721003161521931e+00
3.307950268094746349e+00
3.331345235270949612e+00
3.362858246416535746e+00
3.391478206602318135e+00
3.419268036998325488e+00
3.445797432734002630e+00
3.472614156609037384e+00
3.508596257521459982e+00
3.541230147295501229e+00
3.573714382327533023e+00
3.606013256102053255e+00
3.636098775065765842e+00
3.668497974515560589e+00
3.706068873277427400e+00
3.742155527367271528e+00
3.781491793088957554e+00
3.814848973958467226e+00
3.853210420143905690e+00
3.892653299008890677e+00
3.928744707965289518e+00
3.968031852686842775e+00
4.011335224518506770e+00
4.052086998643218863e+00
4.095181402169965956e+00
4.139796414482479925e+00
4.183391444049348706e+00
4.231794739335889233e+00
4.279346507182252068e+00
4.327854954487763806e+00
4.380527925560418367e+00
4.431314919531295971e+00
4.482525074188551173e+00
4.531906177608184372e+00
4.587189167810691082e+00
4.643865734424388769e+00
4.699752257416741408e+00
4.757505755138190295e+00
4.819133173532564207e+00
4.878232497968167714e+00
4.939231516934806443e+00
5.007731243578491309e+00
5.071140457584642824e+00
5.137658270103057312e+00
5.211854628937016010e+00
5.282634117049068045e+00
5.355841981968793242e+00
5.435364705809618613e+00
5.510474268661675445e+00
5.589461578125971108e+00
5.669868062837323031e+00
5.753435818502317112e+00
5.839781876878995526e+00
5.930134431919778848e+00
6.021232125329367690e+00
6.115195789713522068e+00
6.207513497036539540e+00
6.306615605680453207e+00
6.410044500973961057e+00
6.515741937112373705e+00
6.625364532525355621e+00
6.730392540450833572e+00
6.843241221145002662e+00
6.962320620919700609e+00
7.086884388125976209e+00
7.214116936546105308e+00
7.338985844841304562e+00
7.469332096558679801e+00
7.603745048847069476e+00
7.744325620627161122e+00
7.896122151267154443e+00
8.047724922596879438e+00
8.202499346347023490e+00
8.364523632818972487e+00
8.526790750145826436e+00
8.699081236819278473e+00
8.879280041782918076e+00
9.063368580033751343e+00
9.251100964453339515e+00
9.446110280534403714e+00
9.645981010972807468e+00
9.867418259853311113e+00
1.008525540688087396e+01
1.030900142364651728e+01
1.054518364456988522e+01
1.078388832515487827e+01
1.103925559054539107e+01
1.130452885237674998e+01
1.157754950953476936e+01
1.186384035288066485e+01
1.216185489134188735e+01
1.246964133560672572e+01
1.278624060684389896e+01
1.312051130080174843e+01
1.347020006110768620e+01
1.383905474174861716e+01
1.422722620570875840e+01
1.462796891100235186e+01
1.503604790094021126e+01
1.546451038070708961e+01
1.592252772515659665e+01
1.639524959487382105e+01
1.689472411044259204e+01
1.741516938639055212e+01
1.796535560842307788e+01
1.855169862150969706e+01
1.916090837838520855e+01
1.980295838086080806e+01
2.047064985417657468e+01
2.117451129293927892e+01
2.192242148929796741e+01
2.270976781582411164e+01
2.354905582353175575e+01
2.442943807517651678e+01
2.537077064891704126e+01
2.636235509631033835e+01
2.741353553961175749e+01
2.852084753510742132e+01
2.971337236331053688e+01
3.099289265313924702e+01
3.235341237045802387e+01
3.380433851352523789e+01
3.535073100940842039e+01
3.701259367481901563e+01
3.881150007391199352e+01
4.073768424923532905e+01
4.280000023514698881e+01
4.504049222818471776e+01
4.747089616487438946e+01
5.009289154022687285e+01
5.294528428680640531e+01
5.605338577613593998e+01
5.944767304731639257e+01
6.316517747222877688e+01
6.724701727557346942e+01
7.175967398653942553e+01
7.672842026125803727e+01
8.223304658292757097e+01
8.835114007608690656e+01
9.521138101479108684e+01
1.029157714533495493e+02
1.115591693498888759e+02
1.213784156951707303e+02
1.325722227825674508e+02
1.453603592256654622e+02
1.601283466726874281e+02
1.773157987341824935e+02
1.974301578701402491e+02
2.210807802749169753e+02
2.494480147741533358e+02
2.834514966354454373e+02
3.252488174336804150e+02
3.768304838478229613e+02
4.417615499780139885e+02
5.254133929541119414e+02
6.351154059134080399e+02
7.834901933781198977e+02
9.911036153051286419e+02
1.294694951557865807e+03
1.763724697766313966e+03
2.551496242031593283e+03
4.036982268615913654e+03
7.461958776728476550e+03
1.996185047796627623e+04
2.912505309666543035e+05
1.717592959236386698e+06
8.542216996949269669e+05
3.434504980969864118e+04
9.385152492538920342e+03
4.708856518192141266e+03
2.872679646460523600e+03
1.944538673475348332e+03
1.407198792942364207e+03
1.066091640606432520e+03
8.362740718874237018e+02
6.738013091041799498e+02
5.546248709609257048e+02
4.644777931397109683e+02
3.948581434485084287e+02
3.398169276839561803e+02
2.954946884205708670e+02
2.594678255120778090e+02
2.295456235784500905e+02
2.047008939600724204e+02
1.835960029379061211e+02
1.656161722484406766e+02
1.501853223899426837e+02
1.368493549385459289e+02
1.251712974534835752e+02
1.149668792697462436e+02
1.059684215950661468e+02
9.798977999275024331e+01
9.090067369030658995e+01
8.456647280362092545e+01
7.886259335909659285e+01
7.374338737487492779e+01
6.908930594068397113e+01
6.487229841829253019e+01
6.104768125902071318e+01
5.754846032389278321e+01
5.434073310450391148e+01
5.139929429703476416e+01
4.869266703007465225e+01
4.621873834770529754e+01
4.392374958131941298e+01
4.178074274215436645e+01
3.980281167976185941e+01
3.797362363941225993e+01
3.627123499051637623e+01
3.467474998557565868e+01
3.318830421285503007e+01
3.179807351031858076e+01
3.049353991395369334e+01
2.927755394753471663e+01
2.813323226869900395e+01
2.709961106935944741e+01
2.614966071212918663e+01
2.508834862263162790e+01
2.415746568249378257e+01
2.330074282926247520e+01
2.249492582807628338e+01
2.173572601607548194e+01
2.100928465475337248e+01
2.032287377720242105e+01
1.967007231269444034e+01
1.905409388616271826e+01
1.845866511118205722e+01
1.790288110158314083e+01
1.736408900394848231e+01
1.685110205730153865e+01
1.636611407747051672e+01
1.589404781617936635e+01
1.544986933992416311e+01
1.502848537406796048e+01
1.462538458504006655e+01
1.422950901109318167e+01
1.386298871832654989e+01
1.351277323001975716e+01
1.317064946006126647e+01
1.284048178594304090e+01
1.252406984477094554e+01
1.222311492909555675e+01
1.193066101577516314e+01
1.164669818582577143e+01
1.137786934688315554e+01
1.112324583739279582e+01
1.087633237220318350e+01
1.063464343260323197e+01
1.038765748387850252e+01
1.015110190436416460e+01
9.943420077506294419e+00
9.737981535372947306e+00
9.539671585052541758e+00
9.348950695280764833e+00
9.164386564066061780e+00
8.983343424171483349e+00
8.802721558502422994e+00
8.633463241021857471e+00
8.466515303364220202e+00
8.307450326733244239e+00
8.152999537035713118e+00
7.996519616467865355e+00
7.852283108660052413e+00
7.717527799281997503e+00
7.582055392597926158e+00
7.457712149992873130e+00
7.351704107717250913e+00
7.210733114442998470e+00
7.068030757581109214e+00
6.945238609699410759e+00
6.828710779925030394e+00
6.717751998456646056e+00
6.603200140938510820e+00
6.496770996402478460e+00
6.390655992240451333e+00
6.292873163772958911e+00
6.193751213641722764e+00
6.091144898440355782e+00
5.997204796390565029e+00
5.902196039327778365e+00
5.809907142725908358e+00
5.721733981976129257e+00
5.635951145357498859e+00
5.549367900255901986e+00
5.462368209541118347e+00
5.382842589517661480e+00
5.296718156324833338e+00
5.214917950432916172e+00
5.134782216219059059e+00
5.053938915366877893e+00
4.972574382754456401e+00
4.895582612610776430e+00
4.817179079511142881e+00
4.740512555433681108e+00
4.663383805126854575e+00
4.584047080076797620e+00
4.504112943817319525e+00
4.423767692173835364e+00
4.346408488977094642e+00
4.272087258457324843e+00
4.189324040190624210e+00
4.103611277933175039e+00
4.022492362422417145e+00
3.935112139356375938e+00
3.848491005283962263e+00
3.759860542191387989e+00
3.669602224764263454e+00
3.578727434175343891e+00
3.482890918239538003e+00
3.385766560504643419e+00
3.288806633139079505e+00
3.184691828994334450e+00
3.077230302706789988e+00
2.969617543881465593e+00
2.859329327572849522e+00
2.749161531337231068e+00
2.675017394890232492e+00
2.642236245848578857e+00
2.433525981533634752e+00
2.273094848691347813e+00
2.150202575988817255e+00
2.026873062844753992e+00
1.904199456661370915e+00
1.783150355732627146e+00
1.662916521615863008e+00
1.547977158333488479e+00
1.431842136823642475e+00
1.321355467698712038e+00
1.213408764865443024e+00
1.110901709638808743e+00
1.012961783502815072e+00
9.197254151821803170e-01
8.320181259137249263e-01
7.493636541983244026e-01
6.721521927165250432e-01
6.011341070942324283e-01
5.354122490504489296e-01
4.757021740214381622e-01
4.208953523242982553e-01
3.708499383444868180e-01
3.260776300619320778e-01
2.858143990197777318e-01
2.496421678727090976e-01
2.173617948154722146e-01
1.886720850765966628e-01
1.634240357337670979e-01
1.411305017937757311e-01
1.215985492523914968e-01
1.045877721938645727e-01
8.952291906818958533e-02
7.584303531127600806e-02
6.473658262057729873e-02
5.504723170299358898e-02
4.661744922261173291e-02
3.936767681974961963e-02
3.313972081489094390e-02
2.783375331427667340e-02
2.330922758611395779e-02
1.945431851044028895e-02
1.617883219145238582e-02
1.341752902186493443e-02
1.109279177167575570e-02
9.139648601641504194e-03
7.501751356649942297e-03
6.136541815229983911e-03
4.999693860912690462e-03
4.057445381957154075e-03
3.281738114053124773e-03
2.644873027026420007e-03
2.119079699721218742e-03
1.689385933958514972e-03
1.341178501818260718e-03
1.059582409363196654e-03
8.326631709093273602e-04
6.507384734628247078e-04
5.056849716408890090e-04
3.905783862922701305e-04
2.996924131719901681e-04
2.284830424922831306e-04
1.729081816152118749e-04
1.298821073541788515e-04
9.679429414502528086e-05
7.158428844805024647e-05
5.235274866758457454e-05
3.800953265343878659e-05
2.727889036437776825e-05
1.938711301923893207e-05
1.361284007158586697e-05
9.440999299895713631e-06
6.454437281758722577e-06
4.355643341735518361e-06
2.890151428174787652e-06
1.886569576164554608e-06
1.214949641212782702e-06
7.576970977970867161e-07
4.678543735023104214e-07
2.810677399005535897e-07
1.643279523782958715e-07
9.404011506137851597e-08
5.206771296999587412e-08
2.809179137769446998e-08
1.492779601654989309e-08
7.923199875712059881e-09
4.318252549362686743e-09
2.665057145894451797e-09
1.879488488930539617e-09
1.537668781185680348e-09
1.423729685381824241e-09
1.370001251480990590e-09
1.353121896949253844e-09
1.343053117103648666e-09
1.338981561219606865e-09
1.335541886634604991e-09
1.333230752227404023e-09
1.331842158045414740e-09
