1.170797654644715993e-06
1.099911094172109191e-05
2.880747677655662179e-04
3.027262142337401596e-03
1.516841160733905722e-02
3.822051517458935344e-02
4.643863310384198362e-02
3.809879297752735011e-02
2.892959615079278290e-02
9.108244733847806196e-02
1.698432868658463546e+00
1.651762033201068514e+00
7.106743385071755126e-02
7.622680113545476574e-03
5.056182223134460772e-03
4.012538562135601478e-03
3.531384066026212968e-03
2.905386482602840322e-03
2.434374965338454572e-03
2.256449875168409745e-03
2.015241449028554871e-03
1.882768319614492149e-03
1.789100686638789512e-03
1.787621173884342560e-03
1.643517574672712783e-03
1.503441185344792574e-03
1.411986395777985095e-03
1.394877162971421610e-03
1.463361387862992420e-03
1.402389786284028534e-03
1.421214797355622788e-03
1.474208888732613399e-03
1.434340841803853064e-03
1.252483549699416393e-03
1.249076356337256799e-03
1.229133980895448508e-03
1.206704460939536606e-03
1.209871906034587366e-03
1.215420496792163439e-03
1.236970427524583440e-03
1.210832660576764089e-03
1.197943356039860713e-03
1.310465007139441406e-03
1.263868158954522744e-03
1.131308052994334972e-03
1.121976689382257666e-03
1.127191264097394605e-03
1.080250132464822361e-03
1.015775173024035432e-03
9.828708564380407662e-04
9.757456806405755611e-04
9.655534135408379293e-04
1.009576815543690182e-03
9.558022519345979202e-04
9.455628654413419064e-04
9.433970275414592464e-04
9.145909208900544892e-04
8.725851424378197260e-04
8.732309163848701265e-04
8.933802337012415606e-04
8.417746658303954790e-04
8.754019230711152476e-04
8.460335389813981909e-04
8.341817621676239636e-04
8.280927995181619613e-04
7.930640543996915742e-04
7.631821265283301840e-04
7.738536362222296497e-04
7.634355484230555830e-04
7.489814059662205101e-04
7.757881219761339660e-04
7.610288841758988026e-04
7.236176502229001205e-04
7.668617251207072690e-04
7.202781872257072457e-04
6.667752455535272578e-04
6.492284185467281582e-04
6.741082797721400025e-04
7.070485767782750406e-04
7.024971288007610245e-04
6.678359395872477192e-04
6.790878029505373163e-04
6.638198889350099743e-04
6.684238910533563376e-04
6.987896310355235386e-04
6.811528739875220839e-04
6.665746160089208120e-04
6.148949988754858495e-04
6.521468030828084109e-04
6.611346370739040095e-04
7.811129756452577649e-04
9.857453495587479436e-04
6.692564636184910546e-04
6.106185729822494841e-04
6.038083385165220543e-04
6.036447214101432887e-04
6.061867746511854149e-04
5.829456084412086266e-04
5.756272627499395321e-04
5.693330415428534590e-04
5.635725514591876989e-04
5.584383052389429222e-04
5.729269539229948178e-04
5.759007345224754614e-04
5.673215906692834209e-04
6.064842651565281522e-04
5.831019080306439886e-04
5.810937815029730948e-04
5.807005982457301560e-04
5.705466466843943027e-04
5.897528430749645776e-04
1.052292438102943274e-03
1.430376146046764439e-03
6.361094911023743069e-04
5.463833381711954767e-04
6.663478067381966132e-04
6.374705136690307118e-04
5.598814006179715511e-04
5.383676146940045634e-04
5.317388351647682043e-04
5.334205354995810375e-04
5.475228392083973748e-04
5.512356856112665075e-04
5.443860965458614766e-04
5.410519422068936360e-04
5.388115163937782582e-04
5.176421843223423438e-04
5.507630298316750113e-04
6.612825501670297878e-04
5.845066543920347454e-04
5.502140348073830374e-04
5.224414816178272244e-04
5.049374188348410572e-04
5.081000400157636423e-04
5.097058263117775195e-04
5.050381969079664659e-04
5.132237360617511977e-04
5.121946025981883579e-04
4.998257939245036871e-04
5.053216302549268972e-04
5.210986871776573373e-04
6.423788490905603214e-04
6.170649332909525090e-04
5.112763221429646090e-04
4.995911100627759178e-04
5.146750108912102710e-04
5.084780350149413920e-04
4.883566296508643368e-04
4.768828581204688131e-04
4.875049959144094123e-04
4.829630029696590143e-04
4.811613570948326227e-04
4.772612147327182975e-04
4.794265705990135955e-04
4.900631571874673612e-04
4.870091233918522359e-04
4.800848588216237683e-04
4.848090811993393525e-04
4.748225611186803982e-04
4.564258076467286244e-04
4.605723985538344879e-04
4.922175704796073270e-04
6.554558967706679154e-04
6.168768237500704688e-04
4.874144192870669048e-04
4.698606679825371264e-04
4.957617429090774080e-04
4.949210495919097348e-04
5.099047859300001595e-04
4.802817550117269578e-04
4.796029091694156764e-04
4.824290331760695697e-04
4.640943039019867111e-04
4.769960079321427203e-04
4.654825351707482387e-04
4.867937688134633175e-04
4.753294316196862560e-04
4.842134202729496276e-04
5.085917667104529081e-04
5.092517620177342387e-04
4.778302653928400800e-04
4.789221972300695767e-04
4.651576847406330693e-04
4.556362906172626084e-04
4.625430041555106723e-04
4.572509268610550569e-04
4.683699065129162198e-04
5.039714362991435997e-04
5.103129234960649546e-04
4.847579446355332008e-04
4.878700273102637539e-04
5.976722340034464412e-04
9.342619386237561172e-04
6.016308247603121542e-04
4.615239550174305132e-04
4.697573018888964854e-04
4.845764689157377992e-04
4.676746685745041985e-04
4.843854921804035206e-04
4.938177510392925164e-04
4.935298122261697149e-04
4.963080870047424870e-04
4.793432349319429533e-04
4.819413161133701798e-04
4.985873443808155198e-04
4.777010822571430178e-04
4.765930723130677336e-04
4.811037519535039985e-04
4.855937113688444566e-04
4.991009371524957310e-04
5.032265355708197448e-04
4.959490846193264973e-04
1.310314142069899171e-03
3.445720811530453287e-03
1.285345574542932998e-03
4.892271594446722651e-04
4.745269085435235802e-04
4.882257174261317488e-04
4.764952526636935808e-04
4.827207278553313579e-04
6.770321546051671479e-04
1.146950140854631223e-03
7.963597643543545053e-04
5.134488526661427779e-04
5.089390267713523068e-04
5.225970660322204605e-04
4.963276314293897521e-04
5.038306735969421465e-04
5.133966191346037763e-04
4.731277257211575918e-04
4.750166517925483536e-04
4.709262905728557450e-04
4.667819279686449482e-04
4.829258923671178507e-04
4.880647909660449616e-04
4.875693414218652062e-04
4.892280274653700110e-04
4.936583350170156573e-04
5.175993419038058202e-04
5.264861643119925607e-04
6.739242923008380553e-04
1.932698059489142616e-03
5.202044467184869202e-03
5.366131685421864778e-03
9.755760205339007772e-04
5.322554736532617188e-04
5.007617068932965687e-04
4.972394958264781967e-04
4.964555284531318698e-04
4.956108657250150656e-04
4.913016573314292826e-04
5.121084876572672660e-04
5.113624611507389204e-04
5.150761943810836570e-04
5.143355780280880552e-04
4.920508916633286288e-04
5.202535669786773672e-04
5.074624015949552895e-04
5.033803757339339784e-04
5.104235930648446046e-04
5.443822555150822301e-04
7.055190123116128215e-04
1.768328373052236889e-03
5.452814560901879035e-03
6.126628975311109067e-03
1.065446037146962430e-03
5.992190772152539494e-04
5.438514392999467149e-04
5.098591900217280468e-04
5.231464249291054068e-04
5.157093537041017523e-04
5.038446046950390868e-04
5.213940847456298953e-04
5.176045847465666648e-04
5.225827875471940765e-04
5.176955025817902949e-04
5.217740504273620699e-04
5.538611088769470649e-04
5.181198773498620763e-04
5.381596570826175600e-04
5.373069829187201388e-04
5.088885328504143832e-04
5.265334868169394434e-04
5.675294961007502090e-04
5.553403181819628522e-04
5.313428593062319337e-04
5.142646913776215568e-04
5.021497242500536128e-04
5.201214603661852938e-04
5.469902356697370002e-04
5.802985155503258795e-04
6.048722496037400257e-04
1.157440331723804923e-03
3.802496767898076550e-03
2.201164580379954411e-03
6.101591647417081059e-04
5.560514737959327235e-04
5.575444535774804660e-04
5.358136575724333547e-04
5.637172096695719980e-04
6.020739676361150676e-04
6.189447368103171473e-04
6.076475272872383995e-04
7.168073140045446660e-04
1.256071618366257601e-03
8.504939434979190242e-04
5.694353354812283809e-04
5.575667418146416227e-04
5.704727703940299646e-04
5.829420280385397279e-04
6.041142846396037672e-04
6.802180896980996542e-04
8.954563154735601304e-04
4.445778668831854540e-03
2.156256860071095044e-02
1.184589264245434342e-02
1.383953102356723407e-03
8.059457359381016605e-04
6.934283326134723030e-04
6.449151640463452210e-04
6.227510144190562822e-04
5.985954621774445877e-04
5.708508334025183539e-04
5.537197587844958904e-04
5.688600773809867348e-04
5.806827080349102237e-04
5.424421768822407014e-04
5.290550619988543561e-04
5.499084320828379275e-04
5.403825511097732183e-04
5.693688241948695805e-04
5.837859334428109701e-04
5.945580388899046652e-04
6.374593803020962889e-04
6.909330085040490477e-04
9.537646757541121297e-04
1.083909731579517756e-03
7.649966579569345872e-04
7.354595639394124681e-04
7.723396076905099253e-04
8.113579043774707704e-04
9.059625039309456484e-04
1.438024589569911324e-03
9.301549122184163063e-03
1.889011238332164930e-02
1.114915217468919438e-02
2.781698618964009370e-02
1.149798263472170262e-02
1.416287414001916097e-03
1.060462224237939278e-03
1.769997991273367577e-03
7.901330964535522444e-03
7.120580245251140195e-03
1.270654199960216538e-03
8.990429039508250706e-04
1.205218646946197656e-03
4.742013530030351857e-03
5.519012101966906496e-03
1.288385722594460360e-03
8.480231070337981066e-04
9.057153221655044224e-04
2.053560786412333538e-03
2.188440313279882334e-03
1.349872358445295371e-03
6.627636833800036945e-03
1.199871731421781572e-02
3.218763448242916662e-03
1.860783676387099076e-03
1.226268241200695027e-03
8.968973445162430232e-04
9.465941907362498573e-04
1.570637445655826856e-03
2.925132358914471920e-03
1.480785321409043131e-03
8.261126467640956704e-04
7.520873270351691522e-04
7.025131553213798770e-04
7.697940058942155314e-04
8.306836529967827603e-04
7.406091833210853457e-04
7.266463200114622704e-04
7.349283445572899615e-04
7.422354970024516154e-04
7.388236027184877461e-04
7.360627700689654097e-04
7.289840532716589062e-04
7.620734369844955110e-04
1.342177049682203617e-03
2.522784737756563010e-03
1.334640990732123946e-03
8.446855228095558141e-04
8.586923470113313290e-04
9.523403125452043231e-04
1.912140651810397864e-03
8.796381040639627766e-03
7.576594772531195995e-03
1.372727650915211289e-03
8.808433470686920057e-04
7.733433560289453782e-04
7.157843014417382323e-04
6.492030473526361331e-04
6.224048381913659372e-04
6.118567711148631839e-04
6.102036126298089960e-04
6.132862931706791355e-04
6.377195728464112815e-04
6.388346602047132892e-04
5.828180668776410415e-04
6.115467736380862402e-04
6.363039282969375383e-04
5.153696060123560789e-04
4.939365643278110932e-04
4.910688141348328950e-04
5.812797710350403688e-04
1.423976148606940530e-03
6.775396618340175439e-03
5.327925347217789091e-03
9.227813063849331712e-04
6.086632828441041051e-04
1.127185269967035872e-03
1.111899198896988466e-03
4.586875454908444921e-04
3.624457936386442001e-04
3.014589249145221950e-04
2.517487633537174112e-04
2.306206351378374628e-04
2.114836141237308670e-04
1.957547233421291105e-04
1.715076195672331802e-04
2.464504460913954313e-04
3.731698702023558841e-04
1.775442704469683340e-04
9.545704246403091252e-05
7.894197969716664214e-05
6.056902737528717265e-05
5.030303222951215941e-05
4.270333571458823693e-05
3.654728737437961056e-05
3.090056435618321079e-05
2.566891213879971491e-05
2.151386442624521634e-05
1.626950332582791195e-05
1.386095035922344556e-05
1.432961093794992306e-05
5.392112461843096574e-05
1.332031933111361738e-04
4.810421400804134213e-05
8.888966141714354380e-06
6.505155897776926138e-06
7.160833816379714671e-06
3.738024105300454745e-05
8.176691416575012749e-05
2.284624870424780665e-05
2.554281419909993209e-06
1.334027670343289808e-06
8.372374850515472823e-07
6.204500253504134127e-07
4.206731749299859479e-07
2.998861284619501739e-07
2.147822852085763033e-07
1.438417779726071006e-07
1.098371923081350098e-07
7.609519353546072457e-08
4.786509520102985578e-08
3.666188184710929217e-08
7.745804182735109877e-08
1.554703896130041596e-07
5.060675135444551721e-08
9.375569619250920625e-09
5.002740411892877101e-09
3.151045396015110311e-09
2.715055697514364657e-09
2.823964835182978521e-09
1.405597922585678319e-09
7.488917483788862919e-10
5.267776011404364694e-10
3.651153104776467290e-10
2.539116850642421701e-10
1.698238073387099835e-10
1.118462287461202735e-10
7.663614894877890830e-11
5.410697620269700337e-11
4.699054016908724505e-11
3.507554742781814058e-11
1.670290745883056754e-11
9.607805882217348425e-12
6.280520611131117395e-12
4.051537143273460449e-12
2.590887951293467037e-12
1.651208547699648844e-12
1.059164697733915679e-12
6.431281339319026512e-13
4.391934584520513175e-13
3.071575410665735071e-13
1.552189313377039732e-13
8.648158142865351101e-14
5.038762180276020477e-14
2.999929236688351148e-14
1.813101824612555270e-14
1.293031868870306306e-14
9.849371161164648930e-15
8.179264305457000062e-15
7.387365405794497328e-15
6.833324827881016555e-15
6.563138109583864763e-15
6.311308003247940680e-15
6.152955925507630061e-15
6.019751123742403312e-15
5.911347421309765259e-15
5.828034314154697057e-15
5.769530281590930937e-15
5.734524872442002410e-15
