1.752978760485806831e+01
7.721853946093387044e+00
8.369939721597313920e+00
1.292624355381279777e+01
1.902890269919006272e+01
2.520609738834303215e+01
3.161229520454220321e+01
3.874349866044155277e+01
4.360009634834561609e+01
4.599316822415594430e+01
4.467820466984713335e+01
4.146856801189237984e+01
3.836824849999749887e+01
3.368719790617974041e+01
2.998582453847470930e+01
2.694186947519703779e+01
2.460185777335518154e+01
2.190118876980449869e+01
1.979399816423714853e+01
1.764856091731711629e+01
1.631404531695790183e+01
1.428203315613753510e+01
1.328478756688135043e+01
1.247179166232163006e+01
1.128051415523913370e+01
1.059857350067841075e+01
1.004852606809423321e+01
9.338101449692180367e+00
8.311181398068931969e+00
7.679665156581045871e+00
7.316788279446031495e+00
6.982529165057339782e+00
6.674719900688010910e+00
6.226795105979847200e+00
6.100489326878820506e+00
5.694089480604021425e+00
5.184119472516310445e+00
4.930368941122994286e+00
4.740358635806090959e+00
4.453726762121766214e+00
4.273223275610067873e+00
4.147355831204891707e+00
3.938029579337543939e+00
3.654794070268268413e+00
3.497603990988153555e+00
3.423277490851093230e+00
3.224650628296572119e+00
3.194351041401952251e+00
3.100849024244209939e+00
2.982237342684406212e+00
2.916792509917861320e+00
2.897289885910706353e+00
2.681243325884086204e+00
2.538701497256879325e+00
2.530089536561996422e+00
2.429200389558396900e+00
2.319743265572084656e+00
2.267444422742627363e+00
2.293137919499981248e+00
2.175232598905270986e+00
2.126488951634848856e+00
2.098212332281003789e+00
2.067790467695990841e+00
2.008760317302585197e+00
1.965809122242826001e+00
1.925222554733593050e+00
1.838134762657527732e+00
1.813358891824887742e+00
1.747973548073727512e+00
1.678941249957940807e+00
1.630370236769466352e+00
1.592890613609786232e+00
1.561097961943246792e+00
1.562847343371965403e+00
1.543619910711008902e+00
1.530575515442739842e+00
1.478456618176261061e+00
1.398390726298222031e+00
1.353909798565950284e+00
1.374170037016312129e+00
1.365491967292477460e+00
1.297120537964594034e+00
1.283080028081732049e+00
1.300038181877591015e+00
1.285701677343798366e+00
1.245853971642505220e+00
1.183532179423272268e+00
1.164492724766950760e+00
1.150904527656202880e+00
1.171601735024708546e+00
1.154723388674328666e+00
1.102979463306442920e+00
1.090167277413230940e+00
1.098922812003118699e+00
1.091511545450821297e+00
1.072937370585919314e+00
1.033740936910652497e+00
1.016177783003845869e+00
1.031683454915353737e+00
9.951123762950589979e-01
9.979390115575199616e-01
9.894525143579327997e-01
9.672535910946349347e-01
9.835840739418585388e-01
9.666876651686308053e-01
9.636627083451525522e-01
9.662904924609579949e-01
9.562507558706618838e-01
9.455211056643846312e-01
9.487002310437832042e-01
9.550069400377736439e-01
9.295219701160916115e-01
9.001991499803223551e-01
8.926598224618513822e-01
9.244456527008416691e-01
9.126865281581871825e-01
8.953824112473854901e-01
8.844964098492766880e-01
8.928657569123572557e-01
8.875731831110029724e-01
8.463106392646921883e-01
8.519401673756415994e-01
8.670963129094410027e-01
8.603831683616707249e-01
8.335540105316489035e-01
8.096996005430338039e-01
8.044990535158922373e-01
8.004615069171953090e-01
8.148109651600144998e-01
8.392146960612152373e-01
8.193073377138287983e-01
8.113679920105569821e-01
8.138216301986089807e-01
8.148390766035079613e-01
7.994747572002178782e-01
8.151911069013499933e-01
7.858936396371307698e-01
7.888896286567522731e-01
8.063778368329136415e-01
7.983193465153957114e-01
7.916001452030176910e-01
8.054865113038144342e-01
7.981978755665264380e-01
7.958161641701197997e-01
8.267357245253013076e-01
8.009680482776128096e-01
7.867211769960209544e-01
8.011659811212894500e-01
7.857030076341185998e-01
7.827733791518614037e-01
8.155495144505580107e-01
8.092096989641731630e-01
8.306357333484256644e-01
8.211778797287184739e-01
8.344140561258878153e-01
8.282410229502160659e-01
8.193448489568460058e-01
8.330009724987168518e-01
8.544285177159680611e-01
8.634578692351443374e-01
8.648379979611796609e-01
8.467623873475685903e-01
8.429560361185824968e-01
8.707004165854097533e-01
8.841814947722107521e-01
8.635210864856175395e-01
8.534216667756739927e-01
8.774897167460210534e-01
8.761486912146048134e-01
8.999339993518279401e-01
9.308171475876269030e-01
9.244981100109174177e-01
9.097250134019859713e-01
9.185008591425639635e-01
9.246434486269995423e-01
9.366023093034859803e-01
9.787401082615406755e-01
9.983646171006180792e-01
9.856216730524323122e-01
9.737938237444694334e-01
9.972117293633965263e-01
1.025217535421628190e+00
1.015176432099962556e+00
1.033544777602055653e+00
1.049838937991574905e+00
1.066949377315983716e+00
1.049483180641761715e+00
1.066946932983020790e+00
1.110533871920558857e+00
1.114449240293556409e+00
1.149055507875061499e+00
1.167492816699058578e+00
1.198932668689994818e+00
1.247726114287649235e+00
1.235590077558952338e+00
1.254617719583005053e+00
1.272840510937278902e+00
1.279763671059994667e+00
1.318205151854000778e+00
1.336651003746431199e+00
1.363757951527063472e+00
1.405831578330461129e+00
1.453240194317758194e+00
1.504621509512807265e+00
1.502611545334533671e+00
1.549965165709788373e+00
1.613358184540655271e+00
1.675632889455129559e+00
1.664280931886191972e+00
1.713121055835784112e+00
1.754360382517669903e+00
1.789568924539125305e+00
1.875308499140893703e+00
1.940075966741553248e+00
2.038890074451046974e+00
1.989315485564421504e+00
2.074008643667448304e+00
2.136524686840622689e+00
2.268884665655192645e+00
2.349466834845580721e+00
2.417994781919571512e+00
2.563039909147167617e+00
2.675887886445366792e+00
2.821832384766898905e+00
2.835598726152824600e+00
3.021992848025206957e+00
3.186692172360476860e+00
3.403625362883156757e+00
3.538709094128702937e+00
3.589711591593307993e+00
3.754606087277804427e+00
4.022011385863282662e+00
4.370505735024076799e+00
4.543762956561306687e+00
4.942430043081337487e+00
5.224702228298970574e+00
5.598924157835508453e+00
5.875818105631798183e+00
6.412822688555768202e+00
6.978863202568482471e+00
7.482577210765689379e+00
8.118937695617164607e+00
8.886716908219051803e+00
1.006908768545859978e+01
1.101862630034173485e+01
1.212781803685347803e+01
1.350304044799594472e+01
1.500353468328953532e+01
1.730374515596884777e+01
1.957745959651793655e+01
2.391375399721479766e+01
2.828916597439628333e+01
3.289514419763303721e+01
3.965908633270156258e+01
5.040880647559352923e+01
6.415996993089260059e+01
8.973786665180405464e+01
1.332624117360244043e+02
2.043784231010582459e+02
3.640883940075624423e+02
9.718259387892056793e+02
1.426331422423945696e+04
8.251520479154960776e+04
3.897922718326460017e+04
1.609273705224790774e+03
4.504098887290934385e+02
2.143520598446846464e+02
1.322960970014879081e+02
9.237453956667114596e+01
6.453122188222421585e+01
4.666103203735637095e+01
3.661831120069119549e+01
3.014846554703820658e+01
2.451447533862297590e+01
2.027233995236136010e+01
1.713305400441065274e+01
1.484007427087530928e+01
1.293710324540579748e+01
1.117225765801977211e+01
9.591911622059368980e+00
8.817032989759285400e+00
7.646698819231080080e+00
6.921835816456789914e+00
6.201740429688148204e+00
5.541088945849890202e+00
5.035296191965368706e+00
4.642551366650525146e+00
4.220656909962849923e+00
3.892522065489484540e+00
3.621363724864577804e+00
3.364848367556056985e+00
3.125735840436028035e+00
2.995602271061819089e+00
2.803788905466160220e+00
2.568510705290296237e+00
2.388753823456164049e+00
2.280937391495070354e+00
2.099422220869369138e+00
1.922378412806472481e+00
1.813526662666015588e+00
1.736705204663142821e+00
1.622704725060842845e+00
1.552812421884602001e+00
1.450726762000834613e+00
1.388067318938984052e+00
1.302518752004043323e+00
1.267228292375611076e+00
1.220492954637579119e+00
1.140423121018400821e+00
1.101316655969678759e+00
1.032922926890831095e+00
9.815135512968113929e-01
9.641652835110664510e-01
9.150238955923354345e-01
8.502145251160088124e-01
8.192179574053255475e-01
7.947951213497969070e-01
7.783477366086561933e-01
7.526432724886973347e-01
7.091617270165549991e-01
6.639708748947346084e-01
6.516038922206967010e-01
6.327787594489201473e-01
5.990897592657667969e-01
5.825867515079141690e-01
5.656071576807941703e-01
5.295959151051635727e-01
5.210280732421319616e-01
5.015569079621553517e-01
4.872696500269060316e-01
4.568891259879436784e-01
4.478482307577107968e-01
4.527600707434576988e-01
4.394562282393543184e-01
4.224866987022301568e-01
4.131276013485712939e-01
3.963717285147082547e-01
3.790115072095713300e-01
3.672927176891832013e-01
3.559527433090560744e-01
3.446204718660241806e-01
3.340390616566606963e-01
3.252101004295192554e-01
3.246616610731160035e-01
3.163971410246843585e-01
2.976367568045176215e-01
2.867455422936851517e-01
2.766097492062591368e-01
2.742381054825968056e-01
2.747490072221947521e-01
2.721625394290709266e-01
2.572887372361849501e-01
2.452958749804807770e-01
2.380640191929877802e-01
2.381362159471344941e-01
2.366186717152702346e-01
2.284567619677322914e-01
2.239667852928059477e-01
2.254144359060465397e-01
2.157637950832875240e-01
2.098877442521412950e-01
2.023569865984262972e-01
1.992825792936465945e-01
1.990144728122164586e-01
1.904013685163900571e-01
1.860408051305001143e-01
1.830042211126296781e-01
1.792234168033141339e-01
1.799160490604014839e-01
1.757559246962486776e-01
1.675566022887874096e-01
1.634291644404436139e-01
1.596234586071455241e-01
1.613616012540841915e-01
1.540172473145580978e-01
1.507059364695716996e-01
1.489036440964080499e-01
1.435285333885629178e-01
1.403858911800222597e-01
1.378656796453404942e-01
1.350940533992167902e-01
1.370443424671931865e-01
1.340525696274632306e-01
1.276952894797383498e-01
1.246401790097918238e-01
1.248932067259021922e-01
1.235860919266790897e-01
1.202535090084301678e-01
1.171316107547638596e-01
1.174132197310813613e-01
1.164096461147642453e-01
1.116020149867872208e-01
1.078967021462196724e-01
1.069988209492467590e-01
1.037097015091682367e-01
1.043826035488012727e-01
1.001076580397595311e-01
9.827398293509236049e-02
9.714895438125092930e-02
9.354231605886755008e-02
9.163962839369484137e-02
9.124531649736347672e-02
8.777127550263963407e-02
8.616108011768801311e-02
8.424212769230016162e-02
8.069471217401517904e-02
7.995417677355749764e-02
7.660980835624944807e-02
7.763902226213641178e-02
7.624827932678845954e-02
7.242671728054821123e-02
7.238300977484848908e-02
7.185284344944933843e-02
7.100516385587204993e-02
7.477837668286491102e-02
6.858893704249519052e-02
6.329072916586780950e-02
6.528835836406779447e-02
6.508528368262739283e-02
6.096714920244417774e-02
6.043127852906702430e-02
6.093253329662050299e-02
5.982743314929240414e-02
5.967336440023383176e-02
5.898614783412955281e-02
5.740073736629407869e-02
5.849911551219136308e-02
5.826016106226120789e-02
5.840305025001291811e-02
5.780796551386630650e-02
5.824145175274515057e-02
6.030283040849126336e-02
6.190113071684417295e-02
6.281278814340091055e-02
6.464255925720967244e-02
6.593686197906736823e-02
6.836802258490319584e-02
6.981793832755316120e-02
7.238878856629027414e-02
7.536484680236753275e-02
8.327599125759374554e-02
8.830447788648247698e-02
9.143417837594923492e-02
9.647723994777918088e-02
1.045523874825964733e-01
1.092722348446920483e-01
1.167911856905739926e-01
1.300543291206988916e-01
1.454095913843809484e-01
1.623164107929259692e-01
1.721879002325730212e-01
1.920890358782546825e-01
2.133744590345575676e-01
2.333197549371247570e-01
2.600954138186768461e-01
2.978938998993833631e-01
3.358565508904905461e-01
3.820749631448318029e-01
4.486226057917615528e-01
4.895820862841163690e-01
5.663236602741129611e-01
6.667634206253586493e-01
7.848321932358873765e-01
9.300629152247145148e-01
1.087698133717871052e+00
1.294414249414135298e+00
1.544104264625571377e+00
1.836125488440218279e+00
2.154533810705490104e+00
2.492148005363118646e+00
3.021405676099981452e+00
3.790605822851171425e+00
4.620180651554030682e+00
5.874484039137923830e+00
7.324912554274797039e+00
9.205030632946659352e+00
1.140307680559666714e+01
1.392120025939496131e+01
1.761534228790452872e+01
2.284554132229775902e+01
2.960200723916406318e+01
3.842692909318126482e+01
4.955385586089789740e+01
6.575773046328988869e+01
8.938135005062287064e+01
1.195019742502644817e+02
1.657610726783582891e+02
2.246135027789134426e+02
3.047072277251686501e+02
3.890482471982724064e+02
5.300299326989520523e+02
6.118109762518161006e+02
6.791335133201348526e+02
6.191146314037246157e+02
4.751590955865708565e+02
3.322745375546062974e+02
2.061226331660195399e+02
1.214505458820202648e+02
6.961782347533099369e+01
3.936455714097994729e+01
2.273134937882814555e+01
1.482202268421147728e+01
1.097966358751387084e+01
9.402738009972878785e+00
9.073152729425688179e+00
9.058299800007823421e+00
9.239552942716855455e+00
9.427828501123652671e+00
9.615313236519730467e+00
9.763038362068522602e+00
9.871621484766105681e+00
9.937597278965968783e+00
