3.368651337777920068e-05
1.574433202945831772e-04
4.429474251638562503e-03
7.741533344622932022e-02
6.442249340981137662e-01
2.418792042125283537e+00
4.554015621555825177e+00
5.627767150947812880e+00
5.940336827244959039e+00
6.022048477617450324e+00
6.035399379644053930e+00
6.042290286452573156e+00
6.040938232527148344e+00
6.059532624042306637e+00
6.071450579187866126e+00
6.075921257084687888e+00
6.088615470969805266e+00
6.100568909268124784e+00
6.103233043835095906e+00
6.120288452220040476e+00
6.133656137221474403e+00
6.139328594982145226e+00
6.142762021576708698e+00
6.155298250231162172e+00
6.167568243161038133e+00
6.167186695774962146e+00
6.179613990639134968e+00
6.199024885896592174e+00
6.204164060111388324e+00
6.220421546567170168e+00
6.233425485999498861e+00
6.243616426479793979e+00
6.263651062078610110e+00
6.275674122088995333e+00
6.292636661847373247e+00
6.306118806169025426e+00
6.324494120171331168e+00
6.339633719877088680e+00
6.355739918400812982e+00
6.375970285654350533e+00
6.392283592881054410e+00
6.411488505936678628e+00
6.431602234974347354e+00
6.455159091224675905e+00
6.473511330704246447e+00
6.493287338336221737e+00
6.512454653488693346e+00
6.535689208000684758e+00
6.551844215111755076e+00
6.575764894494047219e+00
6.598599029127184323e+00
6.627167755866985921e+00
6.653375523390433699e+00
6.679103169855021171e+00
6.706600830835320437e+00
6.736852520126076271e+00
6.766785800395735073e+00
6.793954916307677117e+00
6.818779578161943355e+00
6.843501368497800996e+00
6.876286090286814812e+00
6.910966372627861176e+00
6.943716108881343274e+00
6.975856532582595193e+00
7.011557895588340195e+00
7.038430507514935819e+00
7.071553474594739264e+00
7.107283584043439184e+00
7.145527449427712341e+00
7.184153958273606477e+00
7.222507942557738758e+00
7.256089099101685314e+00
7.295598581977742469e+00
7.339025676033892331e+00
7.376363349092233790e+00
7.418845948021485448e+00
7.465002249129954137e+00
7.505933378342966478e+00
7.549372408703050041e+00
7.600097877527383083e+00
7.644079239342873144e+00
7.691937440882276711e+00
7.735684717367052876e+00
7.787725127092142152e+00
7.838977468199506582e+00
7.891486879600645210e+00
7.943419778872514492e+00
7.991588440056094811e+00
8.043309376777814990e+00
8.109436563703603440e+00
8.167839300017794457e+00
8.221427673457009533e+00
8.280305984791636931e+00
8.343110999169530473e+00
8.407288668175922908e+00
8.471532608014078036e+00
8.534117415524624661e+00
8.601548161524208425e+00
8.668390127048647642e+00
8.738106033172943654e+00
8.804899808026275920e+00
8.879534147157880142e+00
8.952258868688927507e+00
9.026618606502383457e+00
9.108619227187480405e+00
9.183474459811783674e+00
9.263620895411511569e+00
9.343741261905305961e+00
9.427351118714945244e+00
9.513139850296786548e+00
9.600871900391243940e+00
9.692595784862133357e+00
9.779671597854505904e+00
9.871960365456905251e+00
9.971220937635139947e+00
1.006298622986071933e+01
1.016338486834307986e+01
1.026370241730290367e+01
1.036669822254360795e+01
1.047503524918750450e+01
1.058373353512534365e+01
1.069487211452215902e+01
1.081086205877000417e+01
1.092803656317880190e+01
1.104599460067929684e+01
1.116454551635801451e+01
1.129453685901933824e+01
1.142306324297334008e+01
1.155431244690375792e+01
1.168764649737559935e+01
1.182472914141258080e+01
1.196055841846522583e+01
1.210658053438279858e+01
1.225243699034397693e+01
1.240114437537865122e+01
1.255171171582961342e+01
1.270906847808297790e+01
1.286989536298519177e+01
1.304125289272430166e+01
1.321647777185997619e+01
1.339080284922968822e+01
1.356833027507711442e+01
1.374678890919951435e+01
1.393523594589520975e+01
1.413389820901982930e+01
1.433259431823240604e+01
1.453152578918668780e+01
1.474955443117319476e+01
1.496312063766088229e+01
1.517904771083569493e+01
1.540538743862153837e+01
1.563656476405098594e+01
1.588456033043056514e+01
1.612883145541380969e+01
1.637479630413708875e+01
1.663810664130834027e+01
1.690666800167354822e+01
1.718038630534918809e+01
1.746809010697241149e+01
1.776550854299815896e+01
1.806685369684478815e+01
1.837663678294228475e+01
1.870637607232839983e+01
1.903143172914406378e+01
1.936762875605243650e+01
1.972020710109405073e+01
2.007820786798962587e+01
2.044892547586004738e+01
2.083669707198982124e+01
2.123557621237526050e+01
2.164998017986628298e+01
2.207314443994199138e+01
2.251543565427715166e+01
2.296967804522380519e+01
2.343652350373366744e+01
2.392198665991481832e+01
2.443067065236158086e+01
2.495380038906554532e+01
2.549596099389017922e+01
2.605359679730676348e+01
2.663788903923179774e+01
2.723700304586262178e+01
2.786610948607271609e+01
2.851725246230597932e+01
2.919060578218788038e+01
2.989050867648477094e+01
3.062383520041782958e+01
3.137087691325557159e+01
3.215887063340998253e+01
3.298520325265080544e+01
3.384076358541184248e+01
3.473310124315030123e+01
3.567281272840305917e+01
3.664172473365523075e+01
3.766334457534791369e+01
3.872345047478561497e+01
3.983336758661914700e+01
4.099393385469687701e+01
4.220422236877049471e+01
4.348602926611887654e+01
4.482557031647044710e+01
4.623061664149312122e+01
4.769624659049496529e+01
4.925373836889188084e+01
5.088445330625778240e+01
5.259475126244995380e+01
5.440351518273296705e+01
5.630936519691695707e+01
5.832513139217506648e+01
6.044822373492037570e+01
6.270711583049082094e+01
6.510361338787326702e+01
6.764150461453259311e+01
7.033259765785433615e+01
7.318718766669991282e+01
7.623045933932571927e+01
7.947406234519024792e+01
8.293923685069114526e+01
8.662781647440573352e+01
9.058326827784394197e+01
9.482590696368016836e+01
9.939363758323644049e+01
1.042786442695747837e+02
1.095686319695939375e+02
1.152648133319527943e+02
1.214404897699004948e+02
1.281353709601137894e+02
1.354029264262747745e+02
1.433196042713354927e+02
1.519722880175024784e+02
1.614430716790609779e+02
1.718374546491111232e+02
1.832762838418867659e+02
1.959208023888577372e+02
2.099432977329524874e+02
2.255481451115944367e+02
2.429921452608885772e+02
2.625551962965809594e+02
2.845988849569521904e+02
3.095612361960681937e+02
3.380047152449809005e+02
3.705723847843426029e+02
4.081237542222896764e+02
4.517571365116270385e+02
5.028246298964235734e+02
5.630913323117977143e+02
6.350557018784674028e+02
7.216308882483069738e+02
8.275868962387238525e+02
9.587085111839207912e+02
1.123828131059168754e+03
1.336050113839408141e+03
1.614638281279684861e+03
1.991489356804159115e+03
2.518537773993482915e+03
3.288843153705623536e+03
4.480706888952175177e+03
6.478422213789920534e+03
1.024438067533939102e+04
1.893497593251316721e+04
5.079709169387882866e+04
7.280826246446105652e+05
4.295978871656989679e+06
2.142956052367580589e+06
8.729810048929865297e+04
2.376859209694468882e+04
1.192541755505546826e+04
7.277245548278361639e+03
4.926083652509881176e+03
3.562947385234729609e+03
2.699047620619264762e+03
2.116639001862974965e+03
1.704893131875598328e+03
1.403049718464971875e+03
1.174860338147071161e+03
9.984036032756367831e+02
8.590534138813857226e+02
7.468997423991371534e+02
6.556386661797778288e+02
5.800012512549208168e+02
5.169195275312998774e+02
4.635704184723713297e+02
4.180915661480918857e+02
3.790258025291528270e+02
3.452384243056365563e+02
3.157816939907085043e+02
2.899724314237748217e+02
2.672351799198459616e+02
2.470491372596412418e+02
2.291082972268683022e+02
2.131014941091952153e+02
1.986663975634837698e+02
1.857045691480861933e+02
1.739865165332332424e+02
1.633137628211249819e+02
1.536151672307367164e+02
1.447712225366723260e+02
1.366865249829323545e+02
1.292750521325425268e+02
1.224552575489741173e+02
1.161641245348953504e+02
1.103650912719247259e+02
1.049842768078023312e+02
1.000074586916727810e+02
9.536759820689694322e+01
9.106595552156721851e+01
8.703547972279557143e+01
8.327598439984882361e+01
7.977374866386213625e+01
7.648890843557373387e+01
7.340409508677107908e+01
7.051051316764335297e+01
6.789493647799962162e+01
6.538814455582465257e+01
6.283264683479148260e+01
6.052507777101543951e+01
5.838113334828468481e+01
5.634753861805393171e+01
5.441493850572192059e+01
5.259283123901080614e+01
5.085346641445784144e+01
4.920532326283583302e+01
4.764013142063886619e+01
4.616746329635743962e+01
4.474428575389066509e+01
4.339891955470051244e+01
4.211860533339550017e+01
4.089558204798004937e+01
3.972073143359084924e+01
3.860072499134893320e+01
3.752823109875177465e+01
3.649699441369723729e+01
3.552298119386726682e+01
3.458400706773173994e+01
3.369506789240524824e+01
3.284458533024107396e+01
3.201401933410524236e+01
3.121602513955887304e+01
3.045580727137416943e+01
2.973090894767356218e+01
2.901580548522983349e+01
2.833717657065547613e+01
2.768622531915705309e+01
2.706641309625180014e+01
2.646895732614005325e+01
2.587113854760961829e+01
2.530009821229245048e+01
2.475617693681109088e+01
2.423281154754853617e+01
2.373080820320639361e+01
2.324847360049803413e+01
2.277188353328223513e+01
2.231842911048449096e+01
2.187514952583712002e+01
2.143994842658047162e+01
2.102504030138436164e+01
2.062998707790596953e+01
2.024303328018318027e+01
1.987015233670293668e+01
1.950612476572068488e+01
1.914569301146118363e+01
1.880410436675012420e+01
1.848331174285218736e+01
1.818621915490182417e+01
1.781561617633226291e+01
1.749605189162556940e+01
1.719994858097644652e+01
1.691917464988916464e+01
1.663733696800170492e+01
1.635956273284588036e+01
1.609499435532798017e+01
1.582996398545202155e+01
1.557656342843389119e+01
1.533105161272806249e+01
1.509105935928227993e+01
1.483762973026222021e+01
1.460362779482449724e+01
1.437998683625990992e+01
1.415601165197177558e+01
1.393485604921155208e+01
1.371004094308468524e+01
1.350349334961323677e+01
1.330034069236359429e+01
1.309205165170494745e+01
1.288267485012420543e+01
1.268440465842668274e+01
1.248849111879526674e+01
1.228636944904155470e+01
1.208747450908150789e+01
1.189401583201670931e+01
1.169828424255447352e+01
1.150721528619441614e+01
1.131757673714941603e+01
1.112179036469884963e+01
1.092233749784822194e+01
1.072977507628086613e+01
1.052459602495681601e+01
1.032271433494245372e+01
1.011740807566401301e+01
9.909856402954304144e+00
9.699285391613516438e+00
9.480905191524048092e+00
9.266428650414178847e+00
9.042616095513304586e+00
8.803618077089623739e+00
8.571295887676191327e+00
8.330666006458754325e+00
8.082315161565327699e+00
7.829146206679003406e+00
7.569259670567952014e+00
7.304712621450065058e+00
7.033438923638937190e+00
6.755921947853601672e+00
6.510689795863905616e+00
6.306750362096613216e+00
5.919222424495713675e+00
5.582842354234982096e+00
5.283352537548617889e+00
4.984496055907529311e+00
4.685470387646941681e+00
4.388369310858693417e+00
4.092812567107492860e+00
3.805369259615452027e+00
3.524757592093439751e+00
3.248496533570779388e+00
2.983851077166075338e+00
2.730791831163230654e+00
2.488386560582765306e+00
2.258465841791952311e+00
2.041050766767898317e+00
1.838661066822879109e+00
1.650268913242388669e+00
1.475301734884720384e+00
1.314290301033944397e+00
1.166397056426507373e+00
1.032019615735136231e+00
9.096106050932812881e-01
7.994455351026419354e-01
7.004835429126979873e-01
6.118007942778125319e-01
5.326510137337679973e-01
4.623095724448628152e-01
4.003717227228265618e-01
3.455403672056549524e-01
2.973976938973063588e-01
2.551954760297563407e-01
2.186884286522512710e-01
1.870416511434984663e-01
1.590679917495330942e-01
1.350527662514291183e-01
1.143143322094535425e-01
9.650120785656628175e-02
8.125329390965142784e-02
6.822052207892248532e-02
5.708726447161453776e-02
4.763230751909742350e-02
3.963039572337011957e-02
3.286249942056221340e-02
2.715846581507475738e-02
2.237121877019725147e-02
1.836159495881958814e-02
1.502010074839974299e-02
1.223531854943549040e-02
9.929892573430585193e-03
8.027664702623346984e-03
6.466107200924002714e-03
5.183558828434528878e-03
4.132483369498301910e-03
3.280848456873212277e-03
2.591660804257312194e-03
2.036578301121282682e-03
1.591571668343355010e-03
1.236706426639314549e-03
9.550369776302465412e-04
7.328916648842930762e-04
5.586355749361334583e-04
4.227859307570672426e-04
3.175588367814119136e-04
2.367390556903313861e-04
1.747274023629624294e-04
1.281279169242220575e-04
9.290480840717089310e-05
6.666677463880140223e-05
4.740000468884036705e-05
3.323878444032639189e-05
2.309002967848232542e-05
1.577276764821723722e-05
1.064054269419338450e-05
7.066148197716017509e-06
4.615059434120198309e-06
2.956501211446492914e-06
1.858077335331095326e-06
1.143017431247052960e-06
6.866209417189068945e-07
4.027138223750935372e-07
2.289585846484359667e-07
1.274717120641577751e-07
6.880085605209193288e-08
3.661415176521622632e-08
1.943386143918636730e-08
1.077506928976275430e-08
6.577261083591849773e-09
4.750039015659189458e-09
3.898696428648453269e-09
3.610434881322809178e-09
3.482636012382727763e-09
3.436948868433558497e-09
3.417796998494841272e-09
3.404999745623146309e-09
3.396733337328161234e-09
3.390939355344370176e-09
3.387462446091382347e-09
