1.012448291936597577e+00
1.221774266251943519e+00
1.207961784885341672e+00
1.152839369840320094e+00
1.090065894060640694e+00
9.733014817954015463e-01
8.175620446115461348e-01
7.005343602200413411e-01
5.547890112373216054e-01
3.989134094862453184e-01
2.829566753587240968e-01
2.030516909674379422e-01
1.419551169488336984e-01
9.492493086951656056e-02
6.891658758813377916e-02
5.252203097477100430e-02
3.833545070450310871e-02
2.977128114496973080e-02
2.446739323575648078e-02
1.939891504932977559e-02
1.678614719176364095e-02
1.424867847882143983e-02
1.223132398594196750e-02
1.075687637209854323e-02
9.608186072995067786e-03
8.465810443318290759e-03
7.561023085789434633e-03
7.176250839329021552e-03
6.530999393544883319e-03
6.062051367962028627e-03
5.812009022007337718e-03
5.757390048556168018e-03
5.625362030472645311e-03
5.359160013774143250e-03
5.129566093782526350e-03
4.982828607891021284e-03
4.626384130175592406e-03
4.539915543700141602e-03
4.668875238660222943e-03
4.816310397404079124e-03
5.006008776314857175e-03
5.455494545067919587e-03
6.057198965198754004e-03
6.377115116292330840e-03
7.065038331295336697e-03
8.303670069709471677e-03
9.947740933126189219e-03
1.407149677133998251e-02
2.152869913301836205e-02
4.371989707927168706e-02
1.877941012762028294e-01
7.480513048488981021e+00
1.306162800519163056e+02
1.077818308807815697e+02
3.516694788847352537e+00
1.229318567869179674e-01
2.997011456545797814e-02
1.441266517548767633e-02
9.159242037005613582e-03
6.212712062630124620e-03
4.529417177684133024e-03
3.667218369315197214e-03
3.008576235052750486e-03
2.469771144553831090e-03
2.105184071753361894e-03
1.789667671396485060e-03
1.546713878191405787e-03
1.395115964792976136e-03
1.168191274938572841e-03
1.042816960230947285e-03
9.640610183261421424e-04
9.175734383332933598e-04
8.296611398841673840e-04
7.743550278985249702e-04
7.344374368243251948e-04
6.571128038891407537e-04
6.097942788507239613e-04
5.442080257753491041e-04
4.977927210016163144e-04
4.909411912091102325e-04
4.850799236922998621e-04
4.516440389107255677e-04
4.322137066611645112e-04
4.032008534987759833e-04
3.850066982292806202e-04
3.927042319883250476e-04
3.654044978372503736e-04
3.336661531237284728e-04
3.334031599074023348e-04
3.153067503257226756e-04
2.858970132971226977e-04
2.796951380779925055e-04
2.779796329770332312e-04
2.608110581906360192e-04
2.588722513940855592e-04
2.540131194457085685e-04
2.352260360026557184e-04
2.198471789716162112e-04
2.276747755973237270e-04
2.248293070714108455e-04
2.132154697954241856e-04
2.012231027691639142e-04
1.945989794831848633e-04
2.085094963062492231e-04
2.014103172623245232e-04
1.983867559466041906e-04
1.895122797546715742e-04
1.795004553182205447e-04
1.744469424689475058e-04
1.681710331705686950e-04
1.751779051539781036e-04
1.669797147034195899e-04
1.571947089569247823e-04
1.586824107837696263e-04
1.608782096137536415e-04
1.535949817946301939e-04
1.504754507329758302e-04
1.423022807948642692e-04
1.439066063591513533e-04
1.392384154473519733e-04
1.325742908097369904e-04
1.259506650033331333e-04
1.186300566122894219e-04
1.190300410138145002e-04
1.128260102638086631e-04
1.115139735719063759e-04
1.086694565966130028e-04
1.081379726487486232e-04
1.303883375049875526e-04
1.162277447307856498e-04
1.017607425987857554e-04
1.004256672226929098e-04
1.010597836561172481e-04
9.895647405732862221e-05
9.451038396514661205e-05
9.704292410248440467e-05
9.404701610472206434e-05
9.214758275509672561e-05
9.486619558838836326e-05
8.963883128846189270e-05
8.740372370780573612e-05
8.568859834961646007e-05
8.212526997732676691e-05
8.060806617172093275e-05
8.535395857611466472e-05
7.820979940464763071e-05
7.315153423491022109e-05
7.221385046442975041e-05
7.049521732156331438e-05
6.973902138466914560e-05
7.614543265263695325e-05
7.631917860501868597e-05
7.536373597739640736e-05
6.914356900171439641e-05
6.784970155317440689e-05
6.399905947158513570e-05
6.962112294619416275e-05
1.152345128029908818e-04
9.852634825176654742e-05
6.438085212207836014e-05
6.290134578129560460e-05
5.630998842919906361e-05
5.599955683365017697e-05
6.017568697917156651e-05
5.956756177091560066e-05
5.560460359230775911e-05
5.417291956378024703e-05
5.395003570700618946e-05
5.372549637764590063e-05
5.494861237627628457e-05
5.485685950498989051e-05
5.381858748539348857e-05
5.051070494260230759e-05
5.185551137208760299e-05
4.804192217117903479e-05
4.977669882680285467e-05
5.070255807856350168e-05
5.152106639443390645e-05
5.001143698392060568e-05
5.099365645422068510e-05
5.228263356130730431e-05
5.235507200357709430e-05
4.658534245566383128e-05
4.641059648236662351e-05
4.646324254320097631e-05
4.657006888549110503e-05
4.637687944624472810e-05
4.673618292219753863e-05
4.733417187573314645e-05
4.634834578758879962e-05
4.531023266030266328e-05
4.320566943923661289e-05
4.529181096356421610e-05
4.479819488259250614e-05
4.368543658320058718e-05
4.371379220266286437e-05
4.344075358861618241e-05
3.984172437635962263e-05
3.998582799383478854e-05
3.960912548123985978e-05
3.987189356625649508e-05
4.075783078636848150e-05
3.883866247678328644e-05
4.004522874993002258e-05
4.370283489679141400e-05
3.994701594200885080e-05
3.664647414293305353e-05
3.568747345780406196e-05
3.591670472160494418e-05
3.599175695505107747e-05
3.556174659197970677e-05
3.490708604968954624e-05
3.540110928914314676e-05
3.503866879787180511e-05
3.764255402941525728e-05
3.302898878302362853e-05
3.296458993564245574e-05
3.363635285835227956e-05
3.550830440821301192e-05
3.513525862593559008e-05
3.685282331409654423e-05
6.080836639025630777e-05
6.530931698927026246e-05
3.685983233739252498e-05
3.269491394116884141e-05
3.103261163074652151e-05
2.979680519883636913e-05
3.105005911586974725e-05
3.196704620287839729e-05
3.025749844460283108e-05
3.004246443237232569e-05
3.046114857307531261e-05
2.982725865322640821e-05
2.926318380537449619e-05
2.899318276900850690e-05
2.841791563572229498e-05
2.769558127356149872e-05
2.690005068349763789e-05
2.735369535589212277e-05
2.893501556031431493e-05
2.971167164747182173e-05
4.580098375226927034e-05
5.443379755396279227e-05
3.175683441915887564e-05
2.698134008686858343e-05
2.636972726070135547e-05
2.544069824545872307e-05
2.508196738154651740e-05
2.541114981275174721e-05
2.466932134443495882e-05
2.687757644271330238e-05
3.025858232321908148e-05
2.550338899318513582e-05
2.368604991156031080e-05
2.654735850389066198e-05
3.032227740570407864e-05
2.705878440283990006e-05
2.525602938617140027e-05
2.451673517639113605e-05
2.519858556060591205e-05
2.598452428501370572e-05
3.130492310101744269e-05
5.628273201037188784e-05
3.757397033763482835e-05
2.579272016212108554e-05
2.463412237929219772e-05
2.293253273194954052e-05
2.277324766795012378e-05
2.306989393193026165e-05
2.199091470220808887e-05
2.157032321911854186e-05
2.226868644229214217e-05
2.173299609227852976e-05
2.214045440373046164e-05
2.147767764538826668e-05
2.119833058253864789e-05
2.256917231455059851e-05
2.286211618409894814e-05
2.234387333326036374e-05
2.188172412899753750e-05
2.225456478724086121e-05
2.200134365427362204e-05
2.019546287590595523e-05
1.992642129971661168e-05
2.029424050080222192e-05
2.049669842595312075e-05
2.111618235610691874e-05
2.058898020829686803e-05
2.119250447177817995e-05
2.082351293529763361e-05
2.077037530968284357e-05
1.960360260303905419e-05
2.032092382424888934e-05
2.093247203717221028e-05
2.031093867467622632e-05
1.960287514718234218e-05
2.069730313055480843e-05
1.963487855260807305e-05
1.951100600761919668e-05
2.009895091926594009e-05
2.039508641372246101e-05
2.601530117904623181e-05
3.656661078262038494e-05
2.331402519040342739e-05
2.295574352689612867e-05
5.193379247465675070e-05
5.523981256449288880e-05
2.176462854228920028e-05
1.855996912141158207e-05
1.954790000638751915e-05
1.838916824803275737e-05
1.756572002444041565e-05
1.849114892551638538e-05
1.857571973402470593e-05
2.629144329288514973e-05
3.048340316351671377e-05
1.923766208134151229e-05
1.783887400914585024e-05
1.807999332652660742e-05
1.787921514707108709e-05
1.822355174223963236e-05
1.805417389106158451e-05
1.697355592027028205e-05
1.788223012617448020e-05
1.835335712252206749e-05
1.750128930279263987e-05
1.682237382751449893e-05
1.672993308192413978e-05
1.600499322563417903e-05
1.632197303406620831e-05
1.586725133403385884e-05
1.607205591131992062e-05
1.651939100724511509e-05
1.700656884074503195e-05
1.658873659879742061e-05
1.635706872946390895e-05
1.621523438244924656e-05
1.589932101661422549e-05
1.618476882842392520e-05
1.571773010703363010e-05
1.685339606967339914e-05
1.662872509309239435e-05
1.667222305544119882e-05
1.692624801694062706e-05
1.709487027706323278e-05
1.569167118530671743e-05
1.673579702364921584e-05
1.697524315950280646e-05
1.677823427945558776e-05
1.800234480412955866e-05
2.730057709682509639e-05
1.154323598903562743e-04
1.240914942461770814e-04
3.167069609881579596e-05
1.929489081435349103e-05
3.740322960428218887e-05
9.592506218437783262e-05
4.918156939116198893e-05
1.836453364857260970e-05
1.665432457838159422e-05
1.726680837371696785e-05
1.991796690276097793e-05
2.041000771236109720e-05
1.712090602800444449e-05
1.632118537782278780e-05
1.930080784299061710e-05
6.918149536603962447e-05
2.082850665756330838e-04
8.992205391482193148e-05
2.055908007200513889e-05
1.665331931561946584e-05
1.697941712396247420e-05
1.646048261227260932e-05
1.588033416407060451e-05
1.467688703143090017e-05
1.462347769119010502e-05
1.408721821433353764e-05
1.457182534834978736e-05
1.507512169567769700e-05
1.445847673036843457e-05
1.391195028674713243e-05
1.384951375250471140e-05
1.405918973128165552e-05
1.382652896260203324e-05
1.311886318737898314e-05
1.275969179450203016e-05
1.361909745643320045e-05
1.356097817440199090e-05
1.363960485153514922e-05
1.382269729615356470e-05
1.447495592249777362e-05
1.433751087946223575e-05
1.389653448774576350e-05
1.377467187933296926e-05
1.285264230895670183e-05
1.359393506623846045e-05
1.314527409678190311e-05
1.395839233234961431e-05
1.344291027421222609e-05
1.292524194147853712e-05
1.279757145671699040e-05
1.286812532686791004e-05
1.529971939247062280e-05
2.441955967772599289e-05
1.680870758047104145e-05
1.282621770330807400e-05
2.186296319517999550e-05
2.648348218089149111e-05
1.418963262966273737e-05
1.184341378058111668e-05
1.052694543594716381e-05
1.008719067674672753e-05
1.013337988877500479e-05
1.121738717791087289e-05
1.302349598156439800e-05
1.099733402548946626e-05
9.853238827941424054e-06
1.007133696923059222e-05
1.099134447547818714e-05
1.918514430570888570e-05
1.898895945870766882e-05
1.077165281980249742e-05
9.453758533880281793e-06
8.862173299893481119e-06
8.094639702956809045e-06
7.389182459064599307e-06
7.574874979770041115e-06
7.525594545461055710e-06
7.158649258402204401e-06
6.888565969812148005e-06
7.009668691422460247e-06
7.002840175470473272e-06
6.921027581077610548e-06
6.735637241437879855e-06
6.598129537207896062e-06
6.489492822619687488e-06
6.124062983846218553e-06
5.888294264431478971e-06
5.811044209038759906e-06
5.481139321156874462e-06
5.791876914261389585e-06
5.351406728980861581e-06
5.313370764541815699e-06
5.690195711092779295e-06
5.667311277941736389e-06
5.744876721627388396e-06
5.833038541024619688e-06
5.963367111176821692e-06
6.221538234135146704e-06
6.529606827694202382e-06
6.136293628080427667e-06
5.649746993015482903e-06
6.834056367527812635e-06
1.671678393623927828e-05
2.535728212553151544e-05
1.048601371224321348e-05
8.929161435940311567e-06
2.059384083130083695e-05
1.888600361559694582e-05
7.667409047815907825e-06
7.009731862299157373e-06
6.966400427640264454e-06
7.156672394292596562e-06
7.709926942081819337e-06
7.642508840640152749e-06
7.936908564760037922e-06
8.720659844972270813e-06
9.286148507707589941e-06
9.944247835320493126e-06
1.063628537255204865e-05
1.159883754143338476e-05
1.321218358653614546e-05
1.504894481684320179e-05
1.812718697526305596e-05
2.148163566991462785e-05
2.578432843520765235e-05
3.115639951598966526e-05
3.704334267503680845e-05
4.487761006905745042e-05
5.590342132155731687e-05
7.106189921042496834e-05
9.100966203147047896e-05
1.149436538248562627e-04
1.534595606896629069e-04
2.048141281927850490e-04
2.652123558991082201e-04
3.679215655603904609e-04
4.987684014744357469e-04
6.758935262673924048e-04
8.505818728441192408e-04
1.156541504430868682e-03
1.336182071205877777e-03
1.483997072057350675e-03
1.341625709794861711e-03
1.040682083842656581e-03
7.211128576129956919e-04
4.472297470132768080e-04
2.641446029364949042e-04
1.510437743673499029e-04
8.280787979048397703e-05
4.732803769899106245e-05
2.786529207177708113e-05
2.088862044197572704e-05
1.588070044888385875e-05
1.469280900506241501e-05
1.421859657704100940e-05
1.413592073700515567e-05
1.421865624051947048e-05
1.424367050501692683e-05
1.431184001809675745e-05
1.435106686929564214e-05
1.437576264017834837e-05
