8.931928085775682291e+01
3.628898156806397424e+01
4.021633613156393494e+01
6.533254243101855252e+01
1.003512252196971986e+02
1.346790210883249017e+02
1.738162527819502259e+02
2.176519823392748947e+02
2.497879302929745506e+02
2.658029029131493530e+02
2.584943969044202277e+02
2.410959222850485446e+02
2.240410958893238558e+02
1.964749829725536756e+02
1.756022412982241008e+02
1.574607761426624961e+02
1.435242650595092186e+02
1.277826144114689271e+02
1.153607547564928240e+02
1.027202758183860993e+02
9.478606833065400394e+01
8.327091197887376950e+01
7.787475573981107857e+01
7.286420405046482074e+01
6.574138389772616620e+01
6.181846319448072080e+01
5.849872561210362676e+01
5.444880596904019399e+01
4.855314293345301024e+01
4.484367409522256764e+01
4.275588879190529212e+01
4.074914851911310620e+01
3.893933771844654501e+01
3.631707556284544580e+01
3.556078797897854571e+01
3.316460318448150701e+01
3.022975894983797218e+01
2.879683841143822676e+01
2.766711377685525264e+01
2.598211736990479181e+01
2.495437013698418127e+01
2.422010354373682617e+01
2.296533715943845877e+01
2.131635494253837848e+01
2.038741625690519044e+01
1.997356278579768230e+01
1.879730997143951754e+01
1.861900748316712750e+01
1.807153397972669850e+01
1.738347531578855509e+01
1.700515763842739148e+01
1.687951756509506041e+01
1.560565052537469555e+01
1.479593128504180477e+01
1.473525935567041500e+01
1.413767576604073639e+01
1.351198889190565033e+01
1.319626646683739324e+01
1.334198658088386580e+01
1.267012877596203246e+01
1.238807771334751173e+01
1.221784885132987775e+01
1.204586904578958340e+01
1.170355499263139087e+01
1.144325429074020306e+01
1.120154788778488175e+01
1.069507689187427424e+01
1.054721406360983238e+01
1.016517415013234249e+01
9.786266408251751869e+00
9.494860456560873629e+00
9.267201507404768890e+00
9.078035147682836481e+00
9.081950917813051305e+00
8.966788892164244018e+00
8.896317779685944060e+00
8.595366407548970855e+00
8.134692489784756120e+00
7.873099087902927451e+00
7.981273073985629907e+00
7.940667742759363712e+00
7.542468918312077442e+00
7.458751532410770047e+00
7.547961769190832726e+00
7.470879253992150915e+00
7.242589157079239115e+00
6.872471335917535562e+00
6.762726980487722805e+00
6.677575096856543269e+00
6.803688443661306984e+00
6.705107409640695515e+00
6.399308533230767537e+00
6.328630572251695341e+00
6.379419007262336017e+00
6.336172992089162292e+00
6.220488086663594096e+00
5.992190256073526733e+00
5.895355713568642742e+00
5.982827093861996737e+00
5.776733748569887084e+00
5.784257019411588985e+00
5.732407802214980030e+00
5.605508385675916472e+00
5.702492111273389952e+00
5.608230591223432704e+00
5.582115483363859099e+00
5.592259694861898112e+00
5.532156530390408555e+00
5.468851560160249647e+00
5.491630921842718394e+00
5.531932014356815586e+00
5.377725597051962403e+00
5.206135587785042595e+00
5.159375321769680056e+00
5.344731428853846111e+00
5.274964513904477847e+00
5.172283030249632318e+00
5.111456458126010460e+00
5.161427990235267771e+00
5.128472962014774872e+00
4.891900924773719517e+00
4.923532080030134317e+00
5.009718845155087585e+00
4.973743698009910119e+00
4.814293463090989711e+00
4.674538882098071113e+00
4.643904188445093340e+00
4.616937438961715046e+00
4.696018255587139478e+00
4.835838518882598080e+00
4.725267542762370709e+00
4.677872601423938015e+00
4.689570879790543323e+00
4.697241061954196439e+00
4.607646238615789258e+00
4.697110383968491121e+00
4.529059884615371345e+00
4.546464797018959558e+00
4.642814707955684739e+00
4.599518934443479701e+00
4.560541188196484796e+00
4.635370509765681213e+00
4.593055063936962945e+00
4.577773934065477057e+00
4.750321896652099696e+00
4.605336198329249342e+00
4.523218605015308924e+00
4.606133119258055686e+00
4.516500278661787604e+00
4.498697558472591673e+00
4.684333061120112163e+00
4.646865751396823896e+00
4.767799914008929996e+00
4.715489413811496000e+00
4.789986832087778978e+00
4.750880698416137804e+00
4.699486748716387829e+00
4.773969483127215696e+00
4.901615098183939701e+00
4.954711078948436764e+00
4.958998132841099249e+00
4.850526580804338295e+00
4.825205036456437391e+00
4.985691779370818644e+00
5.065144641843041029e+00
4.946806400878979382e+00
4.887844414001835780e+00
5.020745923048875348e+00
5.011436831882845944e+00
5.147667476624969041e+00
5.320962776384319248e+00
5.286550541994643027e+00
5.200025522217748275e+00
5.246638701987080822e+00
5.280291499440785685e+00
5.349700186048597317e+00
5.590173786786109211e+00
5.702833886424126142e+00
5.622660842617700716e+00
5.555539899355272482e+00
5.688832169909887604e+00
5.846851047445468907e+00
5.790964468432244772e+00
5.893460418730301242e+00
5.984350550490079357e+00
6.079818335770397653e+00
5.978461726749107363e+00
6.075418890348156964e+00
6.323063318665926857e+00
6.346354948765621451e+00
6.541010813863865181e+00
6.643656096027482860e+00
6.818655957514699217e+00
7.092040613742828903e+00
7.019379402895686404e+00
7.129701333482877601e+00
7.235176785734124927e+00
7.270498053281163386e+00
7.488097697876713532e+00
7.590683783710925780e+00
7.742587657479558239e+00
7.982637843951006396e+00
8.241387425023194879e+00
8.531048082658106324e+00
8.514904680344841381e+00
8.783995268940277157e+00
9.143445494713443367e+00
9.495229394743018858e+00
9.429615672609919841e+00
9.701786577407174761e+00
9.932888492375900213e+00
1.012848465382268870e+01
1.061124187968021815e+01
1.097571837218123747e+01
1.153765413821079910e+01
1.125423318895923153e+01
1.172547094498552589e+01
1.207272963740301641e+01
1.281851374405476562e+01
1.327332332093733669e+01
1.365772096989978124e+01
1.446824626871349118e+01
1.510078886498036965e+01
1.592474139487815421e+01
1.599743759213285799e+01
1.704049206978354292e+01
1.796527155429082256e+01
1.918554564681654284e+01
1.994061441123965039e+01
2.022374255595743975e+01
2.114702061082060780e+01
2.264727981798046130e+01
2.459903366258711799e+01
2.556729465172961113e+01
2.780609596848112020e+01
2.938782931467484971e+01
3.148007718274353905e+01
3.302233955386912356e+01
3.603632078098279123e+01
3.920658343602330120e+01
4.202366345506889189e+01
4.559073752629746679e+01
4.988822238046334689e+01
5.650029646455219989e+01
6.180790258619675370e+01
6.802344549088313386e+01
7.570575670730072204e+01
8.412786069938404410e+01
9.695584839422733126e+01
1.096692167134859943e+02
1.339637369420320852e+02
1.583742083764944368e+02
1.841225815421902325e+02
2.219391055231943710e+02
2.820036326866414242e+02
3.588398538489402654e+02
5.017748957853802381e+02
7.447522625904628057e+02
1.141779372971832572e+03
2.032848352173191415e+03
5.455769174214579834e+03
7.628699979068196262e+04
4.414820434103381122e+05
2.105289531365365547e+05
9.013911164836825265e+03
2.508208940149796490e+03
1.194148088125029062e+03
7.372345952898585892e+02
5.147716666059500312e+02
3.595088954635881464e+02
2.598806715019345575e+02
2.038812378788146873e+02
1.677905937114372819e+02
1.364109281591151728e+02
1.127992341609806459e+02
9.527733314784913432e+01
8.250643481520671685e+01
7.192431550293925113e+01
6.208144497556924790e+01
5.329704468264807815e+01
4.896189550498971954e+01
4.245233911849833675e+01
3.842025315272532282e+01
3.441384137997751225e+01
3.073404823267562236e+01
2.792755246203472197e+01
2.574203364653102000e+01
2.339711874112060030e+01
2.157315375510774302e+01
2.006220509480033343e+01
1.863676457049727375e+01
1.730712487117232001e+01
1.657898908975203511e+01
1.551509703989273881e+01
1.421072178239640138e+01
1.321006462372988821e+01
1.261062098528284281e+01
1.160538921215644592e+01
1.062445967083742104e+01
1.002095060339138044e+01
9.590547611797763494e+00
8.957979191999195123e+00
8.572095820794004339e+00
8.006223092504219707e+00
7.656720078623236780e+00
7.182022327377581838e+00
6.987118931840382352e+00
6.726923876258884327e+00
6.283801907095895700e+00
6.067471372800948615e+00
5.688280233287124510e+00
5.403368709562500705e+00
5.297297668615334132e+00
5.016842185341081617e+00
4.673860389296441653e+00
4.506669377076070404e+00
4.372178498275341774e+00
4.280487605362958803e+00
4.136221850716232495e+00
3.896529669548619346e+00
3.646863885236704572e+00
3.577387424797283000e+00
3.472079316595617637e+00
3.289324279932920092e+00
3.195037573278782794e+00
3.102413972941312270e+00
2.904806243582657377e+00
2.856533650545144187e+00
2.750327696517618659e+00
2.671425028690185943e+00
2.503658825875502814e+00
2.453097220458689609e+00
2.480240288946249372e+00
2.405867430853612099e+00
2.311440474037195436e+00
2.259645436343064695e+00
2.167882139079198023e+00
2.072103531983803926e+00
2.007267307814259549e+00
1.945225192085028976e+00
1.883230199948744188e+00
1.824588656703931777e+00
1.775555403313983982e+00
1.771981475385909111e+00
1.726659137183465864e+00
1.625464760329962788e+00
1.566531907403929669e+00
1.510014450133380537e+00
1.495860001218958679e+00
1.497669466607869593e+00
1.482755656746488571e+00
1.401184062460066881e+00
1.335952823331073569e+00
1.296627237911161412e+00
1.296278210366126338e+00
1.288141529350346426e+00
1.243109203956673348e+00
1.218513922492568069e+00
1.227223486010964759e+00
1.174039199876568684e+00
1.140708759385301585e+00
1.099257003523594012e+00
1.080769135165426942e+00
1.076932312186006380e+00
1.031809781509545942e+00
1.009845668736594426e+00
9.935251801267365179e-01
9.728569840804620616e-01
9.759876945561065664e-01
9.539802055002836179e-01
9.094631850826209174e-01
8.868736871014428758e-01
8.657689421190646328e-01
8.747686247074066834e-01
8.351644432631356585e-01
8.169082089111598943e-01
8.071267602685796572e-01
7.781137128475681397e-01
7.605598074268659081e-01
7.462620289468179235e-01
7.311148150038587756e-01
7.420449484383396799e-01
7.250658222189697577e-01
6.907712667819080332e-01
6.741896732575604068e-01
6.753573492116662358e-01
6.682949777502641409e-01
6.502047039346302570e-01
6.330289091182071948e-01
6.346575744000444441e-01
6.287951568869742935e-01
6.024595029322858952e-01
5.825588844667726196e-01
5.775730855598600888e-01
5.599831179296544947e-01
5.631727473454671840e-01
5.395354984640456930e-01
5.297560142896758917e-01
5.239812838964081898e-01
5.041527898049839029e-01
4.938514266106190376e-01
4.916040621828391410e-01
4.729298222692301934e-01
4.641701229524181627e-01
4.534424568424192392e-01
4.343094454781269986e-01
4.300439030046872002e-01
4.114182731011639671e-01
4.170959266233582041e-01
4.099048982766402283e-01
3.892445961497544293e-01
3.889341197340723810e-01
3.858663266814041370e-01
3.765075552681468318e-01
3.858917576034016639e-01
3.632302024617583003e-01
3.395505609015097570e-01
3.503471461496148187e-01
3.494063197433933121e-01
3.273539925736665412e-01
3.247744459803835748e-01
3.276451830691292644e-01
3.210308387843732736e-01
3.204797758305202304e-01
3.166242695617527136e-01
3.082434944684740441e-01
3.138639479254135001e-01
3.124198524503112306e-01
3.131957851584308283e-01
3.097500500773758825e-01
3.121202772357030142e-01
3.232595421309021333e-01
3.315536058189207935e-01
3.365571288090202229e-01
3.460548082696647265e-01
3.529274031877599471e-01
3.661735303217457660e-01
3.737637697385571278e-01
3.873983304805702632e-01
4.032915832479600504e-01
4.455619860910732810e-01
4.726583029904402045e-01
4.891535775673718223e-01
5.159808214822992900e-01
5.587999010662567656e-01
5.831697672649283071e-01
6.234667378986069597e-01
6.979706239515883759e-01
7.787264948510794760e-01
8.683684167066890724e-01
9.211778511559751692e-01
1.027752098677804149e+00
1.141905728742284243e+00
1.248249188999001280e+00
1.390582716376224548e+00
1.592303773150271384e+00
1.795575503691029473e+00
2.042400923169244376e+00
2.397594397261914700e+00
2.615887650561258493e+00
3.025916179740232970e+00
3.562107721995575904e+00
4.193313201584981442e+00
4.969760065056458842e+00
5.808903920692462641e+00
6.906274086250559385e+00
8.241798764321989879e+00
9.805602312668966647e+00
1.150509095196169440e+01
1.330726259463895644e+01
1.613167603903350766e+01
2.023858161615592977e+01
2.466379360004450660e+01
3.135599770228709815e+01
3.910313204115630015e+01
4.913005259819090043e+01
6.085912258676314934e+01
7.430019794472858052e+01
9.397813326741393780e+01
1.218884023734676845e+02
1.579884729716657432e+02
2.049496415830687113e+02
2.646398595249624464e+02
3.505474012576214591e+02
4.765767344363860616e+02
6.375793122770122636e+02
8.844233529719513172e+02
1.197646359142404435e+03
1.626399796734711799e+03
2.077152640896178127e+03
2.809721001552831694e+03
3.281204914879363059e+03
3.621054476580896335e+03
3.298524254578101136e+03
2.541339142177327631e+03
1.768090293000102520e+03
1.093505653190746443e+03
6.510516476010402585e+02
3.705354377245216710e+02
2.100751072389341800e+02
1.225541022896670711e+02
7.929266136769338402e+01
5.862293669143386410e+01
5.060207115793686938e+01
4.877399244795112310e+01
4.881276994673635983e+01
4.963842481710383936e+01
5.078265789634043870e+01
5.174707650070732257e+01
5.255728083242738791e+01
5.314094451145850684e+01
5.349696441222980781e+01
