1.010061574145809547e-06
1.206351115219959188e-05
2.970831106270760370e-04
3.150755183869547501e-03
1.665733565512151834e-02
4.355552905177288020e-02
5.843682652708800940e-02
5.095746503815398731e-02
3.860256192694464655e-02
3.100239951204408415e-02
2.503457058645482125e-02
2.184013642850280920e-02
2.026148922170466563e-02
1.851696779528277589e-02
1.781170323237776451e-02
1.691288075776256963e-02
1.649284117520039353e-02
1.626600782037674123e-02
1.644387978164692232e-02
1.742012186112735367e-02
1.793222585065584046e-02
1.836773186555671136e-02
1.898673341798376782e-02
2.014685345481874099e-02
2.098226123225953657e-02
2.201410770150612553e-02
2.313870373921672954e-02
2.467410613801798366e-02
2.632908404212188844e-02
2.849811374865011959e-02
3.064666565477115051e-02
3.306540087318458193e-02
3.579852847497058677e-02
3.923753167546298326e-02
4.393324721893890339e-02
4.872674127827484464e-02
5.414147336354541845e-02
6.058699078291732154e-02
6.876237380813986222e-02
7.881465556492713020e-02
9.206655184380529988e-02
1.086541201603448276e-01
1.305543339110346035e-01
1.598348717154083887e-01
2.008050798538008053e-01
2.604404285570735000e-01
3.542746769619010139e-01
5.191702146341200530e-01
8.599943583137810155e-01
1.868036784189221367e+00
8.373759457168496567e+00
3.385764346046467494e+02
6.421412690081115215e+03
5.609678603470123562e+03
1.847016396495405104e+02
6.689014682393968236e+00
1.665489504795328424e+00
7.954640098934651071e-01
4.893281585028430580e-01
3.386571995066709473e-01
2.509310045739367445e-01
1.941725896589800993e-01
1.550168018885126897e-01
1.266590204434562550e-01
1.054368846338013116e-01
8.960586237077461380e-02
7.681379898328705158e-02
6.697161569310214335e-02
5.902418087688266618e-02
5.197330918453410553e-02
4.663269495313666219e-02
4.167094274892874095e-02
3.779118667488403499e-02
3.438486649352499869e-02
3.145611700493843033e-02
2.887974689566694467e-02
2.613204742916191634e-02
2.450437753317335002e-02
2.284547105614680856e-02
2.107851974344124996e-02
1.968148840808351535e-02
1.838497346640258212e-02
1.718504803661866781e-02
1.619091853314592877e-02
1.531123936116396758e-02
1.438395724938814312e-02
1.372057060019943840e-02
1.309926215156094302e-02
1.233253238445081168e-02
1.167291049438821775e-02
1.101738562092185666e-02
1.039805494086871139e-02
1.009567171049335736e-02
9.744725316428283837e-03
9.248395642915317738e-03
8.965481596052380167e-03
8.618294022063804211e-03
8.261092261693659192e-03
7.956897543351838450e-03
7.718978918455046863e-03
7.391418922392601829e-03
7.103054597222773110e-03
6.861461280173348186e-03
7.256025200577082869e-03
2.785224715568868081e-02
6.763878458222168100e-02
1.764504325607525737e-02
5.968943697654689219e-03
5.637860622073392544e-03
5.472979918088326061e-03
5.383632121132675245e-03
5.170124533641829410e-03
5.023900026520785114e-03
4.906058254925967088e-03
4.816090743060629821e-03
4.748882759125543085e-03
4.526190067267427120e-03
4.383286483132829876e-03
4.294850963113384414e-03
4.243059735045991501e-03
4.034652929108956988e-03
3.935978550717441835e-03
3.883316113588220798e-03
3.816069465329785179e-03
3.747333798670710123e-03
3.751639711061800775e-03
3.623374796402088760e-03
3.595237878166578777e-03
3.596165440231110372e-03
3.358710794908122826e-03
3.303792930700542082e-03
3.279399383430550013e-03
3.198462057871113724e-03
3.095018863603920308e-03
3.073465943204501099e-03
3.012323159876214608e-03
2.960383542723173719e-03
2.915409120204226229e-03
2.788539919781100711e-03
2.769040666452190266e-03
2.772975915701726690e-03
2.735880852335457417e-03
2.716493735346279040e-03
2.649398932049003806e-03
2.608241455639219789e-03
2.573729703958274780e-03
2.522557520502987857e-03
2.493511287648797915e-03
2.430247955973295713e-03
2.454585397735431843e-03
2.536863310790323043e-03
2.438363220942468997e-03
2.404917425603547536e-03
2.676618339454307077e-03
2.928342098460409108e-03
2.976328465981688872e-03
1.796809129979920136e-02
1.670339141412459372e-01
1.118169862632811540e-01
5.530404887051342151e-03
2.622523053457101894e-03
2.283256104561008724e-03
2.165360674155578872e-03
2.120288861953438433e-03
2.058863118360762350e-03
1.980953555372966073e-03
1.955322279169045743e-03
1.948651216322752708e-03
1.917531999751272533e-03
1.883084291699104688e-03
1.836283141980494605e-03
1.852244370585848102e-03
1.832298678458057746e-03
1.832194413481181682e-03
1.800108616436124935e-03
1.743066857532482670e-03
1.735289698434515837e-03
1.698354972033870071e-03
1.703735256829023818e-03
1.741835886083546552e-03
1.714268825084930628e-03
1.665541575895275678e-03
1.657913328991012826e-03
1.693702250068446907e-03
1.633182391690236619e-03
1.579411411506299705e-03
1.611417390892724193e-03
1.613779763256718326e-03
1.575438575270705173e-03
1.507070057713554966e-03
1.513306005257182996e-03
1.508149278382685038e-03
1.516769254307976647e-03
1.458376142440819282e-03
1.467888454237499920e-03
1.504333182187799845e-03
1.469240962415729922e-03
1.450393746629084638e-03
1.486037952864282218e-03
1.436305077281207175e-03
1.610811988591290397e-03
1.722187339013088892e-03
1.420579589196200665e-03
1.504574850905232401e-03
2.128242359147794645e-03
1.809481464343797724e-03
1.357832858279764106e-03
1.364552640318101055e-03
1.386181813047125287e-03
1.993618312135574718e-03
2.565519349462594325e-03
1.473881586631511833e-03
1.322851523238257514e-03
1.356851105712857369e-03
1.303852817102805648e-03
1.292417713851170581e-03
1.311227000818595504e-03
1.297259858362813595e-03
1.230295154348478616e-03
1.209619989210965847e-03
1.326096463705549134e-03
1.814590491221886558e-03
1.543648336942835941e-03
1.272202071077264138e-03
1.272618529611576265e-03
1.220069359120713910e-03
1.211379577583694255e-03
1.178215880379334573e-03
1.187079671572512183e-03
1.200805609351368510e-03
1.202027693015901219e-03
1.183298167478655238e-03
1.198095272499102209e-03
1.218311863853942722e-03
1.202450569598022267e-03
1.178477556677456992e-03
1.182142120898174026e-03
1.181266684562175219e-03
1.184401354717752640e-03
1.181215571730264910e-03
1.201072956171883935e-03
1.600773502592293517e-03
1.823043309532258217e-03
1.168447377748103172e-03
1.129340970732663034e-03
1.112946315206752700e-03
1.079075042271207671e-03
1.088413347457891766e-03
1.095108201904428742e-03
1.074291259253609904e-03
1.182667254785006988e-03
1.817850748956084195e-03
1.482771173024401146e-03
1.114354512953170517e-03
1.505957661575055848e-03
2.269558316333561854e-03
1.377564061860885730e-03
1.061384799594300996e-03
1.028218333523953478e-03
1.028527527746962884e-03
1.048821797780610148e-03
1.468473820854496658e-03
3.548786331173135744e-03
2.299724078120398123e-03
1.081415252890204071e-03
1.048035317367935646e-03
1.045584592145207877e-03
1.040766168163791746e-03
1.051553215354881273e-03
1.029913644079528999e-03
9.926315541002562418e-04
9.978800300335854620e-04
1.019117086543478703e-03
9.981549573940119539e-04
1.031806248376318123e-03
1.010180848277636998e-03
9.690685128647857005e-04
1.013507750986217953e-03
1.028808678820639002e-03
1.033258083260467754e-03
1.019871887660066647e-03
1.005894437339859655e-03
1.004041835481816764e-03
1.000491061278540889e-03
1.001639860004065272e-03
9.936678176988883622e-04
1.003265561891280178e-03
9.904945605165253047e-04
9.616368006254813645e-04
9.457928331108742198e-04
9.683457838999510407e-04
9.929984685005037275e-04
9.831545369053641074e-04
9.804000603478777148e-04
9.753500868538369931e-04
9.710208751059804747e-04
1.016614304441556486e-03
9.989373877081005222e-04
9.724354757009112888e-04
1.038453990858290328e-03
1.144011269015177438e-03
3.196889292948063011e-03
6.589480791739535034e-03
2.418443392000800465e-03
2.042616704113945671e-03
1.131905160381473097e-02
1.212108189743327236e-02
2.020242293362495105e-03
1.162364966770434256e-03
1.391998298606200940e-03
1.168102410772501373e-03
1.020707212072652446e-03
1.037959351474439370e-03
1.121199597067171769e-03
3.039131223518661083e-03
3.906247000535968249e-03
1.337491988570466920e-03
9.805361997111052431e-04
1.021528270125014433e-03
9.790323672769815199e-04
9.464348023000025961e-04
9.460071233287356898e-04
9.666889571935135227e-04
9.495166569972150620e-04
9.337605537947340877e-04
9.104976874085148964e-04
9.381241015887816902e-04
9.259168225139458855e-04
9.197504035581579142e-04
9.308603656496756192e-04
9.490619084108056292e-04
9.731044166852440610e-04
9.590829801891585620e-04
9.691476116195416437e-04
9.709862200232444868e-04
9.886617925254899495e-04
9.798112475501181279e-04
9.945267539231605804e-04
9.944896908702747108e-04
1.021272624964457074e-03
1.055806311574180364e-03
1.010677608825086022e-03
1.002157235607551745e-03
1.038334714209951512e-03
1.048500887976837413e-03
1.067887848776311174e-03
1.110324851980005849e-03
1.134659714018977942e-03
1.127762277463599874e-03
1.196460971109057419e-03
1.787940990435778112e-03
7.897627835376338362e-03
1.033835749984135695e-02
4.217156806461871792e-03
1.990333370797612179e-03
9.225858481313279139e-03
3.533026285093369967e-02
1.605294045561259444e-02
1.901396453203424951e-03
1.307007050902421821e-03
1.244054824071571478e-03
2.048220711475901533e-03
2.266180669603796473e-03
1.310919020647926527e-03
1.343132099591950275e-03
1.691938389497406152e-03
9.020063983299388133e-03
2.870268437972923678e-02
1.103535244043311360e-02
1.659460203235641178e-03
1.248309464572300298e-03
1.123077080197827865e-03
1.115083244823084551e-03
1.024504069113986318e-03
9.980860551578839279e-04
9.943269429777941773e-04
9.763521288166692380e-04
9.811188689365164979e-04
9.901242454808702187e-04
9.451622476931917372e-04
9.432003954109629195e-04
9.825082341447682367e-04
9.923993947276224786e-04
9.506974174683710923e-04
9.104785977498009841e-04
9.354100047712281350e-04
9.500322860050474045e-04
9.756981369302557576e-04
1.005065346255164162e-03
1.026620471298301607e-03
1.083523817756623566e-03
1.060586316959479143e-03
1.001143660355839583e-03
1.009275333869437321e-03
1.006545629924154471e-03
9.994180854955322761e-04
9.675125023386493177e-04
9.604555247615557479e-04
9.325095689164155906e-04
9.181808548523610935e-04
8.984784078511560317e-04
9.842915663617860141e-04
2.669071103396090158e-03
7.339716116664518793e-03
3.444649154724208854e-03
1.458424349750165726e-03
5.481362110340080862e-03
8.176170481190174477e-03
2.027963591375036862e-03
8.431597184138306042e-04
7.356921383724964337e-04
7.102038168301160956e-04
7.178165187879587995e-04
9.652290878959359291e-04
1.469833997292425542e-03
9.211558403411395550e-04
6.679037560257752599e-04
6.530005970758389006e-04
6.320041920015702711e-04
6.129103619319211044e-04
5.733333133171707998e-04
4.934470047703964739e-04
4.306301178668540692e-04
3.833255627208509886e-04
3.461979201620486268e-04
3.168303509607531764e-04
2.873331519879550127e-04
2.591447636198951788e-04
2.282287456140093067e-04
2.050081894199550219e-04
1.811878734028565742e-04
1.622585334237648257e-04
1.307726214331348237e-04
1.143006679344295539e-04
9.806551777800161674e-05
8.437883986595875931e-05
6.998614927902470579e-05
6.177477126572510893e-05
5.454553524034350885e-05
4.629521130069711669e-05
3.813281757257848539e-05
3.212696166991219077e-05
2.716195261436136585e-05
2.229379951033221821e-05
1.857651975938841811e-05
1.665269050983731326e-05
1.484195657659925164e-05
1.236780084131402176e-05
1.010951594585084298e-05
8.244022192213554162e-06
6.677108804189822785e-06
5.851239984734632706e-06
6.282328374024163082e-06
1.943773283449739441e-05
2.462528506034737240e-05
5.811926949183465246e-06
3.480184084260162799e-06
7.810684058945946922e-06
5.182021733649613771e-06
1.372034668225266431e-06
9.159047511191275258e-07
7.022518597708810841e-07
5.559194271855388649e-07
4.411146273592919076e-07
3.509141118333544178e-07
2.799441272565599197e-07
2.193151180094220041e-07
1.744221879587855660e-07
1.378000732448905690e-07
1.091418995098005996e-07
8.609969679103040351e-08
7.027277817965277516e-08
5.923173786231218695e-08
4.164414762188664937e-08
3.061974033974960234e-08
2.320290706747539849e-08
1.756538322164595527e-08
1.322810071296005415e-08
9.865712862183874862e-09
7.318765397812814240e-09
5.360687286701880090e-09
3.871273721387536374e-09
2.790378400189792395e-09
1.988439530478933011e-09
1.396288793480718870e-09
9.688340759241841964e-10
6.638940141413971406e-10
4.480689634393924858e-10
2.981107257134486973e-10
1.946196677018482393e-10
1.249384309321006364e-10
7.845711185193428892e-11
4.831676826307295760e-11
2.895338719674838339e-11
1.692657796009636661e-11
9.598124376377798559e-12
5.269351536144460233e-12
2.788501240628595784e-12
1.416835464777785256e-12
6.857272896905612628e-13
3.190022335237333372e-13
1.424969097762755002e-13
6.270814400828914673e-14
2.835078706502057021e-14
1.592715600208496783e-14
1.134289387525733204e-14
9.754687412774221485e-15
9.306664128886815985e-15
9.073701500425310048e-15
8.959393486530661514e-15
8.879395692419192509e-15
8.832933071011964158e-15
