9.966276604902754613e-07
1.152759138970389408e-05
2.772515836834583969e-04
2.853336775150867692e-03
1.550186157099719443e-02
3.879291642723361327e-02
4.655816421284297846e-02
3.829513823474717249e-02
2.818283880229534993e-02
5.380064951733241896e-02
8.416215126454718032e-01
8.167427523283304902e-01
3.855821259761941372e-02
7.216072411364968589e-03
5.193926876892083003e-03
4.249892175562368368e-03
3.611587967281934541e-03
3.085777603836914115e-03
2.731382114069731606e-03
2.391679175700737667e-03
2.021446265688375907e-03
1.926148465685125584e-03
1.783525343335283161e-03
1.672608295338506162e-03
1.547149888654837701e-03
1.463274527376468969e-03
1.403943503012964993e-03
1.395448862356160093e-03
1.373396283922862036e-03
1.374813591788378621e-03
1.314990393239644229e-03
1.337882549431472197e-03
1.357270703318467532e-03
1.312753025457411623e-03
1.213210508500590749e-03
1.164221172155016594e-03
1.178493774056122009e-03
1.246129133432879663e-03
1.284472536686255160e-03
1.234471443887529604e-03
1.205525735137381350e-03
1.190342259809210653e-03
1.274095615189316201e-03
1.256234224187634555e-03
1.125743458948432222e-03
1.115808221963511841e-03
1.093255897141763230e-03
1.042433417409974585e-03
1.012722500027126663e-03
9.984850435698722302e-04
9.618242463270797312e-04
9.399745626697430427e-04
9.279478850429507489e-04
9.361259444075285254e-04
8.998742570336735851e-04
8.937115892340010510e-04
9.285410020132487926e-04
8.775987783313200178e-04
8.588309718747017983e-04
8.523001299351969963e-04
8.381328246910579611e-04
8.874712766203527370e-04
8.584967775078671589e-04
8.107248158725304226e-04
8.364423782903103845e-04
8.175028707591742994e-04
7.697455831319741960e-04
7.895675289652753608e-04
7.435799888053291375e-04
7.379936203195919643e-04
7.766767098575855970e-04
7.113393672118025922e-04
6.795383488880981379e-04
7.029414036349745151e-04
7.296026281967059020e-04
6.762226394817575639e-04
6.599141608771665665e-04
6.891019073450660665e-04
6.751262747579909497e-04
6.667835840828877439e-04
6.743727984185084049e-04
6.657989281554760851e-04
6.467127146300990451e-04
6.406462091970895880e-04
6.445188400699989814e-04
6.527578963108082461e-04
6.108906079196837775e-04
5.973172035971331716e-04
6.325635512378079443e-04
6.544731447263338157e-04
7.621597121573844879e-04
9.364113057522832498e-04
6.370032725864937682e-04
5.838165871940482901e-04
6.087739264031928263e-04
6.576520400561761473e-04
6.274800896675285320e-04
5.633037872527352479e-04
5.685061636536322934e-04
6.066539938725219001e-04
5.850755447375338399e-04
5.600847892015890350e-04
5.685032668003608177e-04
5.829973331442151515e-04
5.638489960026933385e-04
5.493076622628093346e-04
5.617446003129557925e-04
5.933072420469491645e-04
5.762774418062243482e-04
5.408699085916219987e-04
5.829155643080416319e-04
1.053407986391960861e-03
1.423743735435341849e-03
6.769039536799612488e-04
5.369548698963752791e-04
5.504900667933163710e-04
5.653584800739920244e-04
5.375036626111151126e-04
5.302584336311356962e-04
5.237530075200019395e-04
5.224033859415470101e-04
5.174413507016620414e-04
5.481148202582189228e-04
5.320903937982464360e-04
5.219107535473732585e-04
5.288095203033652643e-04
5.353916113878882032e-04
5.502988651011398759e-04
6.441296796096249904e-04
5.808166199911610076e-04
5.255553329400474176e-04
4.961255995241157200e-04
5.166740453388628251e-04
5.066876641655110227e-04
5.065401944527793843e-04
5.127528961207987674e-04
5.036521949108627811e-04
5.172692573556630360e-04
5.082835834718059170e-04
5.086992003244223499e-04
5.233954332185031299e-04
6.262258749147341964e-04
5.973994933166299273e-04
5.077030231317062681e-04
5.101284311428200052e-04
5.166822887595698280e-04
5.249186319689155443e-04
5.010425823315614894e-04
4.783232334355196741e-04
4.709540976129044580e-04
4.695181253655226908e-04
4.494249773510891914e-04
4.692951565537921183e-04
4.960903992339860688e-04
4.796582753507355333e-04
4.848697100802100944e-04
4.785301709779327269e-04
4.880960972833223318e-04
4.914818595996511092e-04
4.723876465394334298e-04
4.601445900381592865e-04
4.592330059533847840e-04
6.320121566366065100e-04
5.954199416418524092e-04
4.639830289337792068e-04
4.657749816758561807e-04
4.644830664290658254e-04
4.684079939509205957e-04
4.713746381532737039e-04
4.950255045623685145e-04
4.739616272415252780e-04
4.844931602115388168e-04
4.891641295447012950e-04
5.019426138589756000e-04
4.848450913860173758e-04
4.664674699322002814e-04
4.710304071697694666e-04
4.906838755184432304e-04
4.788785794535074932e-04
4.994843697737590474e-04
5.094980192503373740e-04
4.839999880800908223e-04
4.593848141204901164e-04
4.812604299606790498e-04
4.862680154943860886e-04
4.535758153049931213e-04
4.541930762824322276e-04
4.667151706086983178e-04
4.763955157116890192e-04
4.828655367341238539e-04
4.936794368959029336e-04
6.254750795650812056e-04
9.374832404191924982e-04
6.317744414688245902e-04
4.779313433739383480e-04
4.550032263264171825e-04
4.646551854177104982e-04
4.774799876924062155e-04
4.931427323679913547e-04
4.908965519862872962e-04
4.843667201496765630e-04
4.924580695907594587e-04
5.013957591839554671e-04
5.008402029601494556e-04
4.798066995968978217e-04
4.681976712046197198e-04
4.916541025638203983e-04
4.891964752028720711e-04
4.826896131177660972e-04
4.983467581328317837e-04
5.205000084134711125e-04
5.061911081599563796e-04
1.278373020004609697e-03
3.238152795200498549e-03
1.214976913412249690e-03
5.197254382943065172e-04
4.915776845232347394e-04
4.850035419499682107e-04
4.736228844030550625e-04
5.022789897139711421e-04
6.273469152370064967e-04
1.101298478285189786e-03
8.322063926802105533e-04
5.053515753155392613e-04
4.684322303673594829e-04
4.818938782428510044e-04
4.774675338332921067e-04
4.991835226839259204e-04
4.769847824294065424e-04
4.743450529883842825e-04
5.058080617498960556e-04
5.009628640865944641e-04
5.041122425327389288e-04
4.983721047932724397e-04
5.027765176735033738e-04
4.854586929518639937e-04
4.705116291054239593e-04
5.070379648524908764e-04
4.970663518254960379e-04
5.045907793060711369e-04
5.921199095913001753e-04
1.526738651002025647e-03
4.771918639099189362e-03
5.036673561565882529e-03
9.261463125774927309e-04
5.197869885336156960e-04
4.953891400761662117e-04
5.013505983225549287e-04
5.004527908748013839e-04
4.730763751295258127e-04
4.927371735191724824e-04
4.846637822861437728e-04
4.795688815423830771e-04
4.845837081525280641e-04
4.855708785897093417e-04
5.136110995943002269e-04
5.171197708082857095e-04
4.821492626746028479e-04
5.001963253155876799e-04
4.945339178788692820e-04
4.937354555459475642e-04
6.010900373766716156e-04
1.284608560805664511e-03
5.020427994128127090e-03
5.819321326459919556e-03
1.040544727272060084e-03
5.403938304203646488e-04
5.152401593074910609e-04
5.194464669530408094e-04
5.040522843312066417e-04
4.924223213970763341e-04
5.001904697945834099e-04
5.286204726467183578e-04
5.443862628476347186e-04
4.988552291589377907e-04
5.019130621406698786e-04
5.090988718508707243e-04
5.283023043111186468e-04
5.353569409207004732e-04
5.381585118573240564e-04
5.471771126752804923e-04
5.294497608374577934e-04
5.088490194747812912e-04
5.323652112743499330e-04
5.027126477214450499e-04
4.984223191154680925e-04
5.072085130297853068e-04
5.116322717314984508e-04
5.351320422963943722e-04
5.314774206543133915e-04
5.364465362127688415e-04
5.911765602302430618e-04
1.095275358887565003e-03
3.513484056246130895e-03
2.068310349894952709e-03
5.922166253421526361e-04
5.273633279167305385e-04
5.323277034641878082e-04
5.399143081007280439e-04
5.392433164569725114e-04
5.466274463800026729e-04
5.387350179212062242e-04
5.473407289023392037e-04
5.676489083148605246e-04
7.383464510384944984e-04
6.294580027108562280e-04
5.406428637258901045e-04
5.554605613079984785e-04
5.574798732247170834e-04
5.594023905283639552e-04
5.912930771447385192e-04
6.383784689210985578e-04
8.482388696441472411e-04
4.107273327684744617e-03
1.944011731502380894e-02
1.055087779953094683e-02
1.157459680577494756e-03
7.137710246726004229e-04
6.341244124008286716e-04
5.871231220299074965e-04
5.669966165676992983e-04
5.518479815075224507e-04
5.409958638825316515e-04
5.643975309168235361e-04
5.524974814616986267e-04
5.346674556343058472e-04
5.388021403879383713e-04
5.540383533985492178e-04
5.752125558679332474e-04
5.633006981079315741e-04
6.004231872984274127e-04
5.688489928532933400e-04
5.694942093219006662e-04
5.939522518464255716e-04
6.032446404521647852e-04
6.673306215707546602e-04
6.672185401660491724e-04
6.156591004609586254e-04
6.487922502534914640e-04
6.830731804905968308e-04
7.431808564006695331e-04
8.471657712391290765e-04
1.256162964217094093e-03
8.242866924881827109e-03
1.688313880778210749e-02
8.364902211311097541e-03
1.807652601681062135e-02
7.609918676335044631e-03
1.195931806413942254e-03
9.482316295461555578e-04
1.722719330966839164e-03
8.112807787298441375e-03
7.725698967964509355e-03
1.342429186482460351e-03
7.844999575656210053e-04
9.107681027661231445e-04
2.598560209469937248e-03
2.922864951532427348e-03
1.005193109186848944e-03
8.160153602887129393e-04
1.206641731953745711e-03
4.002481310039742585e-03
3.101608709225175606e-03
1.251131395117512654e-03
6.000752537208643711e-03
1.106504747207823214e-02
2.986028754800169362e-03
1.533949163133061693e-03
1.026870924945430183e-03
8.121966144248365851e-04
8.566453108748847082e-04
1.854103468311974444e-03
3.063982062589903996e-03
1.223238272287346939e-03
7.462122294141830753e-04
7.072015874108003065e-04
7.361438443630954767e-04
9.981988946723833241e-04
1.017739600859969562e-03
6.994190827232384762e-04
6.692920322935928638e-04
6.609609704537158011e-04
7.156073813739495049e-04
6.832618333873455730e-04
6.619840685661973262e-04
6.627469835333617146e-04
6.631326402020738418e-04
1.021781451011974113e-03
1.622412378620025682e-03
9.913365598740197550e-04
7.518700495387770208e-04
7.833385295175109616e-04
8.455008389054247337e-04
1.693921944381549666e-03
7.552700795564344302e-03
6.436884994116151733e-03
1.211367703430265945e-03
7.752590672636881482e-04
7.478254928934647888e-04
7.540968238968928736e-04
5.990845873540288566e-04
5.859528726328924221e-04
5.652461295140374497e-04
5.968129340252258195e-04
5.959542013872502937e-04
6.039304956715474534e-04
6.050621591560147172e-04
5.514705116371836600e-04
5.415663459219972626e-04
5.877521092356095779e-04
4.978468784986858284e-04
4.751751948405557343e-04
4.905984099933488086e-04
5.906062264969207500e-04
1.314965230568644660e-03
5.955281329281244401e-03
4.669113158894547602e-03
8.522900358782592532e-04
6.289917771769817012e-04
1.163035474477258028e-03
1.065643065430069581e-03
4.150391467763232681e-04
3.124442399725589604e-04
2.660151299350664296e-04
2.315771553354445758e-04
2.016056069665552418e-04
1.874767351482527168e-04
1.701047325125153490e-04
1.534388000635802365e-04
2.266342570002113943e-04
3.530407140187544353e-04
1.666738494483002958e-04
8.259883027313911098e-05
6.962896292174673826e-05
5.685899510606141877e-05
4.633159862923151313e-05
3.762540216351359769e-05
3.387892933438678579e-05
2.888323861163577812e-05
2.371325934516911420e-05
1.933657073917284419e-05
1.605119595921482027e-05
1.394985780660410441e-05
1.340572176714544329e-05
4.746441072259037654e-05
1.184199639145265315e-04
4.201436731062158309e-05
7.731967479809329099e-06
5.140882478690340696e-06
4.642034016920779368e-06
1.611417346347176834e-05
3.415077943004596019e-05
1.003311286834224473e-05
1.543789708399510800e-06
9.488350585507809880e-07
6.530398927786437272e-07
4.777979303842560851e-07
3.571282942465348962e-07
2.541477873561674566e-07
1.705750242362208244e-07
1.324803865996327317e-07
1.423664770758617553e-07
1.039056548696815823e-07
4.561995822949127594e-08
3.340826790290370320e-08
6.923156226401105759e-08
1.375415107938783717e-07
4.498724739495486717e-08
7.774416578134154942e-09
4.359601228080972845e-09
2.800003934099003549e-09
3.076022974041784063e-09
3.794947528397147693e-09
1.470250547994534245e-09
6.340021018245837559e-10
4.188242413814328004e-10
2.896935032784338761e-10
1.964379966517496430e-10
1.240000282626523609e-10
8.415493274328205339e-11
5.645858904232737910e-11
3.929041337306307695e-11
3.642193994497678313e-11
2.670567786822841935e-11
1.257400489328577329e-11
7.090936757141282284e-12
4.464230634229583744e-12
2.855083603836468170e-12
1.840465341995001904e-12
1.174770536986992882e-12
7.392348442747498103e-13
4.518111819666962082e-13
2.997555941471731218e-13
2.023674311306356076e-13
1.067418575846479099e-13
5.962038502605794626e-14
3.733681153191091761e-14
2.139895911698694922e-14
1.386787721187593071e-14
9.887036429301564322e-15
7.552494959054310861e-15
6.428304529593970061e-15
5.817316840135748178e-15
5.426103453434096632e-15
5.179774290891661483e-15
4.987615250443980823e-15
4.849514872845691173e-15
4.729488782919046941e-15
4.637434232888670711e-15
4.564442730410933397e-15
4.513773338890679508e-15
4.483452469528919346e-15
