7.246849329382554297e-06
3.913867973956678835e-05
1.048287425838940459e-03
1.660502853087274591e-02
1.261269941352567148e-01
4.587920313618117363e-01
8.525040730239443754e-01
1.030921987439052279e+00
1.071937797884314980e+00
1.089781343104104572e+00
1.093473071486920301e+00
1.089170385760893422e+00
1.087436422793056190e+00
1.084194662883779969e+00
1.093077975213897934e+00
1.093035770249696892e+00
1.097370240709859113e+00
1.102037045527813675e+00
1.105587434913174683e+00
1.107790882822281553e+00
1.111666287416883447e+00
1.117031136665867397e+00
1.125117176767903571e+00
1.128237338775371024e+00
1.134656940787937884e+00
1.142545547185721766e+00
1.147339812978993567e+00
1.156440625285072299e+00
1.165291670813701552e+00
1.171774579404070149e+00
1.180941375266950644e+00
1.189891118552932392e+00
1.198823325960355568e+00
1.206636983867296342e+00
1.212824765582922071e+00
1.220927223219742341e+00
1.233376354618328063e+00
1.245152919613069287e+00
1.257223296264432078e+00
1.270166399417775427e+00
1.281400278160280237e+00
1.294012370943578238e+00
1.306818186492564537e+00
1.322749210784974094e+00
1.333922490423138596e+00
1.346736718015468126e+00
1.364265683145432506e+00
1.377618016974051951e+00
1.396383481514478442e+00
1.412294937255155203e+00
1.429638723236731135e+00
1.445875138593170073e+00
1.465870015345744459e+00
1.482494616417014965e+00
1.499629002830548341e+00
1.521184786080865825e+00
1.543848118495913635e+00
1.563028023865121963e+00
1.584615851399709063e+00
1.607592265978075696e+00
1.633503529811578314e+00
1.658953346490526615e+00
1.685749678509290694e+00
1.712965808386627486e+00
1.738606130454891652e+00
1.766959507625001757e+00
1.797343620396591790e+00
1.827777280809850691e+00
1.860699867335357860e+00
1.892697378298876298e+00
1.926725300099688454e+00
1.965063496265189613e+00
2.002447863806788408e+00
2.041193023908013604e+00
2.080841273024208071e+00
2.122952342316603680e+00
2.163281857924522988e+00
2.208774408014751778e+00
2.257227875090856983e+00
2.305396018045692941e+00
2.358040933929555383e+00
2.411142152549605733e+00
2.465978812796290054e+00
2.522143784047099491e+00
2.583474740388122193e+00
2.644166259172556543e+00
2.711360235064039781e+00
2.781227963571275108e+00
2.850422098779684887e+00
2.922891741370834850e+00
3.002487969823533387e+00
3.085533282726689475e+00
3.173152453312557686e+00
3.261554034484447584e+00
3.355489646254889546e+00
3.454169491936648573e+00
3.556275824205012981e+00
3.665858048516138723e+00
3.777839836119150529e+00
3.900058925048583980e+00
4.025003573757042652e+00
4.162706778006567632e+00
4.306709316159868628e+00
4.454559848079041373e+00
4.611451243949970191e+00
4.781327591363304208e+00
4.958012243137900121e+00
5.145056666428009073e+00
5.347560267472921680e+00
5.560672028296392178e+00
5.787550152353735378e+00
6.026485255927525486e+00
6.288058904455092524e+00
6.565942447685763739e+00
6.857495129069156370e+00
7.173265626841947018e+00
7.510665789469054943e+00
7.877546859278853120e+00
8.273737921404183737e+00
8.699229881199936898e+00
9.159579383531262664e+00
9.657072666232087599e+00
1.020175140233522271e+01
1.079240044002982479e+01
1.143483070597080697e+01
1.214284008583966745e+01
1.291363609495397036e+01
1.377550788016203498e+01
1.472485991265152094e+01
1.576511587388967328e+01
1.692327733335921991e+01
1.822111413344539699e+01
1.968030768063999858e+01
2.132136921396687512e+01
2.318201442073473828e+01
2.529962303971354132e+01
2.771836921142333665e+01
3.050243319736816261e+01
3.374090702108534146e+01
3.752193757049747802e+01
4.198254866130096019e+01
4.729728063242936997e+01
5.371105641478396109e+01
6.151168462531754955e+01
7.115594184554261403e+01
8.327156561660832779e+01
9.882258681111038356e+01
1.191154231564295145e+02
1.464969646099411591e+02
1.846462592416958159e+02
2.400816450069210077e+02
3.252881046468885984e+02
4.667164759295157523e+02
7.319423743209121085e+02
1.342091066893058724e+03
3.657498108119068547e+03
7.365203381979394180e+04
7.688638039593324065e+05
5.094958551547267125e+05
1.534626543442604998e+04
2.258660977305040433e+03
1.013394644680749934e+03
5.961736943315798953e+02
3.970647703127995101e+02
2.842683494107085380e+02
2.139589760771357305e+02
1.670302271480469756e+02
1.340865476264531537e+02
1.100507512940640424e+02
9.192196587881061021e+01
7.800323979699712140e+01
6.702028277957292346e+01
5.821867791474549136e+01
5.102976892178425317e+01
4.513550121027398632e+01
4.018459949544090648e+01
3.602161459961986623e+01
3.247544723065048089e+01
2.943441897543718966e+01
2.680729288388236853e+01
2.451091161896802717e+01
2.250740978199583608e+01
2.073696717119050348e+01
1.916962484382630549e+01
1.777686610375225129e+01
1.653444889460738665e+01
1.541472008511147251e+01
1.440559781292192376e+01
1.349770413500468536e+01
1.267591361075312584e+01
1.192211286925814306e+01
1.123984374719764290e+01
1.061622321988790674e+01
1.003788452148139143e+01
9.508134469723307447e+00
9.019395366822022808e+00
8.569899138513303427e+00
8.155207511187551717e+00
7.770081878970428235e+00
7.413843668727565728e+00
7.078888125606555448e+00
6.765022243410150793e+00
6.472065786360634121e+00
6.199456319382428582e+00
5.947630683599520296e+00
5.710763107656972259e+00
5.487694681511007921e+00
5.276085230133770843e+00
5.081335597442410368e+00
4.888330718567457822e+00
4.711144725793077193e+00
4.544832043354657181e+00
4.386452699903526486e+00
4.239255354982965684e+00
4.099054542121126410e+00
3.963407840713699226e+00
3.836762792884133244e+00
3.716131583861948862e+00
3.601408363061648465e+00
3.491890080846926647e+00
3.384037576701406369e+00
3.281389332970251704e+00
3.188317329035627701e+00
3.100654377119473892e+00
3.014389913517993680e+00
2.931425658204222628e+00
2.852049314897155075e+00
2.776888765172420115e+00
2.701806066566076581e+00
2.629414138998993788e+00
2.563403353600409496e+00
2.501233700102536872e+00
2.437656117969114966e+00
2.376979752414316582e+00
2.321847185649161371e+00
2.267643036244380461e+00
2.216117749507078294e+00
2.162285946154255178e+00
2.114424251152019263e+00
2.066231052652331535e+00
2.019470686916154722e+00
1.978451327707535512e+00
1.935979658602927200e+00
1.893400216148964699e+00
1.855084862736029239e+00
1.816762801352526990e+00
1.781102910645433246e+00
1.746012426450928023e+00
1.711843595856042510e+00
1.676803528298814516e+00
1.643206620640522475e+00
1.612304693704104563e+00
1.583785318017447485e+00
1.553502240097486053e+00
1.524802303498274947e+00
1.498448853887059284e+00
1.472335000196704158e+00
1.446017094904022748e+00
1.422864630931188978e+00
1.395828948441954598e+00
1.370067991158716358e+00
1.348584814056424497e+00
1.324742833690710109e+00
1.301885984707699562e+00
1.281731086120560414e+00
1.261231086567184745e+00
1.242105513969555153e+00
1.222465250992228913e+00
1.201204717105506026e+00
1.183739515456923685e+00
1.166679189135083172e+00
1.151066437468026615e+00
1.134316624880820745e+00
1.116080081070358387e+00
1.100088329476869742e+00
1.085656063913969405e+00
1.070205147063542306e+00
1.054004222147328917e+00
1.038388226878306231e+00
1.024340963685708150e+00
1.012232692975865600e+00
9.985763244225877022e-01
9.852137627640299433e-01
9.724680963471709072e-01
9.592610034444074563e-01
9.475061396986835804e-01
9.358263830748136947e-01
9.232554090775763056e-01
9.129129345056391509e-01
9.027076565277251108e-01
8.914479225848900290e-01
8.814587798457659273e-01
8.715650620639637802e-01
8.614109477566271877e-01
8.517172185672082785e-01
8.425223808455313268e-01
8.332715543112694245e-01
8.263345910238675263e-01
8.217866504079700540e-01
8.128250896446904683e-01
8.045556552411931017e-01
7.978373218772347730e-01
7.927103868621334648e-01
7.880401766859759238e-01
7.840822985524328326e-01
7.833843236283807299e-01
7.851277291635616606e-01
7.910694762056316165e-01
8.136190398670882784e-01
8.904750737491079482e-01
9.130580430214384480e-01
1.001171575283794635e+00
1.346280524516794364e+00
4.167812192651504155e+00
4.569946119608895430e+01
6.356538893517909372e+01
8.321709808670696873e+00
1.436160054506947503e+00
9.891516708310423844e-01
8.421507109326837881e-01
7.699740286533337530e-01
7.259202046275249343e-01
6.979434505472177364e-01
6.785130441235455168e-01
6.626535790619135780e-01
6.475844230935315915e-01
6.372533362649981381e-01
6.287127406197953183e-01
6.205348136661094083e-01
6.130632531012935038e-01
6.051063483436321944e-01
5.985989898783161678e-01
5.922237662163361005e-01
5.856915381444030011e-01
5.794867141543021960e-01
5.741494717048717389e-01
5.681878366417711934e-01
5.644048733429559705e-01
5.594163614170508669e-01
5.551594561682724471e-01
5.507289992505203235e-01
5.459214758002313150e-01
5.419812958933749591e-01
5.377729395837768100e-01
5.325117564302721540e-01
5.283409143608718272e-01
5.247535781068137783e-01
5.208239911496334029e-01
5.209841523329589164e-01
5.203626592400832918e-01
5.114767562081303787e-01
5.106965997623118536e-01
5.043868162766446117e-01
4.957702011935329334e-01
4.926518924642923625e-01
4.886671765144006141e-01
4.860081307174542453e-01
4.835598978387068980e-01
4.832767427360837864e-01
5.165566550685140035e-01
5.530077846068631731e-01
4.896635990938881799e-01
4.709896929710387647e-01
4.661005581242723683e-01
4.633846289904279825e-01
4.595359994725117248e-01
4.553594410671900072e-01
4.522290031685838319e-01
4.488795726099590877e-01
4.462370740387516799e-01
4.437310813710441115e-01
4.404121074376974310e-01
4.386059855848059574e-01
4.355240390053097821e-01
4.322445769606020338e-01
4.291513928617747275e-01
4.266393837969950642e-01
4.226890082720343722e-01
4.211221418186297805e-01
4.183607879781862660e-01
4.149936566935603643e-01
4.121309445175292407e-01
4.094215053528307835e-01
4.058304126679551094e-01
4.018305668592301316e-01
3.992084587455216327e-01
3.968487896046914432e-01
3.932751233718859152e-01
3.901045712637017937e-01
3.876126831510877113e-01
3.842072778759806351e-01
3.802342898429181273e-01
3.763036580474147796e-01
3.718377322809118812e-01
3.679150608702556613e-01
3.635848491237942404e-01
3.598046851322059814e-01
3.553909904003556552e-01
3.508007878201405139e-01
3.481845595143763239e-01
3.436597242969053334e-01
3.357988377127363311e-01
3.302367261158957734e-01
3.243715233980815071e-01
3.179987601473185932e-01
3.111415536054575881e-01
3.036911174596630958e-01
2.966014344785060652e-01
2.887438187156776137e-01
2.813965217978700584e-01
2.739655055363594549e-01
2.646506144692327700e-01
2.548466162834248094e-01
2.452321906315632349e-01
2.352965068890884581e-01
2.256160645539463383e-01
2.153480664055039684e-01
2.050808718375546902e-01
1.941082235613213747e-01
1.835800454550175209e-01
1.724851138333409195e-01
1.613889815556263929e-01
1.506928733776274898e-01
1.402625446528902586e-01
1.305692762889648362e-01
1.204408686925923094e-01
1.109560135481627852e-01
1.011646675804445533e-01
9.225770827715636113e-02
8.365502336150615337e-02
7.560444904670492183e-02
6.822758841754701653e-02
6.127872782667331125e-02
5.480389954055372992e-02
4.882250610242377942e-02
4.342615435993451428e-02
3.836053256315346410e-02
3.389159587474137314e-02
2.976315254651869247e-02
2.605443931890730896e-02
2.279154210343459219e-02
1.986910312155886274e-02
1.726527849831200820e-02
1.496721278073012522e-02
1.293155495553032462e-02
1.114084071863575935e-02
9.577610889751288561e-03
8.191059740269606565e-03
6.998392508627728457e-03
5.994177500629076227e-03
5.143683210667659989e-03
4.319182957550053541e-03
3.622916312623701562e-03
3.049198967562992760e-03
2.559713606696712319e-03
2.141582495503808938e-03
1.785272441538552106e-03
1.484577085442131180e-03
1.230500934893105679e-03
1.017242099674235461e-03
8.406212881106252558e-04
6.952590730513117908e-04
5.635199337281738370e-04
4.571125182847467954e-04
3.705531271717201229e-04
2.991004918774550596e-04
2.406758013790096288e-04
1.928820863746415302e-04
1.540497390067150502e-04
1.231616498151735621e-04
1.010678104105786507e-04
1.265433184073036000e-04
1.637238337565186910e-04
6.907665460340754510e-05
3.555920416685118008e-05
2.652058133327451467e-05
1.998067291021918604e-05
1.499851962611492743e-05
1.118158029983923815e-05
8.270114237056628071e-06
6.063711657854800558e-06
4.403692754372622128e-06
3.166349919416461958e-06
2.251784980835988826e-06
1.582935897545407695e-06
1.098798654349101195e-06
7.528829400146362793e-07
5.080450468006054590e-07
3.378422715569560778e-07
2.206160269886563630e-07
1.415450341960681745e-07
8.903662530028609181e-08
5.484116565085454893e-08
3.277206198862443733e-08
1.922491037932027259e-08
1.091704087198946338e-08
6.009146381748241344e-09
3.187967417951628856e-09
1.644041340814453006e-09
8.120806316603290913e-10
3.995599417202586255e-10
1.973160764541949288e-10
1.068433366571571559e-10
6.943527090006489668e-11
5.459083901802016386e-11
4.943058215126280674e-11
4.784975886263504452e-11
4.725537891482965353e-11
4.704613762919488244e-11
4.692329334514240851e-11
4.684042706841630643e-11
4.679236810853333190e-11
