3.572355573531488587e-06
2.295710299322209895e-05
6.048278120422679021e-04
8.942404523318224843e-03
6.497371928305693822e-02
2.245519389904953866e-01
3.937620351075544201e-01
4.786054997616219220e-01
5.056125872335213156e-01
5.000673930723806837e-01
4.936489104274121020e-01
4.942880360296095787e-01
4.905304970469828718e-01
4.892954456922765649e-01
4.922794951680651288e-01
4.912837386000495909e-01
4.935922283095156571e-01
4.959565578506462402e-01
4.966213830900487181e-01
4.994023483924717732e-01
4.999117995698897920e-01
5.011801329369719449e-01
5.034886271689654746e-01
5.054573039446521587e-01
5.093975884061721082e-01
5.119067419233683802e-01
5.138279346660941105e-01
5.180172982901513068e-01
5.212117250460595042e-01
5.241555846759389237e-01
5.281472034251576408e-01
5.335405520406694135e-01
5.376646824595936458e-01
5.408388509888429896e-01
5.446484397052213655e-01
5.482828419099944339e-01
5.532262742561467883e-01
5.578748657573712189e-01
5.615517227292819991e-01
5.682249997966720700e-01
5.735233353969414472e-01
5.777931613604982974e-01
5.837405767839375370e-01
5.903744305516485102e-01
5.958354921477144739e-01
6.014106610337731640e-01
6.076166569534218187e-01
6.148453444096815268e-01
6.226712993212732972e-01
6.292176026256360855e-01
6.359760144308257424e-01
6.434275236380486707e-01
6.512149297743787812e-01
6.608224781534619563e-01
6.695089846488083696e-01
6.781407642473731290e-01
6.868877509437198992e-01
6.962479356315106616e-01
7.055592549246259004e-01
7.153204369012069463e-01
7.255216042572681934e-01
7.366741896308465209e-01
7.483616675030676513e-01
7.604352678145193112e-01
7.737290957321734108e-01
7.871281326033991999e-01
7.981495630671010533e-01
8.126782351108623459e-01
8.275337181163601175e-01
8.404196529564497142e-01
8.566343206428422841e-01
8.722169757908013743e-01
8.867276030504138706e-01
9.050047063732981067e-01
9.236268302270973507e-01
9.427185372977997524e-01
9.611558890128012456e-01
9.806276028428448921e-01
1.000864350910116274e+00
1.021280556000430773e+00
1.045138670972631800e+00
1.068891323667598314e+00
1.091151430150565149e+00
1.115236613435992563e+00
1.142176204381604609e+00
1.169286526518220404e+00
1.200271884075385209e+00
1.231005043644384234e+00
1.260964093494129967e+00
1.292215872990049919e+00
1.327047994898508554e+00
1.361924787909363888e+00
1.399349789568435032e+00
1.439079958782169877e+00
1.481911871477258336e+00
1.524971324296753528e+00
1.569103742541077651e+00
1.617751283945043861e+00
1.667871106885584043e+00
1.720756043306882921e+00
1.776672103976124850e+00
1.835231292861439156e+00
1.894991967217945383e+00
1.960122837597058520e+00
2.030808277537554662e+00
2.103852888045495195e+00
2.181346887682409807e+00
2.266621446394323502e+00
2.354041547748790375e+00
2.445569018422938168e+00
2.544242023732341540e+00
2.649080344360904782e+00
2.764453664275177580e+00
2.884725512815399906e+00
3.011959942363656939e+00
3.151111051451136458e+00
3.300753953953059483e+00
3.456558690347224516e+00
3.628427601922458834e+00
3.817031324049155572e+00
4.016944340572758065e+00
4.236525377573604700e+00
4.471082063472560542e+00
4.729669225714470571e+00
5.013354629423815823e+00
5.320093916222130126e+00
5.659532342874395994e+00
6.030108004520641884e+00
6.441956008904422326e+00
6.902521397994737740e+00
7.407848511689452131e+00
7.973877557091206825e+00
8.610373375358234327e+00
9.326675460469616041e+00
1.013782464792690696e+01
1.106063933453601678e+01
1.211565679017416386e+01
1.333220973108740282e+01
1.474311535780907612e+01
1.639091625190803825e+01
1.834133260978200397e+01
2.065176940395191352e+01
2.343941383218954044e+01
2.684958587420879894e+01
3.103975355718406348e+01
3.632516822843940218e+01
4.308685757580818887e+01
5.195721283864604345e+01
6.388051743351096690e+01
8.047680051095198905e+01
1.046004980872352093e+02
1.416591316389981898e+02
2.033861165538280034e+02
3.185680488526776344e+02
5.842156577935188579e+02
1.590534097988418353e+03
3.133185844840758000e+04
3.276199863968507852e+05
2.177784006433997420e+05
6.646016621315108750e+03
9.801159535506900511e+02
4.400999678392130932e+02
2.591877753257742256e+02
1.724273622051609038e+02
1.235164489928369136e+02
9.293964055020889248e+01
7.253685185306608219e+01
5.821467077450240879e+01
4.777086622171081842e+01
3.991774747018531144e+01
3.384901265717171981e+01
2.908971372454870519e+01
2.525562422158836640e+01
2.214311483856164031e+01
1.958142145118869948e+01
1.742120089869879607e+01
1.561639802253784381e+01
1.407524577840619351e+01
1.275273486548419122e+01
1.161353782263741330e+01
1.061932129663251345e+01
9.744586750953320831e+00
8.983631531657986002e+00
8.299674606471800331e+00
7.693075072207036236e+00
7.154464034470780831e+00
6.669251380382330119e+00
6.232753690263120205e+00
5.837035158613592678e+00
5.482303329263200631e+00
5.158891616087114329e+00
4.860231855190724204e+00
4.586839915962899639e+00
4.334659719662188770e+00
4.106953897928223185e+00
3.895953784197441649e+00
3.701658688352328141e+00
3.523652766939312730e+00
3.356041089257424392e+00
3.200791654856788515e+00
3.055783403122826147e+00
2.922160221481452602e+00
2.794562671026491252e+00
2.675372049178267542e+00
2.566069194776396944e+00
2.461877245435738715e+00
2.366106431264780596e+00
2.278185685009168182e+00
2.197860462949044358e+00
2.109553309596774007e+00
2.030850718180799319e+00
1.960363965551348953e+00
1.891187817115818515e+00
1.826458203301354777e+00
1.765197433075039735e+00
1.706695667735972810e+00
1.651091293584516784e+00
1.599097403743171997e+00
1.547620626499011776e+00
1.502962569426128825e+00
1.458366675926299871e+00
1.413254299204110831e+00
1.371559427186094915e+00
1.332630026590418515e+00
1.295648497768536966e+00
1.260729061571243870e+00
1.226706977314090841e+00
1.193368448626613842e+00
1.162079974387172809e+00
1.131597125333444032e+00
1.101659491516741030e+00
1.073829297481466494e+00
1.047807193386825597e+00
1.022543599064318798e+00
9.981342129548368414e-01
9.731964594418742731e-01
9.505972545561364173e-01
9.283273343837326053e-01
9.085499395181024784e-01
8.884488496474014507e-01
8.677767182943233459e-01
8.488442457850513545e-01
8.310414465358945124e-01
8.137600697093148039e-01
7.966584987364391246e-01
7.808619446303065592e-01
7.644522944918347163e-01
7.476378589315969547e-01
7.339420273514810633e-01
7.195475929782290114e-01
7.053553046866998244e-01
6.913718711870950884e-01
6.779303198751139847e-01
6.650925348231225831e-01
6.537252693110635615e-01
6.411084309730407105e-01
6.298463658067584570e-01
6.194811680870174753e-01
6.128479551620639176e-01
6.027383844633673604e-01
5.875051701406363014e-01
5.777762745088422802e-01
5.691400299617532799e-01
5.597649525553303196e-01
5.506198153637636983e-01
5.416200261446152409e-01
5.328004310338448901e-01
5.236690263195489248e-01
5.151839452199822311e-01
5.076225419992957955e-01
5.001874462164818125e-01
4.926530456706897931e-01
4.861353763739110767e-01
4.791286621064024809e-01
4.710880955420686522e-01
4.636101948426569752e-01
4.575648133915938276e-01
4.510193843390409851e-01
4.448878500219478616e-01
4.395470673835072395e-01
4.332899544528758251e-01
4.268253473256948816e-01
4.207037450158201408e-01
4.158468338189171276e-01
4.109187181712586900e-01
4.055199744517443694e-01
3.999978432368984094e-01
3.951666418532869818e-01
3.903180381133715127e-01
3.854897528078441993e-01
3.812394351891901789e-01
3.764968024874115193e-01
3.725602191749839975e-01
3.680207708465169092e-01
3.642053369460880874e-01
3.602194287681342311e-01
3.565316448595142185e-01
3.533054726697311132e-01
3.509971136251925916e-01
3.460062083128136456e-01
3.425464829129786781e-01
3.393816344923513695e-01
3.365931151668402066e-01
3.340258922486800119e-01
3.319035208327594244e-01
3.293314968192619374e-01
3.288238971883898354e-01
3.289582392164215885e-01
3.398049142615554574e-01
3.847090099556905729e-01
3.687922544624167021e-01
3.708772038404182791e-01
4.416276682473594950e-01
1.013006103342841024e+00
9.218809685225664907e+00
1.271071291130593295e+01
1.761467108139047388e+00
4.198612377699732501e-01
3.346190287412627584e-01
3.059699895917895596e-01
2.924995129140305350e-01
2.842404652502246720e-01
2.775253513655442372e-01
2.731120062324425835e-01
2.688986062657197085e-01
2.648719188749963371e-01
2.620960402335481554e-01
2.589782531773133223e-01
2.565425245240134933e-01
2.541823380243176667e-01
2.520798471879534541e-01
2.494357195204705002e-01
2.473064665623715408e-01
2.447877668375090798e-01
2.431227061449038052e-01
2.413236406540764933e-01
2.391669744820296983e-01
2.370992274444876924e-01
2.347582091105817337e-01
2.329215921632685204e-01
2.314000188958285076e-01
2.291288109535860040e-01
2.273156975506619160e-01
2.255056021222419937e-01
2.246343940660546767e-01
2.228893222794454954e-01
2.219790024052934463e-01
2.199551024212343664e-01
2.208523379842753098e-01
2.224898000026278855e-01
2.170030615074697300e-01
2.202470656514738667e-01
2.179867570116089948e-01
2.107823089119572335e-01
2.083013816025748866e-01
2.066792976024246775e-01
2.052019022835933071e-01
2.050725349705377065e-01
2.054711351705738320e-01
2.386788890003940788e-01
2.701268442227923172e-01
2.156912876052532180e-01
2.004650145629285896e-01
1.964229216147892199e-01
1.949107387443178296e-01
1.940292888057633947e-01
1.932934778476042281e-01
1.913174732460271865e-01
1.896251112929861204e-01
1.880124798815206444e-01
1.873967768928360422e-01
1.868119052389045354e-01
1.858988728023757697e-01
1.844104569771485291e-01
1.831346797639138435e-01
1.815299510052919563e-01
1.804689741551919191e-01
1.794530260218947237e-01
1.780495681576017286e-01
1.764527688698868946e-01
1.750191930522450312e-01
1.735318931058618674e-01
1.730511384455772350e-01
1.722190491053871841e-01
1.711312010409993534e-01
1.690942149417797580e-01
1.680168244753715845e-01
1.662897356683143146e-01
1.647570572758297602e-01
1.637028948591525424e-01
1.622861790119165815e-01
1.602230630776627918e-01
1.594768129035991633e-01
1.576405464449647242e-01
1.554671814321441359e-01
1.538799146583876565e-01
1.527101514346390909e-01
1.506003655673471275e-01
1.486812772573506969e-01
1.492495772436013834e-01
1.472294742977771076e-01
1.428260965944762595e-01
1.399601454477856499e-01
1.375131699919472095e-01
1.346130093530267247e-01
1.319442153956981167e-01
1.291818078038013407e-01
1.259778936202319011e-01
1.225876891519825790e-01
1.190975756307045275e-01
1.169480346241427299e-01
1.129466119332553919e-01
1.077147239435187337e-01
1.038012169243345967e-01
1.000595768638203736e-01
9.571790451719845716e-02
9.122860752063746692e-02
8.700001341743798799e-02
8.236571148483540217e-02
7.771296112664194400e-02
7.300159477882010861e-02
6.829129338144653005e-02
6.403174366948745366e-02
5.962306716909196447e-02
5.528578601480949040e-02
5.083175221215195660e-02
4.667937099495942516e-02
4.293001100980575052e-02
3.911782054525923813e-02
3.533448841292211040e-02
3.195010205946209603e-02
2.884365932255341866e-02
2.594214491963086830e-02
2.319456718198561335e-02
2.070367838327864807e-02
1.839339763703442751e-02
1.627558507884355882e-02
1.435874722734260464e-02
1.261082011275778923e-02
1.106370818075191539e-02
9.661595539426102996e-03
8.411904497840672762e-03
7.299117589804738834e-03
6.330631191585570951e-03
5.469570789622344928e-03
4.703788786327957154e-03
4.041187149595054130e-03
3.475878378966174367e-03
2.968349047004357338e-03
2.544746041111179205e-03
2.213187652794846097e-03
1.837265862362216610e-03
1.529674062067766689e-03
1.289288748942176918e-03
1.081946877186761892e-03
9.040172850410968606e-04
7.544168901163217367e-04
6.269510466778273425e-04
5.197368140712921736e-04
4.292023573931814029e-04
3.561752449269685425e-04
2.972023401596547753e-04
2.381936080316659381e-04
1.924471957446163665e-04
1.558550451091818430e-04
1.257982562705369542e-04
1.010325728723012638e-04
8.073342511934561102e-05
6.427285341803746198e-05
5.088669687972868083e-05
4.012059430375907983e-05
3.201211683652917809e-05
2.575316351504971499e-05
1.919524405029067625e-05
1.453086541713923473e-05
1.108516510079254438e-05
8.406444793952052178e-06
6.324015408478094960e-06
4.718985464881094520e-06
3.492647114253966991e-06
2.562000993384132718e-06
1.860970737852014660e-06
1.338139611551319725e-06
9.516646738881167951e-07
6.691781223853772577e-07
4.645517668032703163e-07
3.181890429593585536e-07
2.148346543416112661e-07
1.427748066457159440e-07
9.331669953554717651e-08
5.983827677684735206e-08
3.766398885657834860e-08
2.308809668742665689e-08
1.392951515844558995e-08
8.130116193837795265e-09
4.612314867427697579e-09
2.536992291258219477e-09
1.353811959624364613e-09
6.920250379638055543e-10
3.446959771291766671e-10
1.681852010172394829e-10
8.360814515915014891e-11
4.534945424240629177e-11
2.920923359689057516e-11
2.311926179355209523e-11
2.089979195703984466e-11
2.016646713296067490e-11
1.993249314224219193e-11
1.983310693498999954e-11
1.977669957400725128e-11
1.973838861186615294e-11
1.971600116564164072e-11
