8.868696011146958662e-07
1.111110834645819634e-05
2.814389156661283270e-04
2.859757622258912897e-03
1.430910903114396282e-02
3.629710161536937874e-02
4.733762714115687803e-02
3.874687816975751209e-02
2.787797547484051688e-02
2.476755851633647906e-02
1.672431822861552564e-01
1.604189790199059551e-01
1.338803252779850045e-02
5.983085664874710809e-03
4.971239852271234182e-03
4.208256950460032356e-03
3.589947586188419002e-03
3.035159610411626574e-03
2.535838229144288074e-03
2.273016405389526734e-03
1.997603192040370724e-03
1.865969602249187894e-03
1.825385871248939862e-03
1.691549078720479228e-03
1.548548496134124737e-03
1.442572158776186247e-03
1.445060792363845508e-03
1.461897339035533351e-03
1.390309188765159049e-03
1.344903449539242360e-03
1.339656626773661884e-03
1.308055102608852212e-03
1.284868768504329392e-03
1.280471593230940973e-03
1.212331042470569682e-03
1.177040445103818027e-03
1.209698315478477696e-03
1.240127014255620495e-03
1.217265615243720914e-03
1.261445112090707954e-03
1.236207988914294221e-03
1.191536978044087543e-03
1.219382935848718156e-03
1.238377402503725369e-03
1.167227916421398684e-03
1.175610884920066587e-03
1.124089925621995709e-03
1.019827446498413389e-03
9.877379104701431052e-04
1.014271098747139338e-03
9.689351016138430779e-04
9.915145380676765492e-04
9.630808544656101937e-04
9.623675742457669284e-04
9.522741897315828994e-04
9.233913499221951381e-04
9.288378467182152468e-04
9.490404918393372229e-04
8.986252626632571482e-04
9.108859371599719711e-04
8.846102575277882407e-04
9.096834800982837171e-04
8.428899393568329733e-04
7.839241282289524920e-04
8.063077124915234931e-04
7.931363363729488671e-04
7.700037389108549271e-04
7.690093334953295194e-04
7.618142882335972354e-04
7.468570065190955612e-04
7.419269992705035399e-04
7.632726809467708191e-04
7.611395420074602673e-04
7.345613574971901656e-04
6.894508904634667236e-04
6.845656891075177280e-04
7.013370446703939137e-04
6.934937975085620062e-04
6.587004181301875025e-04
6.770917159889622370e-04
6.958271163428654538e-04
6.642766290937114713e-04
6.682513620184792362e-04
6.471528359891005498e-04
6.652783247553257628e-04
6.838371153643009763e-04
6.436728597322383897e-04
6.171116028745984904e-04
6.003628432570457972e-04
5.964670381574767918e-04
7.592628607285082385e-04
9.237625422880433104e-04
6.496075593370479948e-04
6.280690683324293214e-04
6.244012347719835520e-04
6.090324637013035027e-04
6.270510378339629563e-04
6.269900042257701370e-04
5.986187970682540441e-04
5.853881389228219765e-04
5.914935450346898082e-04
5.571675109878233573e-04
5.720243365912957125e-04
5.870931820506817243e-04
5.927022012243079053e-04
6.337431972414287904e-04
5.849635581054609106e-04
5.574295544412598497e-04
5.570846509195175131e-04
5.874168089849189861e-04
5.905893053672786434e-04
9.541169155106438279e-04
1.269332618823245870e-03
6.202755513741787293e-04
5.432579089717896621e-04
5.518574608803404006e-04
5.632088327496055386e-04
5.298486044102461087e-04
5.282028235180376936e-04
5.389334100996454437e-04
5.345290066944459462e-04
5.101956174216690926e-04
5.343431592183228284e-04
5.188048853996876913e-04
5.092447315429801148e-04
5.281834545963387572e-04
5.470539527373464083e-04
5.421865624458970965e-04
6.193332846632139139e-04
5.756179905368993040e-04
5.444432937415825220e-04
5.011935112497187044e-04
5.332258099296053894e-04
5.182409041959069483e-04
4.984722680269602392e-04
5.077985631558710631e-04
5.121855512684622648e-04
4.970527723513767536e-04
4.942701173589103460e-04
5.034374643056229457e-04
5.118516364352052256e-04
6.141685210233477354e-04
5.879033395523624358e-04
5.201861480036928075e-04
5.079200110786451922e-04
4.797119900687380552e-04
4.976574726692497511e-04
5.150611306668225571e-04
5.086612393218591923e-04
4.802756055213884610e-04
4.634120396409445127e-04
4.759251400814237093e-04
4.962576627714720924e-04
5.003203124765354852e-04
4.794785076911991183e-04
4.765143767654242911e-04
4.827502408403104746e-04
5.085802819469550538e-04
4.830664961065340404e-04
4.728887167053165983e-04
4.601450468502381731e-04
4.755844935652156404e-04
6.414126694950495183e-04
6.126149715342316853e-04
4.786910108900335054e-04
4.828508072514879862e-04
4.700050952486337520e-04
4.623480513305625885e-04
4.770891103642824769e-04
4.664785459046218424e-04
4.588461209973826362e-04
4.636121899440389781e-04
4.527679943614668339e-04
4.636827395723123373e-04
4.720167355464165420e-04
4.724069235883268333e-04
4.660341051203064386e-04
4.752068139478499197e-04
4.698563912071250666e-04
4.798774894636261240e-04
4.685738373954781151e-04
4.696796744304923294e-04
4.740663982757825634e-04
4.711470027354497186e-04
4.733770026603967827e-04
4.851739496126170948e-04
4.861631640815548350e-04
4.834149964857827682e-04
4.791250078993672542e-04
4.590030531669444082e-04
4.813813654500708307e-04
5.727184542415257422e-04
8.898565534113422101e-04
6.061206835902576730e-04
4.698708194402724178e-04
4.760699457880230114e-04
4.790249323731859683e-04
4.895023802094985999e-04
4.799477362922809336e-04
4.703320707122681356e-04
4.833899554320705122e-04
4.998367318210602704e-04
4.876433617847874646e-04
4.891419356301656947e-04
4.666212513560040616e-04
4.811917778457172070e-04
4.844777101155018045e-04
4.768335876061834577e-04
4.658985571249185903e-04
4.815610263311151645e-04
4.782891054752906254e-04
5.052371652696480793e-04
1.171512893037331571e-03
2.894481625275939496e-03
1.131376236399044130e-03
5.209399911628944833e-04
4.714399172437778226e-04
4.858192605345770581e-04
4.889011711017972545e-04
4.741447828830881294e-04
5.249037990322830052e-04
9.656135278609218964e-04
8.694025316324553113e-04
5.287818809119940438e-04
5.075624501645240689e-04
4.893551187419613790e-04
4.772699929298822503e-04
4.776324008351227131e-04
4.777852429198277471e-04
4.811830297101235662e-04
5.071400784110579197e-04
5.070110112919695581e-04
4.981385521193146433e-04
4.949265863180560884e-04
4.976457922677592202e-04
4.641205570388355173e-04
4.874327401970679095e-04
5.121543139827339263e-04
5.207225924705182222e-04
5.070158890609266413e-04
5.175220491778236747e-04
1.187050702551206271e-03
4.206047881180667580e-03
4.515868334117129068e-03
8.872647364687779106e-04
5.134213185505703781e-04
4.825624403831533030e-04
4.923112437796568850e-04
5.155537693582513438e-04
4.903343943510555386e-04
4.734326534211458887e-04
4.894612266593909716e-04
4.883570250718273454e-04
4.686059309321596237e-04
4.701902141770619324e-04
4.884191909021283343e-04
5.097623155752838706e-04
4.895046476646454196e-04
4.821986163388530897e-04
4.778744906425537518e-04
4.802130144173717067e-04
5.333391750128786170e-04
8.396634706784273728e-04
4.340886327141622349e-03
5.264617687441311422e-03
9.538180627433140652e-04
5.498559295857990969e-04
5.258631396795959093e-04
5.342256526474598814e-04
5.155360061589686583e-04
4.882987426581508706e-04
4.965782179565241547e-04
5.349811183749718455e-04
5.639122415454288044e-04
5.025707936500043663e-04
4.933853532025922212e-04
5.013748051303437573e-04
4.978326497735116075e-04
5.214952459419574127e-04
5.355095657387853392e-04
4.988422177149097860e-04
5.076035231769297556e-04
5.258870452577975654e-04
5.558400583605321637e-04
5.268399438715263769e-04
5.146856287912255452e-04
5.432136188916010175e-04
5.479949159938390458e-04
5.200578233003844489e-04
5.198823541617817639e-04
5.032941743110866655e-04
5.361424960634267496e-04
9.901623990038713359e-04
3.240352759246116227e-03
1.966878131741131921e-03
5.905222049269827269e-04
5.241064009320198832e-04
5.305115270119187005e-04
5.385942932813672776e-04
5.171619621683786394e-04
5.370527053536538423e-04
5.568283838974210026e-04
5.462391266181845914e-04
5.522261176891894024e-04
5.761693035495218549e-04
5.494496190746708982e-04
5.484326122634227514e-04
5.308034809420684444e-04
5.543988249740494688e-04
5.545507601287712413e-04
5.730354023562012587e-04
6.316062857072597680e-04
7.968400853899811585e-04
3.729279424646760738e-03
1.707943461621478157e-02
8.807193836463611536e-03
1.039094177869009624e-03
7.136928542493209491e-04
6.330174868858850579e-04
5.780628028604207873e-04
5.402894919783957431e-04
5.557267421696026688e-04
5.649733257809941680e-04
5.567524059655878455e-04
5.492094180141526361e-04
5.627965185934566536e-04
5.436143928959858091e-04
5.341339357081558185e-04
5.502938860277944121e-04
5.518400570710588725e-04
5.314400692926826968e-04
5.589338510983340178e-04
5.586745599679589355e-04
5.870105516481941444e-04
5.867891677776023536e-04
5.942136463744933286e-04
6.077563652813995155e-04
5.886302913827453319e-04
6.258007661686880961e-04
6.357931344351943704e-04
6.846607159624592620e-04
7.854474730042132610e-04
1.141999197038977678e-03
7.307510494057284367e-03
1.485900691448291573e-02
5.193440883342451825e-03
7.034028219790895015e-03
3.153635311280365752e-03
8.625260497140736391e-04
7.703827194279734775e-04
1.564168890874394766e-03
7.854703142811380115e-03
7.570024187020027787e-03
1.319160884201414554e-03
7.895562220961567469e-04
7.635441688244278598e-04
9.423164044310665529e-04
9.878123060956163232e-04
7.305022690706011474e-04
7.316655960941490259e-04
1.102047756479518663e-03
3.712700218873107340e-03
3.006173354386915651e-03
1.163011871829050612e-03
5.364411518105299467e-03
9.676414871173636204e-03
2.556896075762823441e-03
1.139391451363270993e-03
9.224313148111200214e-04
7.990890447649687560e-04
8.301949941006779967e-04
1.615171769331606331e-03
2.755826220945936308e-03
1.181539748849953298e-03
7.135859360201218500e-04
7.040814431536326695e-04
7.683840698868625672e-04
1.280325462985915140e-03
1.394109754297621255e-03
7.379725472584743647e-04
6.491739237125671155e-04
6.356450845846328126e-04
6.604874061434799250e-04
6.737866361991946742e-04
6.436084602136263712e-04
6.146993015220778315e-04
6.345562051275954523e-04
7.569301493568887868e-04
1.037237175585487654e-03
8.569591594877747857e-04
7.538580641420242028e-04
7.601634421592334953e-04
7.983127716851417003e-04
1.506086127706872217e-03
6.201487818272568078e-03
5.340725558018937641e-03
1.112551423225206868e-03
7.508381665570249908e-04
8.385952731014093562e-04
7.975932898966265391e-04
6.055292269681755322e-04
5.775680950879125706e-04
5.683434392510215314e-04
5.732181931305805516e-04
5.780577999508766836e-04
6.041560328442998782e-04
5.731788651634094805e-04
5.114117022154813196e-04
5.062537728003587735e-04
5.231245938009097297e-04
4.856201707509841823e-04
4.643423379681000870e-04
4.889697165519410601e-04
5.547194279280206683e-04
1.131962928688146812e-03
4.856319061201971876e-03
3.919648835304286212e-03
7.807064402975312251e-04
5.476526525109938395e-04
9.219014385921438671e-04
8.267732086865845539e-04
3.894871560803836908e-04
3.301815839276642261e-04
2.714754455030192666e-04
2.357655122412838985e-04
2.101216312972135772e-04
1.902329953529935261e-04
1.697157583280842978e-04
1.448400477357263442e-04
1.976737768087531353e-04
3.025927616177062044e-04
1.509018845742671308e-04
8.243879482286290729e-05
6.804135376464664022e-05
5.679221673292070781e-05
4.769916665117773975e-05
4.020935778796399065e-05
3.370413702529656709e-05
2.736805071812660424e-05
2.361715887478642892e-05
1.922765968657163228e-05
1.519200982816268883e-05
1.215813089437048983e-05
1.259277756763950182e-05
4.030890458684995936e-05
9.795666075709961106e-05
3.619771236533707396e-05
7.232786334681936272e-06
4.577225402327255853e-06
3.353045148253700132e-06
4.385039689379825482e-06
6.632590458591040680e-06
2.632763109678118405e-06
1.025539803817770325e-06
7.516974322009993730e-07
5.454779300492729588e-07
4.237157272550084235e-07
3.186919604692076209e-07
2.405149939693848790e-07
1.684295546085596654e-07
1.276033655944578422e-07
1.610198009562758032e-07
1.157260454158289527e-07
4.024817368875510320e-08
2.978792687769083298e-08
5.817824928421832858e-08
1.115582839374572147e-07
3.750998841826841550e-08
7.440468532369885605e-09
4.076264772170552631e-09
2.714235295449398290e-09
3.359783780939641647e-09
4.584000081420204835e-09
1.621901239117528666e-09
5.881837408484791099e-10
4.084816404000877567e-10
2.702711148532040742e-10
1.786785969594148048e-10
1.250648243548596024e-10
8.417383159739543476e-11
5.428260074318806686e-11
3.831289393339865292e-11
3.224022619810584492e-11
2.354067954047665664e-11
1.193541736464983932e-11
6.902747088683027998e-12
4.514996147289199326e-12
2.940010288504042041e-12
1.888181595484634145e-12
1.211044773389193376e-12
7.674115940432589226e-13
4.803472965015720010e-13
2.914893621201432929e-13
1.857106913624355481e-13
1.053854966980432330e-13
6.234453197225459506e-14
3.791909798329688241e-14
2.120745367246229169e-14
1.350135780110884592e-14
8.832155017828138563e-15
6.536214456448552690e-15
5.600218687350921019e-15
4.754296158456489377e-15
4.539815692520096296e-15
4.262168581066940540e-15
4.124733967676734768e-15
4.011885515362103540e-15
3.917357350859421260e-15
3.843909463299797155e-15
3.787971428086554409e-15
3.748046235024647684e-15
3.724250432992000755e-15
