9.484318312010224660e-07
1.169825358750416731e-05
2.616544347984599847e-04
2.889381904450439784e-03
1.510313774798710193e-02
3.834647416479852744e-02
4.922211544770523084e-02
4.149270766152325651e-02
3.038021150398171819e-02
2.274199100898307430e-02
1.618021135825787812e-02
1.251842401547088868e-02
1.028360532770579254e-02
8.244923410338824907e-03
7.279124308026518018e-03
6.491611661327458503e-03
5.711738178340998277e-03
5.505867015682786025e-03
5.194155205225611457e-03
4.718012259568978885e-03
4.994026903506826147e-03
4.948565513127850361e-03
5.021992155521542121e-03
4.932221009709665017e-03
4.940579685500033104e-03
5.212944051842630620e-03
5.519269847921301139e-03
5.670105615546999593e-03
5.903604187490158611e-03
6.230538108815444377e-03
6.491365653286388336e-03
6.969024001908261622e-03
7.547027706980317593e-03
8.083024782979918166e-03
8.945006142864289980e-03
9.694218302284516101e-03
1.063072154879758299e-02
1.176510299021669460e-02
1.294450634953938153e-02
1.465211549825857010e-02
1.735917468390426807e-02
2.046832703131171508e-02
2.419705245832285898e-02
2.949352870182123457e-02
3.651337872684286973e-02
4.670831816886964610e-02
6.333830609496239605e-02
9.288070385214097779e-02
1.518395556342629349e-01
3.317642511197156918e-01
1.482339174729149667e+00
5.945373449678200473e+01
1.128640160223760404e+03
9.864050999678081553e+02
3.255074948498356946e+01
1.177809523177543394e+00
2.950036139608031571e-01
1.420365393971128321e-01
8.720468423246843792e-02
6.060761764667721430e-02
4.539191197605974004e-02
3.528056613521279167e-02
2.832721083530511177e-02
2.315678681468210862e-02
1.948817720905455381e-02
1.664483607330719331e-02
1.431213616164138391e-02
1.241262897972351953e-02
1.105159988852758013e-02
9.900083885637423267e-03
8.899273744568782576e-03
8.013763158273876780e-03
7.224116395677063207e-03
6.771093108797503722e-03
6.095492723891154582e-03
5.546113703982487840e-03
5.218062315499496194e-03
4.798603309860992143e-03
4.519831900157427092e-03
4.274151388156095278e-03
4.152161254174195279e-03
3.881502647183353999e-03
3.584345911572400963e-03
3.391806663281946976e-03
3.258923618729501603e-03
3.170499552553121547e-03
2.959801115721700637e-03
2.772535992656106636e-03
2.684937403824881608e-03
2.472738907671554170e-03
2.444184666282410174e-03
2.363273333097001740e-03
2.296935324927780377e-03
2.191531699702034194e-03
2.136993450468251034e-03
2.063407696303196266e-03
2.031249597660384452e-03
1.949697433468924185e-03
1.963644755532255315e-03
2.037739415556952347e-03
1.945448107171840425e-03
1.698770366208229160e-03
1.749307315244627353e-03
2.038825112105790982e-03
2.388963484470332799e-03
3.573366270507498041e-03
1.971807618807065385e-03
1.536278905156391325e-03
1.518883866854619721e-03
1.447940994511064854e-03
1.393725247043526216e-03
1.440974464457842226e-03
1.415466995707017695e-03
1.360475286391342378e-03
1.347580875083970262e-03
1.324426297040038692e-03
1.292986572129387578e-03
1.269236641043851440e-03
1.234390484189270198e-03
1.214145042771675115e-03
1.186375678141441802e-03
1.231246535344929704e-03
1.157713961116312940e-03
1.088091486516611301e-03
1.064090496218645775e-03
1.072935195755985978e-03
1.071200753983944523e-03
1.067839384143222988e-03
1.143437996255900662e-03
1.100443875745950361e-03
1.004246548007484965e-03
1.015157512209173985e-03
9.790898026750733708e-04
9.688032390109534587e-04
9.667990433571312103e-04
9.803962618377235101e-04
9.906452897461702663e-04
9.663482479148731040e-04
9.333122843013004358e-04
9.202987571921226453e-04
8.936236314059390002e-04
8.533924796718039222e-04
8.735895554994696933e-04
8.751020524780516330e-04
8.498293379172666218e-04
8.418816463310643513e-04
8.258165969841262458e-04
8.451754156425874982e-04
8.463551725280437418e-04
8.524409188870382811e-04
9.971695299896793201e-04
9.152560800548482011e-04
8.135923773273625237e-04
1.019428290745123897e-03
1.155783329552814579e-03
8.205559519171356586e-04
1.310309382693785035e-03
6.740165111894070617e-03
4.677755485924609165e-03
8.730221774295128046e-04
7.779533192315021915e-04
7.646784314294145183e-04
7.535624773775912799e-04
7.174481187369883195e-04
7.078652515975029360e-04
7.288110408784694450e-04
7.253565360178979536e-04
7.346369696745813985e-04
7.417760717690707016e-04
7.300367750222223851e-04
7.060164012074698729e-04
6.944880315470616707e-04
6.993836343184133691e-04
7.010644008386011840e-04
6.757459138431845579e-04
6.872926049254916890e-04
7.099307705314055004e-04
7.008980790132857521e-04
7.267832072225225044e-04
6.800732688421019063e-04
7.011492551081386932e-04
6.973760900597314677e-04
7.174434103937236788e-04
6.933078970045146059e-04
6.866744705353370042e-04
6.789071273765416841e-04
6.786874862367286987e-04
6.868423027801621701e-04
6.901982381210346575e-04
6.811884881971758251e-04
6.887260608831995970e-04
6.612116904583766530e-04
6.537151878982885335e-04
6.494713327878481575e-04
6.901803290149638014e-04
6.789832992503813929e-04
6.699697179852458781e-04
6.785921517713998071e-04
6.709918212446955256e-04
6.595675656802905962e-04
8.232993240749272596e-04
9.042249545914041002e-04
6.641000834966300078e-04
7.076951642616890418e-04
1.222455284114327013e-03
9.912358624563557142e-04
6.593099091126633634e-04
6.512883878819810670e-04
6.256179329503338193e-04
6.954216282193778804e-04
8.059913082160130842e-04
6.636362062320533533e-04
6.136797932271253727e-04
6.152951904317084577e-04
6.396835465493543255e-04
6.411509018593251202e-04
6.200028430569239990e-04
6.016998606904793096e-04
6.173618066195481462e-04
6.392175188669976284e-04
8.406876559060161421e-04
1.238518657119464612e-03
8.151240554031608703e-04
6.201244503454658892e-04
6.106053044090870886e-04
6.357111876555197709e-04
6.348089718329729802e-04
6.012053482712365580e-04
5.913814883451157375e-04
5.843175628566519078e-04
5.945892628709701852e-04
6.059074512298792377e-04
6.108830427144100244e-04
5.942048209904176627e-04
6.200783545827584812e-04
6.249627982254914128e-04
6.075700277982812401e-04
6.013254501275573996e-04
5.887668541722894389e-04
6.244817549189238953e-04
6.312669323196728631e-04
1.122873023116442498e-03
1.437398862465384588e-03
7.273719521288245530e-04
5.975777890729914782e-04
5.902894865962639596e-04
5.709698991062238816e-04
5.798760473003211060e-04
5.938483880518961823e-04
5.843233211259811488e-04
6.942299946920896378e-04
1.263728466349269301e-03
9.765028365869731679e-04
6.043966290911562209e-04
9.364617281461533761e-04
1.701473588882543644e-03
9.195736005844287872e-04
6.248271001327695886e-04
6.216672859553256172e-04
5.872155894631816975e-04
5.977735867034521082e-04
9.510616971282703737e-04
2.940647417443115891e-03
1.788841096723298206e-03
6.300875104646070941e-04
5.925442982975442962e-04
5.960145371558116549e-04
6.337697032582752460e-04
6.235766444399439348e-04
5.976455301422804994e-04
5.846529475537074394e-04
5.815611947180098070e-04
5.973743091388071264e-04
6.087353031646318587e-04
6.030355655211521804e-04
6.142935465890652638e-04
5.949345221997439292e-04
6.175745569153175390e-04
6.287311670239850237e-04
6.135033121585764916e-04
5.816651074308042514e-04
5.791969123095375149e-04
5.966312265992704082e-04
5.909117594340214819e-04
6.040774457913525731e-04
6.170568939778591291e-04
6.000941453573194065e-04
6.004060261242784649e-04
6.034200271105368170e-04
6.202877497881727036e-04
6.169257884685980763e-04
6.416786156802766362e-04
6.329833609698823967e-04
6.000895354084553575e-04
5.928639418852025417e-04
6.123479714295182712e-04
6.016179295574691213e-04
6.239308537304524057e-04
6.445139088105564197e-04
6.473108595286898755e-04
7.544746133197957616e-04
2.582379324745148839e-03
5.502204263613854826e-03
1.862353868787537539e-03
1.531554275917421581e-03
9.806254776678373017e-03
1.076109060136641073e-02
1.555082954936639478e-03
7.884740913279601141e-04
9.965550291196479792e-04
7.789773502198981455e-04
6.459891936412921537e-04
7.077600789443486574e-04
8.904388907755696409e-04
3.508946716086162355e-03
4.666663063661646849e-03
1.151533400406789046e-03
7.028226122642930581e-04
6.404969987721794919e-04
6.393314839878754203e-04
6.198933165271882989e-04
6.256132709737194982e-04
6.111233991838024241e-04
5.826389178590915888e-04
6.033101933883366170e-04
6.115960773903681520e-04
6.207620355657956059e-04
6.050775516814345650e-04
5.996888817652654266e-04
6.138691083474434986e-04
6.340371171111729197e-04
6.429006193038998979e-04
6.441579288394294351e-04
6.430706080196495287e-04
6.416849115617930671e-04
6.467359883617731283e-04
6.853068963723187110e-04
6.729421930718067473e-04
6.790927689280938954e-04
7.032692904087538667e-04
7.410060329660928544e-04
7.393901457298080295e-04
7.221574191486426243e-04
7.304878985897257822e-04
7.682699220266849547e-04
7.821879264736694270e-04
8.279048482886179183e-04
8.040551097939645274e-04
7.561845252009969732e-04
8.481263462139029688e-04
1.512035926098951114e-03
7.515604203049795241e-03
9.836105178366952653e-03
3.536413015807762621e-03
1.557235463112161379e-03
7.877390827893928499e-03
3.090384346482419331e-02
1.385824787432230094e-02
1.556266330865082453e-03
1.048627186827188812e-03
9.573383784658855448e-04
1.726722440023865197e-03
1.906255691830390647e-03
1.028074116229448724e-03
1.069867452049673472e-03
1.672290833086724493e-03
1.208366365186947997e-02
4.023897495067982333e-02
1.536654741054865707e-02
1.621840446188472715e-03
1.045045296834486550e-03
9.171889312493959438e-04
8.448136432485779147e-04
8.015059674120483552e-04
7.892621547006775000e-04
7.577174239427854818e-04
7.458050672653987554e-04
6.839515490503194489e-04
6.905773970240916071e-04
7.186151298319767974e-04
7.130506335120080554e-04
7.393332508385822227e-04
7.667779981232427560e-04
7.592737666178710513e-04
7.043048515218903235e-04
7.085834358448368266e-04
6.987014149210015596e-04
6.843229287168057281e-04
7.232128880353905437e-04
7.427723773648313823e-04
7.200253627084289435e-04
7.923021324151601538e-04
7.854859072898034457e-04
7.888629295529720137e-04
7.971181866064436022e-04
7.779339485328830642e-04
7.277180325927755117e-04
7.209870185412367702e-04
6.936772262487206787e-04
6.840387168683163214e-04
7.085314560264865209e-04
8.034021897461942783e-04
2.139365909588840289e-03
5.813529243331153409e-03
2.753569260604734389e-03
1.093539017587910871e-03
4.558673657071313223e-03
7.016798167491756881e-03
1.667312366118578601e-03
6.295931737719197199e-04
5.433200687522931607e-04
5.060126228737408865e-04
5.119448714915474010e-04
8.064546390794348398e-04
1.280127213697137070e-03
7.538532087190616404e-04
5.166082441777406333e-04
5.528741760491686979e-04
8.127281189290084347e-04
2.895089041825324016e-03
2.702003102939511646e-03
6.056054778592603535e-04
3.329223311031513882e-04
2.808272321892319660e-04
2.662070372130469014e-04
2.382475314562937385e-04
2.077654081486821156e-04
1.821363738582850204e-04
1.565673028951756909e-04
1.537101678911338199e-04
1.371033339664388321e-04
1.122929783910531806e-04
8.707398102380300292e-05
7.931183328433625364e-05
6.741510011842368757e-05
5.508048922185095845e-05
4.376503185693536216e-05
3.704053058610580403e-05
3.257435912351030457e-05
2.756446109589338948e-05
2.201278331901175482e-05
1.667064530940502408e-05
1.392865410049110471e-05
1.238138757725126543e-05
1.043734255955147850e-05
8.911988915570424273e-06
7.559268449438951946e-06
6.202237681013160657e-06
5.290103270266855797e-06
4.198770599335802088e-06
3.265692207999468518e-06
2.834799960819494437e-06
3.313831535987386391e-06
1.474931665704826154e-05
1.968352699561475732e-05
3.918563627905826708e-06
1.930929256300297156e-06
5.585137825810260277e-06
3.592603149612805901e-06
5.672094009476757631e-07
2.879564527593755056e-07
2.079635183710007424e-07
1.564844541472994987e-07
1.138106894913878035e-07
8.537960021374264221e-08
6.566519521366656762e-08
5.045050655950673413e-08
3.886621796493526004e-08
2.897890122332709469e-08
2.201199526534589921e-08
1.728847433636474868e-08
1.618889260593520197e-08
1.684831092710332507e-08
9.480667597805771653e-09
6.112539151150715978e-09
4.436356770846468868e-09
3.352636847381073331e-09
2.509889058852797120e-09
1.880442344163649444e-09
1.379633776324142954e-09
9.957547565109841333e-10
7.178965327725870139e-10
5.170718141231454067e-10
3.687551446959279515e-10
2.576612491984203719e-10
1.773311456321303951e-10
1.210354364835689379e-10
8.187827169086775803e-11
5.435277258799858788e-11
3.556175861254275786e-11
2.279653069736796501e-11
1.433482682052438986e-11
8.809675983357397689e-12
5.279188942904243206e-12
3.095885213574981095e-12
1.754085746268840714e-12
9.637522681066135327e-13
5.137749669552121245e-13
2.615780424617231593e-13
1.300758066681589994e-13
6.268123701262187766e-14
2.985554323836705732e-14
1.585101556071538972e-14
9.068803149569881862e-15
6.637890744850543334e-15
5.824851955117854655e-15
5.385192254803573473e-15
5.223679068587271487e-15
5.127942686915020361e-15
5.050827433076712682e-15
5.001047870509849353e-15
4.971361739716593110e-15
