1.016710511120384686e+00
1.190836385759412641e+00
1.193809267459096546e+00
1.202117072033576983e+00
1.052732338694193359e+00
9.402681986720382579e-01
8.481536924811495792e-01
6.868795760746351231e-01
5.215960020420802312e-01
3.984122647298310449e-01
5.835292665381036636e-01
4.847045950881911924e-01
1.427379168660455333e-01
8.853251395628813913e-02
6.822488119272762663e-02
4.915079813471061321e-02
3.677441203794614560e-02
2.803552303219684211e-02
2.055831863264435955e-02
1.679280519078259898e-02
1.407713907279339698e-02
1.094101746200955814e-02
9.960126946225701661e-03
8.551060986481498136e-03
7.226747216051458353e-03
6.613044337780781858e-03
6.039876386592593453e-03
5.584967639392033820e-03
5.215263211710129826e-03
4.518096087688633355e-03
3.985075878999289403e-03
3.837495434969302125e-03
3.506236759676533733e-03
3.262133676501832377e-03
3.225783957557458968e-03
2.897309311385837076e-03
2.683073420509599159e-03
2.524255800594854288e-03
2.290515670794445076e-03
2.194051960852883183e-03
2.061813458832285548e-03
2.077790370075447215e-03
2.135193635867500220e-03
1.933635420873353918e-03
1.614376759085360807e-03
1.580292798804678071e-03
1.389461020150662427e-03
1.317004701122537289e-03
1.243975546147265462e-03
1.197068408397635505e-03
1.162160559001800117e-03
1.153249397627034017e-03
1.051350542195898146e-03
9.281570042665589866e-04
9.306315016316504037e-04
8.703707981361139250e-04
8.250578314980682327e-04
8.204812401468153773e-04
7.771487064187211202e-04
7.329134228650169497e-04
6.989281289191320162e-04
6.443296610603559951e-04
6.064119579266780352e-04
6.067115346062435096e-04
6.109550260323473331e-04
5.836397305271633388e-04
5.302121005483882580e-04
5.168284645831937394e-04
4.938510623087137563e-04
4.674771372498206633e-04
4.289755242766449977e-04
4.061086314539880246e-04
4.168098965685011629e-04
3.962495316961583405e-04
3.776762345885147044e-04
3.718028302695830273e-04
3.554928407005462920e-04
3.327262718281780618e-04
3.193956554740384778e-04
3.170282353625978071e-04
3.127063908079451390e-04
2.996212731853444868e-04
2.959522251633101854e-04
2.832367854606501040e-04
2.795729405348252737e-04
2.718121615293244949e-04
2.482843580444988717e-04
2.343163695169533695e-04
2.335941294488747965e-04
2.383671742845174988e-04
2.316698410678706709e-04
2.211344875518665828e-04
2.101123150042910539e-04
2.051116384811417991e-04
2.010306139922109605e-04
2.085583145596605909e-04
1.965615007302966267e-04
1.840440166856103469e-04
1.792931322967354895e-04
1.734155726576732130e-04
1.695285788568071399e-04
1.606109750553725657e-04
1.525549977501890859e-04
1.580118475122612191e-04
1.586032629566516510e-04
1.661307421921243924e-04
1.574366119519294259e-04
1.528370300487893443e-04
1.549134486354712876e-04
1.528862123757083276e-04
1.492225578212787672e-04
1.509472876740134252e-04
1.502158925766873228e-04
1.311377005910158394e-04
1.313111306454319493e-04
1.259325373556814491e-04
1.259735031190050705e-04
1.207734582071161067e-04
1.222997988455082460e-04
1.193829897124369812e-04
1.125109601651828542e-04
1.116585593700397970e-04
1.109913664797397792e-04
1.109142585924495256e-04
1.050343901998202877e-04
9.590162825080365036e-05
1.013138871255580420e-04
1.087608421547922138e-04
1.198137608597593244e-04
1.061753208405423720e-04
9.696348048574950844e-05
9.524843059486533985e-05
9.177109950324468667e-05
9.025772905647159257e-05
9.070394621996012111e-05
8.860979235059182732e-05
8.691449140226473354e-05
8.377171328396373505e-05
8.442453432079551165e-05
8.165942202039211460e-05
8.100693179337560221e-05
8.545913224013599262e-05
8.322631802821833574e-05
7.527128541544972937e-05
7.558101313082796137e-05
7.535880122537348875e-05
6.928835416027470662e-05
6.730967998131604792e-05
6.904112507167754797e-05
6.724961866233611536e-05
6.684044657393565787e-05
6.422945803591327270e-05
6.483460911961926899e-05
6.234139697511909591e-05
6.239372681027384145e-05
6.061121378193018016e-05
5.939084988519722423e-05
5.800282215883995496e-05
5.807348300202069439e-05
5.704725508595334801e-05
5.477020198036978613e-05
5.493335187328409500e-05
5.806025337068334430e-05
5.949501180623236851e-05
5.651563242180213212e-05
5.322067231747276684e-05
5.265586003939776806e-05
5.298131006124653442e-05
5.179412709316957186e-05
5.367521127962338468e-05
5.358774408170417699e-05
5.100805455526131983e-05
4.987079390758041865e-05
5.029755470983558372e-05
4.722925409040325669e-05
4.861096268775913715e-05
5.094735988825138039e-05
5.065436684824102737e-05
4.867931698505050523e-05
4.608640394684966921e-05
4.861730056745749138e-05
4.659572567941562359e-05
4.361382491189103733e-05
4.389674436244819984e-05
4.590570028774940120e-05
4.499897442798753654e-05
4.297720259362556298e-05
4.179513292049710739e-05
4.273720498267453912e-05
4.330381667125384512e-05
4.357795036988225770e-05
4.188853099982255878e-05
4.365324226108521977e-05
4.286831768187290397e-05
4.083102037386438882e-05
3.808123231654424710e-05
3.998271109313729935e-05
3.982603316052596209e-05
3.870563779499726581e-05
3.777816024562918786e-05
3.825643244132334510e-05
3.686885163206186835e-05
3.521214552726471223e-05
3.896843076809307463e-05
3.640959840404505544e-05
3.618975788848160266e-05
3.737669612080876512e-05
3.806667279550207434e-05
3.557170587392768392e-05
3.571174984909365611e-05
3.451604218479839895e-05
3.207694144463827350e-05
3.780139644543905784e-05
5.187572983567005587e-05
4.041077734434365336e-05
3.291836722404595694e-05
3.250604452336781133e-05
3.243667549021814873e-05
3.312014712449624205e-05
3.192709069266630255e-05
3.300499130898540358e-05
5.106421702243998099e-05
7.228370807342928859e-05
4.027255657040244678e-05
3.146882677405957868e-05
3.118483575915547015e-05
3.078895814203250859e-05
3.106150800447301418e-05
3.119231367929337800e-05
3.017001683883912110e-05
2.851836896588142456e-05
2.885586130796860216e-05
2.964273680714183415e-05
2.866700117641101105e-05
2.815109374222584025e-05
2.782761596468865818e-05
2.818790851303794602e-05
2.711931963479659254e-05
2.694214607443988453e-05
2.774958613195183381e-05
2.922720521937236909e-05
4.810742786530498622e-05
6.704832043940278099e-05
4.982958074626815285e-05
2.876815012297258211e-05
2.620633896295200554e-05
2.600936880750919511e-05
2.559988387726990807e-05
2.447251926002756318e-05
2.384580440931740510e-05
2.594079964959806263e-05
2.605366260539470537e-05
2.500265730734006992e-05
2.552856950033650390e-05
2.472764884438294184e-05
2.376666244349671033e-05
2.722310092412100611e-05
2.647623691451480264e-05
2.367151951882823658e-05
2.395071061544944176e-05
2.448328481876866001e-05
2.409287743462162928e-05
2.546047350221846952e-05
3.936912550930867047e-05
4.343506342087585082e-05
2.468603529270588524e-05
2.278527190007302304e-05
2.194643205078532878e-05
2.271922441314496845e-05
2.207916805125661935e-05
2.170862176025666976e-05
2.330340156539729827e-05
2.321684477348498300e-05
2.292850764032936084e-05
2.108784308983696750e-05
2.066559978574690300e-05
2.204220896704368115e-05
2.261961276485233914e-05
2.264796904160474306e-05
2.131210207994837120e-05
2.124379658382539104e-05
2.079220490349006982e-05
2.149777228720827881e-05
2.061058683624954413e-05
2.041024852250588820e-05
2.056352095591827225e-05
1.985566061453973783e-05
1.967720021579657676e-05
1.930937596171485905e-05
2.022586356886795186e-05
1.982214577413210892e-05
1.979128093469953255e-05
2.300983823278459148e-05
3.075889653813715190e-05
2.479909206477747406e-05
1.930520566343825077e-05
2.032825535883166427e-05
2.027980330233880186e-05
1.849629313381448043e-05
1.853187279760424607e-05
1.958574143019806266e-05
1.990958597647479657e-05
1.974951835930207966e-05
1.907872617944097400e-05
1.923718187242714825e-05
1.821534022282078627e-05
1.943032073212512577e-05
1.940449759249969781e-05
1.817261505682871487e-05
1.816599973081063074e-05
1.757070047245375575e-05
1.728954474961137634e-05
1.904702200975449166e-05
2.957574851762154953e-05
7.555469604727229813e-05
4.531309931066853953e-05
1.896258870794968756e-05
1.793017111604516773e-05
1.760552766508748169e-05
1.750951120697639946e-05
1.726631087205063628e-05
1.693451023965517808e-05
1.777091780444832456e-05
1.800622295584807905e-05
1.715802379623643253e-05
1.769813353546313581e-05
1.734681324156398476e-05
1.719844751339037232e-05
1.692897667717495469e-05
1.672810502552795044e-05
1.578274140156072844e-05
1.635859299465290163e-05
1.659122406885736519e-05
1.634714510688157631e-05
1.641681742886609140e-05
1.725459685747668205e-05
1.662758644012662866e-05
1.604165794939830359e-05
1.590203496989951560e-05
1.651784742933005873e-05
1.599429609123016746e-05
1.578499175253349714e-05
1.757488215964222487e-05
3.709740812571954058e-05
5.822761389597597484e-05
3.138187083122219955e-05
4.485098352110496384e-05
2.726439373113275169e-05
1.817870754680416394e-05
1.882503979062601145e-05
2.865527446538678480e-05
1.195812958889272708e-04
1.166854389465612259e-04
2.478242179528948247e-05
1.753432478846823019e-05
1.821483282177823102e-05
1.782253211048460094e-05
1.743236163396005701e-05
1.689885580799337355e-05
1.663551146350388294e-05
1.644150320992813396e-05
2.366991275960604992e-05
2.242549768016716439e-05
1.680677789771650553e-05
2.798360169809836176e-05
3.911903567111134469e-05
2.105721665393865726e-05
1.884742605756407750e-05
1.680386614329180863e-05
1.575074035185173755e-05
1.567358230296292539e-05
1.715591970318474502e-05
1.961512494865248632e-05
1.669093053860407189e-05
1.505419495157957192e-05
1.395510221284071450e-05
1.415515181543996059e-05
1.550368339338832363e-05
1.608488480328979281e-05
1.413313405605965412e-05
1.342880273913213709e-05
1.438118876334227802e-05
1.401553829386709217e-05
1.371228507528489461e-05
1.377303294664438198e-05
1.393156593815405120e-05
1.417700289012221676e-05
1.434297284839577224e-05
1.502319394194125048e-05
1.467084282978500688e-05
1.358411414950499222e-05
1.326445707500963844e-05
1.317207188613958884e-05
1.478308622399555813e-05
2.632569664552489679e-05
2.471968683727286938e-05
1.353176036793592026e-05
1.276572011615416692e-05
1.261465548918599267e-05
1.358765149415459787e-05
1.204271403253007236e-05
1.174942459056525574e-05
1.201560688804538338e-05
1.184388390536690902e-05
1.167948747499381511e-05
1.102130958112714533e-05
1.142962127486404190e-05
1.051030694234530226e-05
1.040723575341258431e-05
1.071184245083038040e-05
1.006484290940158624e-05
1.034282942344584596e-05
1.037003419251460065e-05
1.004142789051948559e-05
1.258392701390166611e-05
2.262094429869262232e-05
1.872237687855737888e-05
1.100168503283687445e-05
1.050875210963318074e-05
1.138530269825282442e-05
1.106974341405960763e-05
9.666304917854717273e-06
8.912666052785210037e-06
8.792362385439896516e-06
8.088029695733930480e-06
7.729657963916577694e-06
7.677372331463513445e-06
7.478997526533218689e-06
7.220006991506603590e-06
7.348772978561628448e-06
8.313144242731392887e-06
7.339360488725289974e-06
6.877978156156238620e-06
6.427478757207876918e-06
6.570990125297061154e-06
6.402490399134561888e-06
6.167929721572420190e-06
5.899205666982002780e-06
5.537909631101920775e-06
5.452243867467715568e-06
5.482589278895302068e-06
5.260229411470052584e-06
5.176113715089708593e-06
5.857543624468926853e-06
8.481779984489055721e-06
1.457177839907233415e-05
8.998214339387265278e-06
5.713556374975332346e-06
5.525698317414421058e-06
5.677688245448857477e-06
6.657173474035086325e-06
9.065498421926873376e-06
6.669475576727861098e-06
5.810084411486258703e-06
5.600282491421430755e-06
5.360488380661445864e-06
5.457509688917499567e-06
5.877163616682231227e-06
6.071691841047534830e-06
5.882612049913588766e-06
6.018918074811723751e-06
6.660698319725770827e-06
6.442783641286897488e-06
5.666294475327333168e-06
5.851079199211639030e-06
7.651539914966330844e-06
1.358738690903984483e-05
9.346089780068162392e-06
6.389274180067275492e-06
5.901288123701281393e-06
5.706474002258981855e-06
6.800365820691931299e-06
9.443589073711721292e-06
8.373587449475414465e-06
7.843432352496907417e-06
8.733234408800378339e-06
8.741803655412325598e-06
9.403615341304670671e-06
1.020045027308905655e-05
1.173749819235084705e-05
1.244323562158480179e-05
1.502496878569508528e-05
1.919285710406666733e-05
2.619023223735196033e-05
2.942342429953034803e-05
3.244212543736286092e-05
4.232850839854064492e-05
5.526732951088489778e-05
7.122719944611489789e-05
8.952715883877789026e-05
1.165101942640895907e-04
1.346097492539607662e-04
1.450769260449200049e-04
1.346469808922440411e-04
1.053073617899577606e-04
7.507334046356538510e-05
5.007917229555059499e-05
3.351944022375212751e-05
2.230706386235449328e-05
1.741363074862970522e-05
1.389747327926375386e-05
1.240916139169489222e-05
1.161986950757548344e-05
1.152592798963978499e-05
1.131288107446935566e-05
1.134041266436458508e-05
1.140117554860483068e-05
1.144447351061971568e-05
1.147307398329127310e-05
1.150350077167241160e-05
1.152542769334957832e-05
1.153822510028443950e-05
