4.363486031729371244e-06
2.704897009151951384e-05
6.652167164357097439e-04
1.044209729625761654e-02
7.618676373071485430e-02
2.681757876523195305e-01
4.817458774176512915e-01
5.728615586523256864e-01
5.853656469226211634e-01
5.850369425686264835e-01
5.902883569702827016e-01
5.875100679840774553e-01
5.862203019935692261e-01
5.850744635408541283e-01
5.874646317555600739e-01
5.885306583989503570e-01
5.909387184452545849e-01
5.936100180099285195e-01
5.954916849962393899e-01
5.980259746043393720e-01
5.981123144018968274e-01
6.035468084168159608e-01
6.061060866461458474e-01
6.074243513294201868e-01
6.097447974267061754e-01
6.128311237325976268e-01
6.165325903933417395e-01
6.208041695709975993e-01
6.260332908359900195e-01
6.309506152563438830e-01
6.348898466620936931e-01
6.414772962044174021e-01
6.438935200875269826e-01
6.473666310361289034e-01
6.530687539234880656e-01
6.604348860276828548e-01
6.658318371654743384e-01
6.688628043373002763e-01
6.747833204544525509e-01
6.829334184674035191e-01
6.863969738213004934e-01
6.929494128657349705e-01
6.989279910551537967e-01
7.059420626269237165e-01
7.135964950802506923e-01
7.224033404765075606e-01
7.318005834122682796e-01
7.396773042846780388e-01
7.474273692681030479e-01
7.570945803212819625e-01
7.649765134331724115e-01
7.713444630805339486e-01
7.816032235997641964e-01
7.935887380575349370e-01
8.039479495032739731e-01
8.143698207330092309e-01
8.247601800292198027e-01
8.358687809637066479e-01
8.493567634013078349e-01
8.618712597153507238e-01
8.732069821309499380e-01
8.869797944875001949e-01
9.000676793445250290e-01
9.144307215376998865e-01
9.303744681063891298e-01
9.439383535891485710e-01
9.581590550568962472e-01
9.763437609297878073e-01
9.939439661302055251e-01
1.011316514278707501e+00
1.029476827997162225e+00
1.047378429186800686e+00
1.066435318784701769e+00
1.088863017084088280e+00
1.110071308075709418e+00
1.131533111290104365e+00
1.155196613564820396e+00
1.179614889682796930e+00
1.204113391425106094e+00
1.228396393227088712e+00
1.256345323951166604e+00
1.283964185857664919e+00
1.312749541557450828e+00
1.343403433451609397e+00
1.375312716096932508e+00
1.409264146979598564e+00
1.443727222775498475e+00
1.481318264436745968e+00
1.516185263680544404e+00
1.554499320911284066e+00
1.597617198656296367e+00
1.642211707770049989e+00
1.686570283960945771e+00
1.730947488595132366e+00
1.783408009268330430e+00
1.835875025270945260e+00
1.888828329944365114e+00
1.946323982328189484e+00
2.007345957453759766e+00
2.071684217022413677e+00
2.139662177278784050e+00
2.208025608188911360e+00
2.283949678672566819e+00
2.364173520792271610e+00
2.449411014979959944e+00
2.536953820442172436e+00
2.628830269319534008e+00
2.728158125564283054e+00
2.832845377512493990e+00
2.943307849774045248e+00
3.063321673449445726e+00
3.190887148571758924e+00
3.329327262188079395e+00
3.474587983230035704e+00
3.629888849378581916e+00
3.795504666897373536e+00
3.975404208456593924e+00
4.171085052198582055e+00
4.376699183936177739e+00
4.601527634657315069e+00
4.844757223714538874e+00
5.108292287144776012e+00
5.391408920090412060e+00
5.702768270436700426e+00
6.039575477007623761e+00
6.415666614157802705e+00
6.824622986737454156e+00
7.276056972836189018e+00
7.770546911277066648e+00
8.318549037896731946e+00
8.934348453670148515e+00
9.616614424939797345e+00
1.038540817047145026e+01
1.125070768608315852e+01
1.222778151764209476e+01
1.333692296721138248e+01
1.460740413347952327e+01
1.608070545252548911e+01
1.777923338226192129e+01
1.977069989293871544e+01
2.211500133135586665e+01
2.491120983501799913e+01
2.827181661079018937e+01
3.237956158137239981e+01
3.745861749028341592e+01
4.383509168229987552e+01
5.198423485940665500e+01
6.269249957364045400e+01
7.706766407000911556e+01
9.710569062925181072e+01
1.262294196824520185e+02
1.709512456828302618e+02
2.454449733041656430e+02
3.844513596462393821e+02
7.050020566589794271e+02
1.919472457840564175e+03
3.782449559055723512e+04
3.954255462742056698e+05
2.628380501759797917e+05
8.020036444653400395e+03
1.183117141553171678e+03
5.314229788990270436e+02
3.129821600689975867e+02
2.081918973954103933e+02
1.491521861833916205e+02
1.122365731566450648e+02
8.758867957432141793e+01
7.030085341589429504e+01
5.766888829787558990e+01
4.821393324586870222e+01
4.088076359209438237e+01
3.511216463032038604e+01
3.049382494199693383e+01
2.674741328839458987e+01
2.364919747464762878e+01
2.103856058291646036e+01
1.886576624776151334e+01
1.701341938674305254e+01
1.540925777104664895e+01
1.403085560386455377e+01
1.283562025488642000e+01
1.177272480314861269e+01
1.084828787309992393e+01
1.002652498419574201e+01
9.298172339865047320e+00
8.643279144309298445e+00
8.060954640221872580e+00
7.535105421079405730e+00
7.057300981194919665e+00
6.627173166957437189e+00
6.235059995075816985e+00
5.872470438621948396e+00
5.542770464453111501e+00
5.240777536175682982e+00
4.964476267719446945e+00
4.713859622826041651e+00
4.477728692485817952e+00
4.256766791288136176e+00
4.056652900139966711e+00
3.869368783105688880e+00
3.694048320414923037e+00
3.529920886580608652e+00
3.376702318163347094e+00
3.239322148196577267e+00
3.104833125292336682e+00
2.978860494018170435e+00
2.863581745847544990e+00
2.756895828860672637e+00
2.656194977234366927e+00
2.552959862148825199e+00
2.457310113991401757e+00
2.369405711888287858e+00
2.286930324417317362e+00
2.211323325119023853e+00
2.134808656064028032e+00
2.064980450803834966e+00
1.998199758670936355e+00
1.935678217133314671e+00
1.876113349803654407e+00
1.818904704424415542e+00
1.761929809219836773e+00
1.710156311140822005e+00
1.661458209124139218e+00
1.612067934945280667e+00
1.566970607294881468e+00
1.523797768284831822e+00
1.482013914458057080e+00
1.442968037111826751e+00
1.405157820272442404e+00
1.368821142376181355e+00
1.333545726954179500e+00
1.298708818484077154e+00
1.265526154450828278e+00
1.236772878171094492e+00
1.206853849325615347e+00
1.177890684103338748e+00
1.150146298743021989e+00
1.122863646679041150e+00
1.098873284419319862e+00
1.074731791461402297e+00
1.051103512810705798e+00
1.027703270688834936e+00
1.006892512015250096e+00
9.866839671363707431e-01
9.643382805993971907e-01
9.428808814461600019e-01
9.239547976677715546e-01
9.061169993923305910e-01
8.881778018640333894e-01
8.707049110458999763e-01
8.548449351320497325e-01
8.383822560663019008e-01
8.202856817996090344e-01
8.068513911812182915e-01
7.936536719996782896e-01
7.780485526684522979e-01
7.631078820265478901e-01
7.499554364419859231e-01
7.397926086501501741e-01
7.274670938196505787e-01
7.120627719346200868e-01
7.003619110168156636e-01
6.860567614719287333e-01
6.751229405827541274e-01
6.647054339422401315e-01
6.543564868966521564e-01
6.463816008545930636e-01
6.348303370751045005e-01
6.242330105909704718e-01
6.155087503305500807e-01
6.063141230698675388e-01
5.974440384830274064e-01
5.881623684169393629e-01
5.799711378937201234e-01
5.710489614377771694e-01
5.623826757520364872e-01
5.536765761627959748e-01
5.455974555973821527e-01
5.374814772150886544e-01
5.311996428675823667e-01
5.245985364888007263e-01
5.180272335006360640e-01
5.114821842599285295e-01
5.032362778115627711e-01
4.963599691130904379e-01
4.907938571930027249e-01
4.848516134539808675e-01
4.789216842730607548e-01
4.729822573277567277e-01
4.677330330222712051e-01
4.611020547792908930e-01
4.547466190540658260e-01
4.508366206727257297e-01
4.468290572790476478e-01
4.417267156085137314e-01
4.366114919718884768e-01
4.308289526048159068e-01
4.285322362095385085e-01
4.268008577208372012e-01
4.198610041372661250e-01
4.146989671640266550e-01
4.123725889910269671e-01
4.087483470977526512e-01
4.059233787852291053e-01
4.032345398351986354e-01
4.018723545235011740e-01
4.014801028176033237e-01
4.034181280900904221e-01
4.166609238181881447e-01
4.688611111466253756e-01
4.546442705286270480e-01
4.679913701427562689e-01
5.787446424077398177e-01
1.466437503929595598e+00
1.422650860866206024e+01
1.971974551514037444e+01
2.688429300426351976e+00
5.676842753427348010e-01
4.322778960227595113e-01
3.877296936193433408e-01
3.640701062833497925e-01
3.516358713475423725e-01
3.425406499778373970e-01
3.356197778949086552e-01
3.301319258701386761e-01
3.249439086002945953e-01
3.201517994528981781e-01
3.160834695092006874e-01
3.124862205851868246e-01
3.091030820129644918e-01
3.064580657527524732e-01
3.037927342999339753e-01
3.015746519642307222e-01
2.993891340668953793e-01
2.960236249268547448e-01
2.931268619595071012e-01
2.908252347294989493e-01
2.876667684458292795e-01
2.846772309559387204e-01
2.827488537224157605e-01
2.808504098757253487e-01
2.787765804597650554e-01
2.772827247900849224e-01
2.750709293015131118e-01
2.721558724669626006e-01
2.697977380700755656e-01
2.685198923550614070e-01
2.671845226735587997e-01
2.682363935319638792e-01
2.697518737937109057e-01
2.617544403695986066e-01
2.640488390550288500e-01
2.652042664785292936e-01
2.565632059493559436e-01
2.538238847007419641e-01
2.518955580132670180e-01
2.501789572532013839e-01
2.474649576538509310e-01
2.489330391900199668e-01
2.847170327398629297e-01
3.195626271972332733e-01
2.596932397249215874e-01
2.428939643770256784e-01
2.404670083251836121e-01
2.390425813176500769e-01
2.363337610370965236e-01
2.340636039514356059e-01
2.332900116687946501e-01
2.323959729684551001e-01
2.300183574987776924e-01
2.277165102994667401e-01
2.262444103153038177e-01
2.250261605853995650e-01
2.229559630015965077e-01
2.213839631473272229e-01
2.208080484963188816e-01
2.194107826276570361e-01
2.171881192436858066e-01
2.155655891335832575e-01
2.150138741765292016e-01
2.140931613808678413e-01
2.118624221371541161e-01
2.096106482766914858e-01
2.087292869753448188e-01
2.067619719424889924e-01
2.053595717660491038e-01
2.042136589006966207e-01
2.031986367415822003e-01
2.013341459178894788e-01
1.989368673787635933e-01
1.968923352865079024e-01
1.947347689444384189e-01
1.943164078709538334e-01
1.920605015169200291e-01
1.890559862727278495e-01
1.871272873999445530e-01
1.855072768658916904e-01
1.834665009348146469e-01
1.805925526583299634e-01
1.800831455878521559e-01
1.782280191263269364e-01
1.737051314134525348e-01
1.699209345694356610e-01
1.670540717439546463e-01
1.631804226039410832e-01
1.594416367066587015e-01
1.563476978974087384e-01
1.520412494108419610e-01
1.483082740798384591e-01
1.442607849026433797e-01
1.412994747353459868e-01
1.366325213324562915e-01
1.315083437284120527e-01
1.260049189690075344e-01
1.212810988403057455e-01
1.161414477935870521e-01
1.110866719635269229e-01
1.056952649674224587e-01
1.001047189407697491e-01
9.443314472112250557e-02
8.906083430291251990e-02
8.353058209825439673e-02
7.791432217858335063e-02
7.256711390338647927e-02
6.723614226723859111e-02
6.191024280618000891e-02
5.691484493591394273e-02
5.213055755765264032e-02
4.751360927927629485e-02
4.300469152756593999e-02
3.902226573089348505e-02
3.522963635994461051e-02
3.145318827853543081e-02
2.811217956934466966e-02
2.508162782528974843e-02
2.235203633614821564e-02
1.972279229855221014e-02
1.741416949776775774e-02
1.536878860410255225e-02
1.341603650692141207e-02
1.172769259962832579e-02
1.022048703756699498e-02
8.880913625592698132e-03
7.708285767676815829e-03
6.644438033428741452e-03
5.738935209756581592e-03
4.921069525622036485e-03
4.208692345681634348e-03
3.599897120243388069e-03
3.087513133887510516e-03
2.676636021872194193e-03
2.228637353665166056e-03
1.862060393717790158e-03
1.564521313886934814e-03
1.311627983297432515e-03
1.098158792867248755e-03
9.170307150346507317e-04
7.623250075216647182e-04
6.317900558033671564e-04
5.227060489674839909e-04
4.345438105939567201e-04
3.605188956257878276e-04
2.888731022632039648e-04
2.339488320320185226e-04
1.895286189916439170e-04
1.530630803589865224e-04
1.229953795524547705e-04
9.852283932541392884e-05
7.860827313621417058e-05
6.263362843905695941e-05
5.076514996000562125e-05
5.705581218902592872e-05
6.870034100494065070e-05
3.242083144416657900e-05
1.824265577969639369e-05
1.363572882926232697e-05
1.028131776277735431e-05
7.715957954787326499e-06
5.750495609012773994e-06
4.252535528100622080e-06
3.118409964695883952e-06
2.264026532383508935e-06
1.627444594524778689e-06
1.157291324304871927e-06
8.134415466312454342e-07
5.648637601388236422e-07
3.867572357143713145e-07
2.611398948691613194e-07
1.736177166987130730e-07
1.133360657168473986e-07
7.276498973274205372e-08
4.575975120526638193e-08
2.804850965951310504e-08
1.694287925341918776e-08
9.858967346259147962e-09
5.606356181120955882e-09
3.088637924260746574e-09
1.638760675996331234e-09
8.405823072197024028e-10
4.188304311091952204e-10
2.041455005884759342e-10
1.008471548309794181e-10
5.505042329523175804e-11
3.493609390824874347e-11
2.769386743024995292e-11
2.505888101484812355e-11
2.418557740309977103e-11
2.389060836926988805e-11
2.378436853160277690e-11
2.371632197713609093e-11
2.367423112596795604e-11
2.364837648337564742e-11
