1.261554695218823340e-06
1.224728645983073153e-05
3.170862831610400862e-04
3.265091232038663371e-03
1.781466756541410373e-02
4.563858125430694107e-02
6.303157839173860466e-02
5.953000983966330595e-02
4.974251480919485158e-02
4.106566133629363513e-02
3.683893067772044810e-02
3.437993533618960429e-02
3.336241323186423663e-02
3.231842128246573131e-02
3.165582275861250627e-02
3.108274760829827371e-02
3.180381113691942152e-02
3.229061031957929095e-02
3.290721566614829979e-02
3.376684838825848994e-02
3.465228813799305085e-02
3.637519941596632778e-02
3.808527278035089142e-02
3.980309637456017763e-02
4.238360989120096983e-02
4.445377866000378708e-02
4.771809625713747255e-02
5.108914293413597402e-02
5.482283827683254174e-02
5.816273692385565824e-02
6.219103806100364368e-02
6.860136906507836863e-02
7.491799091383236076e-02
8.150434175202175835e-02
8.984841758454290006e-02
9.971306751227239362e-02
1.116899721210782986e-01
1.263237859528066331e-01
1.442283385333894552e-01
1.647822626375173849e-01
1.919577771593332649e-01
2.261266553690496617e-01
2.713824244077827630e-01
3.328129698020957927e-01
4.182560051890066855e-01
5.440344877050884431e-01
7.420600814898089537e-01
1.083243802652209542e+00
1.798104482671851301e+00
3.912701806203107147e+00
1.757638021979245835e+01
7.164817981288965711e+02
1.357298028022947074e+04
1.184975550366154130e+04
3.892230339252927820e+02
1.408728533386866211e+01
3.481503785318369903e+00
1.658462455940584945e+00
1.019213670590229048e+00
7.046945597799474381e-01
5.217434408732679607e-01
4.025347329533900953e-01
3.212961862980009964e-01
2.628638417107291292e-01
2.187879754834324841e-01
1.850607610871224662e-01
1.590230546567195091e-01
1.383814223659951270e-01
1.220891662131067534e-01
1.078555311485650259e-01
9.625393318596571490e-02
8.631827052835146230e-02
7.782777808703307543e-02
7.044937328973185919e-02
6.410230568296958198e-02
5.907006927616553077e-02
5.447708415556003214e-02
5.046555113356706451e-02
4.662361822589951993e-02
4.337151319344208222e-02
4.025003427259454813e-02
3.760349534736880800e-02
3.503992291237172790e-02
3.262061713554523235e-02
3.099499128100643291e-02
2.967624060132349750e-02
2.794316139702134397e-02
2.639138085111701268e-02
2.487972882274997952e-02
2.355352924481414478e-02
2.229291038611346670e-02
2.119671527831486560e-02
2.049993351881287257e-02
1.965210369969021612e-02
1.879088906477409046e-02
1.783250657514516210e-02
1.719738262815260349e-02
1.637580601834460331e-02
1.574771902316908154e-02
1.527205876563523038e-02
1.487747692183757735e-02
1.429806476491321358e-02
1.382952521836717553e-02
1.457722349844866282e-02
1.109870070118061797e-01
2.981032440716768206e-01
6.616829231076132301e-02
1.207279708405831556e-02
1.129480957220842935e-02
1.113815940358139737e-02
1.055387535863849119e-02
1.010822068928919279e-02
9.789121826253004838e-03
9.685592778267776426e-03
9.449402576111078089e-03
9.165891496572485184e-03
9.018256410888852992e-03
8.616205479720586216e-03
8.316551040706313472e-03
8.108698072493970149e-03
7.916816349193040933e-03
7.765048620890450254e-03
7.525689535624548523e-03
7.348001970322218246e-03
7.222998121098704420e-03
7.051439545288568263e-03
6.891275030356400211e-03
6.740929071536068407e-03
6.687888675431192219e-03
6.499192446140441420e-03
6.397869113705262692e-03
6.327003585636447637e-03
6.131586560802824819e-03
5.826546381581209494e-03
5.818728987951090302e-03
5.849123595211329352e-03
5.635042934313133633e-03
5.645092805776684951e-03
5.565642738391581371e-03
5.337277969515555158e-03
5.159745160364578691e-03
4.965406341782675412e-03
4.942249412623450286e-03
4.989859699912287117e-03
4.928048289943993271e-03
4.800266641215972761e-03
4.754093579028739053e-03
4.707298647038617515e-03
4.643467640434931730e-03
4.658780764476732304e-03
4.754098746111472089e-03
4.780609860428066370e-03
4.833467910337616198e-03
5.173697373205231147e-03
5.922636531751875391e-03
7.691952319338303361e-03
7.448612704248046279e-02
7.353833819153369200e-01
4.869687378669284028e-01
1.811815106337318418e-02
5.790067491929232028e-03
4.591945101628990868e-03
4.039872484660860831e-03
3.878723984076465434e-03
3.824495958122183827e-03
3.677925950237261130e-03
3.621503342900200730e-03
3.592006309563406611e-03
3.488871177042617705e-03
3.499143307166275620e-03
3.348859194244605247e-03
3.229611945482756610e-03
3.237993755357286476e-03
3.242536547560991630e-03
3.191583344709409461e-03
3.138738428991469376e-03
3.089491161993977459e-03
3.093433829796217449e-03
3.065062802224869341e-03
2.949158106294882519e-03
2.950562231366105851e-03
2.948359266481962154e-03
2.905818228912478499e-03
2.918746909003188100e-03
2.821968493094461315e-03
2.806709287686131975e-03
2.799171776562373471e-03
2.778551108334301363e-03
2.696931054925898966e-03
2.670652300289381390e-03
2.667869489333261207e-03
2.661580725177255247e-03
2.618348831305072899e-03
2.599251707844298705e-03
2.609303150628455338e-03
2.497229178804224146e-03
2.478864771968168536e-03
2.476037619512521954e-03
2.471713574240556096e-03
2.448409759848601923e-03
2.622153115292680681e-03
2.716691209747756301e-03
2.421586607504003577e-03
2.458190747029862303e-03
3.075387024361269685e-03
2.824886237627561268e-03
2.303215853582833272e-03
2.242406957496195785e-03
2.269206460636434986e-03
4.085316972106256030e-03
6.297384903935752259e-03
2.936204726983676367e-03
2.230649018288953598e-03
2.271004295629998858e-03
2.198975910979498582e-03
2.118888863064043171e-03
2.092019879269698800e-03
2.080878480989887223e-03
2.093871024420291497e-03
2.158491196801240030e-03
2.106778855159953823e-03
2.431333314723877100e-03
2.610341345973157638e-03
2.076033042610034990e-03
1.974647210303715362e-03
2.001532970718214021e-03
2.026450629142550509e-03
2.015029480047694083e-03
2.008048410518771011e-03
1.977774489242638441e-03
1.955719696291004315e-03
1.939882998857754082e-03
1.900061677635559625e-03
1.892638538901852486e-03
1.906250404839210724e-03
1.892128374659858992e-03
1.843617587403747040e-03
1.870334755034698797e-03
1.884618693667669325e-03
1.814299463637169792e-03
1.823934868284032059e-03
2.396617281272820765e-03
2.711109322926683399e-03
1.979520184031087482e-03
1.838809240776975674e-03
1.813845682556692934e-03
1.817360385050797522e-03
1.754829629275969508e-03
1.769395042450735414e-03
1.788338282187694863e-03
1.862835214619644507e-03
2.448536800839117532e-03
2.163998184941387602e-03
1.794077839994457279e-03
2.182191029063541062e-03
3.010330702204011815e-03
2.076717162062463769e-03
1.764508915703578637e-03
1.731529914676324363e-03
1.859823988162771693e-03
2.021009067054609955e-03
6.108984564176735306e-03
2.830679282143477166e-02
1.499940836067297986e-02
2.172319145114169625e-03
1.708907943139828566e-03
1.656322646837779305e-03
1.644527714746986218e-03
1.595298602047773816e-03
1.633385173802699665e-03
1.567111675436855906e-03
1.562987688593835004e-03
1.609884198639704089e-03
1.566842235627961951e-03
1.543093285714871622e-03
1.576265429862949144e-03
1.569591838348181629e-03
1.574340333704317679e-03
1.574439018826063281e-03
1.504009079817873393e-03
1.523782534663073148e-03
1.533160422378191659e-03
1.532916921320359466e-03
1.551184782805870846e-03
1.522352288278635158e-03
1.498594660047607293e-03
1.502133547778637451e-03
1.501582915157189616e-03
1.414774355361999745e-03
1.458009991546930844e-03
1.485277494260347619e-03
1.535418262728186411e-03
1.505471687945993554e-03
1.508457506722186937e-03
1.497409403586274102e-03
1.456890923143356427e-03
1.460305374082036681e-03
1.527609022863041189e-03
1.548163833145162205e-03
1.544480557704066724e-03
1.612959090672469280e-03
3.905152322498528158e-03
7.583962373531377352e-03
2.954370974860497448e-03
2.590231702215625622e-03
1.270956960207544027e-02
1.385120412436796969e-02
2.741123776117844729e-03
1.676329600593421624e-03
1.815505925461973575e-03
1.565395152305692171e-03
1.461069629203781044e-03
1.498142903042462473e-03
1.555826185838746906e-03
2.732720323886136775e-03
3.223092364372722417e-03
1.649278782606911683e-03
1.468766955507926292e-03
1.460519394414894374e-03
1.434687433098333267e-03
1.408720818338092843e-03
1.396648910344609057e-03
1.397508696927892780e-03
1.351151902464420556e-03
1.351683643903476553e-03
1.399839877139502685e-03
1.348564846748897790e-03
1.267678676535729295e-03
1.358653149720003136e-03
1.333167914972697553e-03
1.341542077535163441e-03
1.356521483938102771e-03
1.388933785881876900e-03
1.365871386701743599e-03
1.404472684261156125e-03
1.460575601446426498e-03
1.427307728328584347e-03
1.378051764098417063e-03
1.438474700365732772e-03
1.418756834264362204e-03
1.500798373672526534e-03
1.468120515441081585e-03
1.415009471038499713e-03
1.411235385579179529e-03
1.434751936216856595e-03
1.453694265522745234e-03
1.494206479714056983e-03
1.471609305616711867e-03
1.472115510278818951e-03
1.541351133821975469e-03
2.176580464898768361e-03
8.188167322283793070e-03
1.102423664761816718e-02
5.155544361529816252e-03
2.487737043252088824e-03
1.047882081261874813e-02
3.928602152242003515e-02
1.775075688010681330e-02
2.356160051312799434e-03
1.710763860208422199e-03
1.663815803988632960e-03
2.302189600721515558e-03
2.325687677911412229e-03
1.612112367475600043e-03
1.670387641929846042e-03
2.347524418739425651e-03
1.535252702573718618e-02
5.144502584123519101e-02
1.979531723623932649e-02
2.619989500702061495e-03
1.848082352787397626e-03
1.670830185928908656e-03
1.550988504439274095e-03
1.457541097487699685e-03
1.447827719241565449e-03
1.456502778396668880e-03
1.397965216435480577e-03
1.372663936459886293e-03
1.374851319335368763e-03
1.378105862873360782e-03
1.389747071766497680e-03
1.377812498608469577e-03
1.312426053670422057e-03
1.283693299318459588e-03
1.346100609255360386e-03
1.319136128271274295e-03
1.311489064814597367e-03
1.353380141736115413e-03
1.330568233449387064e-03
1.305669952589505510e-03
1.338530409132425523e-03
1.386464518124709382e-03
1.310925907616473842e-03
1.360088831557250974e-03
1.387675384983282122e-03
1.346565895753590531e-03
1.363216377931538489e-03
1.345379879239830961e-03
1.223478958281885983e-03
1.173404586781182308e-03
1.212607903523258692e-03
1.372854663354912625e-03
3.237297457406339458e-03
8.517353568631026023e-03
4.149357568271346865e-03
1.732071749490847164e-03
5.968778300773382867e-03
8.966056860466472406e-03
2.400736869008429555e-03
1.127336266762707243e-03
1.003538729769698013e-03
9.407349721023214187e-04
9.644375612086153416e-04
1.269472762642089242e-03
1.792304936716896530e-03
1.143671552723445105e-03
8.764619725395968522e-04
8.122307378650950272e-04
9.113176953915113308e-04
1.839066721574459350e-03
1.704054807152858642e-03
7.452521949071899557e-04
5.989005033775924051e-04
5.357138391289859676e-04
4.752310806230635137e-04
4.181969993539020052e-04
3.764753475104910081e-04
3.440465146486341801e-04
3.067775692098445085e-04
2.698838078497339441e-04
2.521855452432567252e-04
2.253378801837334757e-04
1.829310820616687945e-04
1.562651403574745262e-04
1.381552457510309289e-04
1.196951063748057044e-04
1.049677759632181999e-04
9.376958014025348011e-05
7.961531266353211178e-05
6.581530269309726416e-05
5.605628031521003586e-05
4.756521265649412859e-05
4.092664015678976083e-05
3.533691795897645252e-05
3.084150031993553118e-05
2.609985705746304343e-05
2.241255567489953149e-05
1.954614808187897220e-05
1.641684330245944237e-05
1.398855696741876680e-05
1.182256288222254174e-05
9.770227162036917217e-06
9.778477702300005794e-06
2.392643051267154708e-05
2.948301781155685466e-05
8.089973469775866771e-06
5.195629629964757479e-06
1.013708204001380660e-05
6.925939122210482052e-06
2.331292111861032172e-06
1.635610703845403284e-06
1.311030166235816488e-06
1.060333941295477936e-06
8.516911789937660630e-07
6.803324267526045136e-07
5.439609306800537892e-07
4.356883264752838135e-07
3.437524629985429762e-07
2.713982530564401584e-07
2.163319881615478085e-07
1.723689456247401737e-07
1.545332763576653465e-07
1.470057600915428104e-07
9.040486404627332144e-08
6.217597539988221854e-08
4.721511725326803650e-08
3.562501765793608284e-08
2.673054421110486654e-08
2.001626467149274753e-08
1.481563457437951596e-08
1.082979075720835328e-08
7.869660734168627197e-09
5.665946499563978606e-09
4.028174915366943765e-09
2.813616931833951465e-09
1.959014497661206817e-09
1.344249933365575074e-09
9.076521269504873543e-10
6.037545167299575307e-10
3.947183185458922423e-10
2.533986040951208790e-10
1.592834707661554837e-10
9.798567853573961681e-11
5.883509968865077081e-11
3.431009138692165743e-11
1.953215679361265390e-11
1.068846432346041367e-11
5.662860917709718891e-12
2.868366407100245512e-12
1.385835155788636692e-12
6.463124737208117465e-13
2.839027093415281455e-13
1.232374028055413766e-13
5.370721883903104025e-14
2.815445488002758301e-14
1.923961282749204763e-14
1.618980297608900351e-14
1.526979989027066189e-14
1.492015023120831485e-14
1.476118045172015745e-14
1.464116303778288128e-14
1.457360876163714670e-14
