8.786557410685517694e-07
1.184320947551865704e-05
2.930076825287915364e-04
2.937258977646023048e-03
1.517313879822927876e-02
3.848729594657659958e-02
4.846912982464900155e-02
3.891514604005199413e-02
2.818977738039525269e-02
2.032353678752609957e-02
1.486675854754678644e-02
1.092411750124672176e-02
8.258999326914318040e-03
6.056562116771759506e-03
5.089685516700852286e-03
4.166229278949916577e-03
3.488061622868227248e-03
2.826120589024535418e-03
2.449281360623991807e-03
2.189766938050005402e-03
2.026083999831114306e-03
1.842186671933247104e-03
1.749761161351914753e-03
1.648526032407572920e-03
1.668046064520249238e-03
1.638243056027106730e-03
1.533418100824212628e-03
1.544928713742868293e-03
1.495009401029659618e-03
1.402558159589471125e-03
1.329967676426676215e-03
1.320213726456512335e-03
1.360575566820159754e-03
1.350433395483332339e-03
1.280561251582838702e-03
1.269992780897142258e-03
1.285535583403175138e-03
1.233106932911926835e-03
1.250317313791610456e-03
1.230979459260609244e-03
1.223244879397164314e-03
1.211843076488653076e-03
1.243201087421873111e-03
1.307539011381671137e-03
1.234070136776575614e-03
1.130995289229305310e-03
1.128170140318049668e-03
1.070478768119578284e-03
1.026032103951625809e-03
1.030746996620110142e-03
1.038437786423911796e-03
9.944958383085566577e-04
1.007209019080710982e-03
9.651043209074518106e-04
9.758397927765578806e-04
9.018850109664146818e-04
9.034757103377297639e-04
9.484050714840003976e-04
9.605614818183594826e-04
9.068161194504764872e-04
8.934499527077803321e-04
9.057162655510304786e-04
8.703632846652325497e-04
8.705356847624997133e-04
8.543227666440350631e-04
8.155403414056188512e-04
7.977047817252597107e-04
7.758918897758995681e-04
7.999232651850811610e-04
8.101421353933560554e-04
8.131317170795351055e-04
7.738769978625217264e-04
7.535292655909990242e-04
7.347182423609693825e-04
7.514330605281831872e-04
7.440219942273061529e-04
7.375774876814323493e-04
7.049549929004647955e-04
7.100147893170070685e-04
7.319488413822395484e-04
7.269832167996095711e-04
6.964638799438044835e-04
7.043985190773572290e-04
7.017987154393155432e-04
7.205852110777412637e-04
7.135962044021826149e-04
7.177398058410310640e-04
6.876344098731088789e-04
6.695732342899508513e-04
6.781082950168730930e-04
6.511058074276329134e-04
6.208830694428865791e-04
6.446664841112345092e-04
6.442384243518718863e-04
6.387365228042896515e-04
6.607538309450904394e-04
6.210996004933285212e-04
6.038746364841306039e-04
6.115927624842823051e-04
6.322678961443090918e-04
6.300222025882333456e-04
6.600590845890321259e-04
6.407640493174946881e-04
6.198162393895851165e-04
5.940378542479869683e-04
6.135154815926247441e-04
6.440916281761461474e-04
6.226146751929578175e-04
6.133240761459560209e-04
5.832268352211591100e-04
5.932373148159628346e-04
6.047016577520939167e-04
5.960551564776037266e-04
6.126326343193372890e-04
6.173214201829191599e-04
6.048045030383173998e-04
5.934644705070993547e-04
6.049669927641426704e-04
5.893618507130363084e-04
5.716641137310129366e-04
5.812777648819075381e-04
5.966939014186729145e-04
6.061799401776114208e-04
5.751198857290562008e-04
5.762598824767768474e-04
5.829052260100752282e-04
5.695142418899935182e-04
5.880555054396884550e-04
6.942918058586264492e-04
6.204750953054595942e-04
5.820387724049051184e-04
5.688187651591441758e-04
5.895625876719788605e-04
5.748187671710150264e-04
5.375953458021438423e-04
5.455396305211916231e-04
5.421744440014002924e-04
5.394847018201184190e-04
5.677587458604125160e-04
5.658329239398624975e-04
6.046554030126507617e-04
5.715281943146524428e-04
5.533778352853927981e-04
5.641253950716247851e-04
5.706909897638070455e-04
5.433386758465761669e-04
5.433543966280811972e-04
5.577021995500716514e-04
5.492339078425035291e-04
5.247649742522031554e-04
5.308988170730136570e-04
5.377158281316933445e-04
5.460634930101614017e-04
5.359565978523140716e-04
5.498277046488213001e-04
5.712438040239369800e-04
5.538294695149608045e-04
5.588309535050190423e-04
5.557819192672743729e-04
5.512971068186550130e-04
5.371773767846643515e-04
5.603642908473747660e-04
5.509399866329772136e-04
5.297924090143572807e-04
5.481214257729197887e-04
5.396023037219672015e-04
5.545921819099670349e-04
5.698577916123449046e-04
5.754541812683926401e-04
5.651989985936617996e-04
5.605653645727619100e-04
5.586876993442049279e-04
5.676946332025908275e-04
5.364547270591575731e-04
5.731080796029325514e-04
5.981193216237527333e-04
5.873715354345369292e-04
6.068878862156137704e-04
6.334251437070659557e-04
6.234957301288520781e-04
5.967438718278715625e-04
6.074478122965334221e-04
6.028715866606427489e-04
6.017779973350441489e-04
5.938936067386283747e-04
6.096242701505524440e-04
6.601839107600750546e-04
6.096001158087426593e-04
5.882256049931712831e-04
5.972265868500060537e-04
6.021187881154035698e-04
6.321480263497008699e-04
6.374129557980336711e-04
6.375133286045574438e-04
6.536867245998062657e-04
6.536450247291055978e-04
6.682151717616239108e-04
6.702496464710637871e-04
6.573092366984996859e-04
6.672597728357565613e-04
6.470998754153784718e-04
6.590011983281236600e-04
6.854760254247443084e-04
7.217650709214828509e-04
7.293368493201700994e-04
7.076823395721338174e-04
7.010626152666776844e-04
7.145836701031795142e-04
7.300251505777172103e-04
7.178164358343588642e-04
7.616949332147627790e-04
8.026157219991748686e-04
7.838900616137703782e-04
7.324284700384617406e-04
7.809714777870264014e-04
8.046364646199265832e-04
7.900771263959156842e-04
7.811357427421329559e-04
8.218151744609587459e-04
8.498726863926472528e-04
9.678168378691689349e-04
1.450036128253318589e-03
1.229012176792960943e-03
9.519019639145113662e-04
9.316215376028865684e-04
1.004788528608187986e-03
1.020486301252870008e-03
1.069471304661232880e-03
1.077341909685996342e-03
1.156793392339685407e-03
1.138993969402603583e-03
1.178786258239217146e-03
1.238792481413055098e-03
1.313768950445904369e-03
1.380845610720717390e-03
1.422578348560145671e-03
1.540282511042955372e-03
1.598093155430491911e-03
1.659212739975093323e-03
1.791785676910159601e-03
1.899444479025083187e-03
2.147451859892742388e-03
2.388700726269345556e-03
2.466172665142740781e-03
2.667836471973653988e-03
2.808854484674775526e-03
3.116621447829431932e-03
3.491829602524728141e-03
3.949598599060374568e-03
4.499520323233583904e-03
5.188789973391795193e-03
6.015629057865673826e-03
7.141374735186357785e-03
8.834192573302522902e-03
1.113323853986559336e-02
1.429339383537151301e-02
1.945404055136568805e-02
2.811393303749803660e-02
4.405757976744772292e-02
8.068649188258789073e-02
2.155913127820317243e-01
3.088047924177236503e+00
1.821453650438898464e+01
9.083563795730931645e+00
3.707396467788480199e-01
1.013907589534516068e-01
5.108862972934733598e-02
3.131029607199625753e-02
2.135562292465182851e-02
1.560690217832801097e-02
1.182073371201502500e-02
9.398009531652901094e-03
7.721637264384145598e-03
6.538859502523894189e-03
5.590193897835155426e-03
4.857913106529138970e-03
4.252052849055402463e-03
3.644834194303148232e-03
3.307329612163621788e-03
3.007698386663862009e-03
2.762892865223258356e-03
2.487223584531985960e-03
2.247424504201139209e-03
2.058006717845340273e-03
1.942674927439524404e-03
1.873496784311509287e-03
1.723055308244643815e-03
1.625529381109778407e-03
1.549333865133932335e-03
1.387790837492782663e-03
1.341169407580101525e-03
1.322176186418233491e-03
1.296672582392880465e-03
1.242142305689041253e-03
1.183125397478918851e-03
1.136398071778882369e-03
1.121627537976312410e-03
1.148314387819717201e-03
1.117036642708807035e-03
1.057577367531976290e-03
1.014616462410546137e-03
9.684461589879812858e-04
9.503424013465218423e-04
9.112844888187430223e-04
8.802049147549049525e-04
8.852928445559043579e-04
8.915492790514417286e-04
8.751153625148216410e-04
8.647882784827297300e-04
8.245993446033729338e-04
8.076832258218559100e-04
7.977424029969183272e-04
7.601443639535193728e-04
7.929556586875929946e-04
7.937044779944011155e-04
7.775658532967906749e-04
7.683881790240644017e-04
7.720138176836027896e-04
7.789951806731280340e-04
7.440904245842338595e-04
7.383066057547800921e-04
7.434567654692068785e-04
7.303837198861041005e-04
7.176661851385191492e-04
7.082945472498868369e-04
6.961756945563044464e-04
6.851323630221010669e-04
6.924585785102592992e-04
6.667005650586595817e-04
6.983997361370152153e-04
6.786152363812403537e-04
6.379281187147542356e-04
6.796145698212248615e-04
6.575495235408782956e-04
6.052956816399227263e-04
6.549061867657747418e-04
6.364951406885687021e-04
6.254721136358380078e-04
6.270098181151881030e-04
6.476768960627050714e-04
6.506978870453703108e-04
6.452171909299745343e-04
6.515160145600033641e-04
6.473263696153880352e-04
6.414550851171366228e-04
6.520609259518389544e-04
6.791846348638765248e-04
6.709414018304317613e-04
6.422795205127204308e-04
6.429767035459934546e-04
7.179156430455942714e-04
1.548110588587878200e-03
1.752186107494209041e-03
7.916225545067671811e-04
6.269531421830975160e-04
6.322051030689108779e-04
6.383478948682868312e-04
6.656163695638499592e-04
6.963996364281300295e-04
6.578014859674730357e-04
6.575794765606810411e-04
6.574083044332674998e-04
6.388065330357639744e-04
6.162907587436618900e-04
6.269277640127760010e-04
6.637458512986964482e-04
6.365476284244631858e-04
6.407693082710179963e-04
6.388471561274632841e-04
6.114742360898463291e-04
6.421610862249563538e-04
6.361003970947519490e-04
6.285997343436425114e-04
6.373414444987255149e-04
6.238947268935762010e-04
6.089951736744721351e-04
6.091591458160876792e-04
6.018824163882379981e-04
6.290641723055619963e-04
6.276302914468329282e-04
5.992331251574948420e-04
5.843230923660071860e-04
6.094215404969437156e-04
6.114806946082116269e-04
6.191589512977408545e-04
5.971225885580989110e-04
6.078342218906545268e-04
5.957764200826680965e-04
5.825373979007015873e-04
5.915181796577842792e-04
5.829529666080558292e-04
5.886988412884731512e-04
6.062604932675684597e-04
6.325589895309405557e-04
5.984305269875425269e-04
5.953428861302266029e-04
5.948408921901827528e-04
5.714029898107195410e-04
5.464260284108416344e-04
5.462477994274269558e-04
5.546368324074639825e-04
5.719357988709187221e-04
5.259357031413750385e-04
5.234591956429597223e-04
5.303630849519788866e-04
5.193091193106380002e-04
5.138153703867442100e-04
4.819960503739645461e-04
4.517160624341772499e-04
4.565746722085228500e-04
4.359184763513674590e-04
4.093133982770276393e-04
4.081595408835220597e-04
4.319358421717317564e-04
4.133896848165324834e-04
3.813423648605579540e-04
3.797895143877823743e-04
3.678816261017052273e-04
3.239827305872273826e-04
3.096372959005687267e-04
2.911440255319518947e-04
2.701397639696912975e-04
2.251913614145525477e-04
1.970900097677354471e-04
1.897272484432160000e-04
1.711129936040653552e-04
1.495427119883693432e-04
1.350101865140535473e-04
1.277439010887575514e-04
1.060383581204934144e-04
8.962444668599805315e-05
7.804438235941055886e-05
6.771052996719844957e-05
5.696703311291752395e-05
4.715664241274890610e-05
4.049262235307156171e-05
3.384349330625794494e-05
3.033105550310947823e-05
2.475698830856309885e-05
1.961999561108663585e-05
1.574158365571547082e-05
1.268892848620752981e-05
1.116268442027007105e-05
9.227127498575421393e-06
7.177765004365749481e-06
6.051984033719720326e-06
4.865860252834732855e-06
3.810143090691275853e-06
3.097743030026806929e-06
2.431578899190756421e-06
1.918382381810113386e-06
1.468443045261379511e-06
1.201023211683008873e-06
8.876543530599000513e-07
6.534972545647202144e-07
5.129232198823586087e-07
3.968869302316512124e-07
3.173826791235595324e-07
2.463323794393900929e-07
1.949940602935445468e-07
1.420583223414661298e-07
1.111916274931520226e-07
8.551663513513270836e-08
6.481611790718983970e-08
4.793717183995461647e-08
3.715282624126417890e-08
2.850641403381713884e-08
2.203203715046368051e-08
1.655099294320777582e-08
1.255879475299427809e-08
9.682424652802750114e-09
7.476665317338414266e-09
5.693761271592793411e-09
4.235084789610885406e-09
3.208820913723439593e-09
2.413138993852470920e-09
1.836723351735069728e-09
1.371118794639324877e-09
1.009624833430013063e-09
7.418201591642379240e-10
5.378328246164507881e-10
3.894863114133352378e-10
2.802223829340168642e-10
1.982815758864989723e-10
1.383954388192291045e-10
9.564100106017556221e-11
6.569608672545133562e-11
4.429335051025094718e-11
2.933478018838627803e-11
1.913267502649453924e-11
1.228897514335201569e-11
7.665939619415612135e-12
4.739248331903300696e-12
2.842960453733280263e-12
1.672409700559674288e-12
9.549647369747872747e-13
5.245437210505088677e-13
2.897799690406022567e-13
1.542746803425067428e-13
8.264302336445128353e-14
4.734144954728765269e-14
2.936235970767355470e-14
2.169847046999875444e-14
1.825367017332197356e-14
1.695548627754320277e-14
1.634258707938242693e-14
1.617068864987939217e-14
1.600419356620137480e-14
1.594148567795361298e-14
1.587598686658219940e-14
1.583644844351504811e-14
1.581207793350211716e-14
