1.344456839526031928e-05
6.564034123214333271e-05
1.827900685071343978e-03
3.085378327924877262e-02
2.486751280837011524e-01
9.169255332731376384e-01
1.698152441823101322e+00
2.111562036438893397e+00
2.221313114426898494e+00
2.229382695702808004e+00
2.227080852272498745e+00
2.242145755729989975e+00
2.242082899249537853e+00
2.251747079669558893e+00
2.257661337824510728e+00
2.253993659939282690e+00
2.267253324890579957e+00
2.279828599044808168e+00
2.288591364098717662e+00
2.289946374211232705e+00
2.300742285718087032e+00
2.313371182210851806e+00
2.327065863902829879e+00
2.338849720363709750e+00
2.348084739489263217e+00
2.360148473093170551e+00
2.379403640496517980e+00
2.393569433725644124e+00
2.405802772579665127e+00
2.425228000289643138e+00
2.438873772625298475e+00
2.455457407790704760e+00
2.473363750969387542e+00
2.491831041980280492e+00
2.512122927894758107e+00
2.533683189749700304e+00
2.551009876429173318e+00
2.573610682224467983e+00
2.598777447471470214e+00
2.620380178763748180e+00
2.644608756928959359e+00
2.671423617663892802e+00
2.695278800301224464e+00
2.722758493247606992e+00
2.755265335284089900e+00
2.785969604877884809e+00
2.814071053590938121e+00
2.844616533764176225e+00
2.875839726274572961e+00
2.911131492664432496e+00
2.945631970383955078e+00
2.984985362172096757e+00
3.020032265952660389e+00
3.060336960870051470e+00
3.096734018419724954e+00
3.140673927316173231e+00
3.185558790772093030e+00
3.225439380303442682e+00
3.270048466019580768e+00
3.313898106100796603e+00
3.368334543169003048e+00
3.421710737025210669e+00
3.476516748477595176e+00
3.527510074234868398e+00
3.582124337869859509e+00
3.643054574221987085e+00
3.702498258157241651e+00
3.767631821582719365e+00
3.832003624343872428e+00
3.898565039216289829e+00
3.970704636021168632e+00
4.048411484555741069e+00
4.124456026042954804e+00
4.198583059064281642e+00
4.279862370825031626e+00
4.366292468331125498e+00
4.456153896072558851e+00
4.553311379377515955e+00
4.646219710637818245e+00
4.745689791989029516e+00
4.851943253182319893e+00
4.963049554330863700e+00
5.071570843579720211e+00
5.189360098740048777e+00
5.316962352827990124e+00
5.442789768699267228e+00
5.572130499520900671e+00
5.708331842217009289e+00
5.851844060692084959e+00
6.007843836279642247e+00
6.170696044198914265e+00
6.341234585447474537e+00
6.516320562732998312e+00
6.698951273223007874e+00
6.891926669879505418e+00
7.089952009385767084e+00
7.300934418974177831e+00
7.524488334887351471e+00
7.766954358804115444e+00
8.014412206686603923e+00
8.274482314070857214e+00
8.547437022022567277e+00
8.831918614484429497e+00
9.143631124945940769e+00
9.462992547592254056e+00
9.803810144882874056e+00
1.017406950540818933e+01
1.056403277845623556e+01
1.096864417913137935e+01
1.140115433576825055e+01
1.186496145894226295e+01
1.236120207486343503e+01
1.288816273551026903e+01
1.344589793329545735e+01
1.405634016840524403e+01
1.470839231224445598e+01
1.539967407614753370e+01
1.614352656345846526e+01
1.695093925202057505e+01
1.782617840941859910e+01
1.876895386426879497e+01
1.978943637728737670e+01
2.088909668629839089e+01
2.209519448213720949e+01
2.341440176301571086e+01
2.485830843236358945e+01
2.644317971398638889e+01
2.819264118565153865e+01
3.012984406633042056e+01
3.226629375525796206e+01
3.463340070782972191e+01
3.728057128377316332e+01
4.026012194897153762e+01
4.362350023942666866e+01
4.741821714576833102e+01
5.173348578737372350e+01
5.668489675505225733e+01
6.237246761073424750e+01
6.897085547747255418e+01
7.669936502883167861e+01
8.581781659086061609e+01
9.668165445442136274e+01
1.097774172948979867e+02
1.256931338580661475e+02
1.453865298293927424e+02
1.701317921404233005e+02
2.018175831412796981e+02
2.433937484298908487e+02
2.993374087667226036e+02
3.771908544110700063e+02
4.902391291073298021e+02
6.641673659124365940e+02
9.530663033799148707e+02
1.494012504887486330e+03
2.740060117383354282e+03
7.460600583133989858e+03
1.467551480027179350e+05
1.534578522431305144e+06
1.020224378169817384e+06
3.116931070090787398e+04
4.598135025345456597e+03
2.065144193431070107e+03
1.216008767880632377e+03
8.098321910208416057e+02
5.798661179585617447e+02
4.364627179880479275e+02
3.406840668387603159e+02
2.734626112381673693e+02
2.243865912508615850e+02
1.875277648239623431e+02
1.590723482647278502e+02
1.366847687394181605e+02
1.187191552716328431e+02
1.040580797314792534e+02
9.204291069181316232e+01
8.191268971769574136e+01
7.343305303257488958e+01
6.620016353160535516e+01
5.999808808226599410e+01
5.462530933250958043e+01
4.994414347886990413e+01
4.585732224702335458e+01
4.226122474800320816e+01
3.906272946052114747e+01
3.621851059209854640e+01
3.368540949147646302e+01
3.140592901479367427e+01
2.935927460639896225e+01
2.750006353765078515e+01
2.582294879974499580e+01
2.428559550188669647e+01
2.289398633684410100e+01
2.161665570370904632e+01
2.044328403755458723e+01
1.936080656326799598e+01
1.837086764724103105e+01
1.745218793814554914e+01
1.660127217675700706e+01
1.581685016546600409e+01
1.508844523297937812e+01
1.440883850330140881e+01
1.377854940088162117e+01
1.318557613551564422e+01
1.262979501579914299e+01
1.210999703278034012e+01
1.162893674196170934e+01
1.117048893403554999e+01
1.073988157063898541e+01
1.034266751329192857e+01
9.953560085324509643e+00
9.594471887478325911e+00
9.256246952304190145e+00
8.933687543328691305e+00
8.624565317353237504e+00
8.339362833000839359e+00
8.067128526287884682e+00
7.808860975305389474e+00
7.559251426651329098e+00
7.324422040634088305e+00
7.100194595899721683e+00
6.888564424875281311e+00
6.685335485554093182e+00
6.491950599755105245e+00
6.307202265563232046e+00
6.129033540496925170e+00
5.960014215894429590e+00
5.800221269632182874e+00
5.646359177222765702e+00
5.498781663307013012e+00
5.355049065327702529e+00
5.219981438180645306e+00
5.089667225959136232e+00
4.965942221186156580e+00
4.843217166917570538e+00
4.728029191900823491e+00
4.617058266313390114e+00
4.510540107115845743e+00
4.405414086539758856e+00
4.304648340465766054e+00
4.213320697507051626e+00
4.118975175282285406e+00
4.029039760757158639e+00
3.945703902080622161e+00
3.860810985159056852e+00
3.779033596145533025e+00
3.703100551934578988e+00
3.628800192370443600e+00
3.555079563503944495e+00
3.485717348727846776e+00
3.418388121304728244e+00
3.354583881104488796e+00
3.290836501888498411e+00
3.227012610269141657e+00
3.167703193548015328e+00
3.110368943029827360e+00
3.055699764385938266e+00
3.002870691723286800e+00
2.951510439607690106e+00
2.904795568941803907e+00
2.854094514412216288e+00
2.801779912796078520e+00
2.755830415530765354e+00
2.709722779611112742e+00
2.665199659539209787e+00
2.626159879162358379e+00
2.583275452696618402e+00
2.540893998984694147e+00
2.501013604377845478e+00
2.461662918689289103e+00
2.428814729609896528e+00
2.391807730030868218e+00
2.356044509998993064e+00
2.323429053311043102e+00
2.290563158965932544e+00
2.257136546516856246e+00
2.226969100271888546e+00
2.197387510419506640e+00
2.167964642339136105e+00
2.138234796480793953e+00
2.111062497355348899e+00
2.083015435663623460e+00
2.056945488208174577e+00
2.033932506319754641e+00
2.009180170070068439e+00
1.985072272819977002e+00
1.962643379972137669e+00
1.941908295436134413e+00
1.918550339481639444e+00
1.895410266775327646e+00
1.875977390661859534e+00
1.858370468543822707e+00
1.838467746284516480e+00
1.821184358212797338e+00
1.805231544239366492e+00
1.788410042900761443e+00
1.774078274026876345e+00
1.760817789766812913e+00
1.750170916447244096e+00
1.741105463737590009e+00
1.731731480941200330e+00
1.722905147209905730e+00
1.717765510069122703e+00
1.719919568872032789e+00
1.722205809860529735e+00
1.732404919210998262e+00
1.749481511972330594e+00
1.778983159317090834e+00
1.827629024393564894e+00
1.915574950924860076e+00
2.087827056263397818e+00
2.279546614130397941e+00
2.726226220876764472e+00
4.021342035183134378e+00
1.381461257677136345e+01
1.520883495051484715e+02
2.097773779663760081e+02
2.555355378792858190e+01
3.413184899106809223e+00
2.095318862894994361e+00
1.690660414985210247e+00
1.508579545095180219e+00
1.407783341364068352e+00
1.347582846809595170e+00
1.304184996444199385e+00
1.272344317138386804e+00
1.249644546720312777e+00
1.230126467855101158e+00
1.211481314933580133e+00
1.195492773840332923e+00
1.182320409378767589e+00
1.171091839732817164e+00
1.160027014547862612e+00
1.147874572753943889e+00
1.137765803883661997e+00
1.127154270702166672e+00
1.115912915387273774e+00
1.108469498719891089e+00
1.099891225009538509e+00
1.091347034669096105e+00
1.083396549661834740e+00
1.075346388987640456e+00
1.067246175190132540e+00
1.059202410984047660e+00
1.049779108065874045e+00
1.041892089904706165e+00
1.036326684875832349e+00
1.027370670699264465e+00
1.022501277499414218e+00
1.018709072042519592e+00
1.013709432845974812e+00
1.000148374359157932e+00
9.987869823538635394e-01
9.927436451592925870e-01
9.795453804331820669e-01
9.723885510118205344e-01
9.656418659251999603e-01
9.586906758179196686e-01
9.530048686612769826e-01
9.484427565240571845e-01
9.826379167628473965e-01
1.019066624209648664e+00
9.512175163220693008e-01
9.258273285693217058e-01
9.200715431696178115e-01
9.132021185988337120e-01
9.055979226158297202e-01
8.988391105547292037e-01
8.955278901601833041e-01
8.890257775641925431e-01
8.822505737299637385e-01
8.784942669343532851e-01
8.728459521041970204e-01
8.677709177052090883e-01
8.597487494568165634e-01
8.541299427649758913e-01
8.499137120027777659e-01
8.441048708761990094e-01
8.380731877183957845e-01
8.340254543720101443e-01
8.275113523972250640e-01
8.197150600862593839e-01
8.150634445939218820e-01
8.093925613528121232e-01
8.029422545875856132e-01
7.968842738874539755e-01
7.911266345100835817e-01
7.865772540009178249e-01
7.797879168073934553e-01
7.721746135477588480e-01
7.655506243371511532e-01
7.590763268522897622e-01
7.526099391944517381e-01
7.452197681148889918e-01
7.383501898629073468e-01
7.300695412985649391e-01
7.205078616323706830e-01
7.136935281146435939e-01
7.055580718341210034e-01
6.955467135413860857e-01
6.886081653750694143e-01
6.788383146868089968e-01
6.666790309426459116e-01
6.544963139075339331e-01
6.413641586076813672e-01
6.296060625984779557e-01
6.171092919966785217e-01
6.030055668194879148e-01
5.872676528907045945e-01
5.724153507969227395e-01
5.576967273489014110e-01
5.430224862407615483e-01
5.244089113574409433e-01
5.045149579468232170e-01
4.860136670363854328e-01
4.684960003230684844e-01
4.487871760549891342e-01
4.284726838836247498e-01
4.062986659051049942e-01
3.848076361435627257e-01
3.636540824836146379e-01
3.430884871182238172e-01
3.221505975139176692e-01
3.002024704482849637e-01
2.792063593404569000e-01
2.585070337600166024e-01
2.384119845498092471e-01
2.195227202575591452e-01
2.010373645425993505e-01
1.830379445614392642e-01
1.660998261730132486e-01
1.503774032774902736e-01
1.354674975802775960e-01
1.215056085778273426e-01
1.087903453096964596e-01
9.701424038693561014e-02
8.617822128383201274e-02
7.631144120431675171e-02
6.724664813529693252e-02
5.904257663804618472e-02
5.184435498774387502e-02
4.530189394539847064e-02
3.953418033742184950e-02
3.433053175217128800e-02
2.975336298756652356e-02
2.568301227531027617e-02
2.212830836041489169e-02
1.901561096383113172e-02
1.628403738997207667e-02
1.391760071715339962e-02
1.189383398837377120e-02
1.015595047189851718e-02
8.553994859854873595e-03
7.201364813786359509e-03
6.068224607494591624e-03
5.089662844915667818e-03
4.257958280183456352e-03
3.553998687573702020e-03
2.957803879058196195e-03
2.451027525754191205e-03
2.024086013931526099e-03
1.669602352983190485e-03
1.375383757012568937e-03
1.119382928055018831e-03
9.099121894757168259e-04
7.379339878432423974e-04
5.963611272576964644e-04
4.803992693100273014e-04
3.857584468610544414e-04
3.093813589035032826e-04
2.498561410189909871e-04
2.138519545588689428e-04
3.715768917219643705e-04
5.724269987785342816e-04
1.985547650667951101e-04
7.477818805121401306e-05
5.392178478102676529e-05
4.024278031577413240e-05
3.007607992273242487e-05
2.237375803158398591e-05
1.652348728120837538e-05
1.210126557060437994e-05
8.785026420192791768e-06
6.311956117920207103e-06
4.488387461320023685e-06
3.154286381561809066e-06
2.189431624392159420e-06
1.499296016284674366e-06
1.012264226030503420e-06
6.728659862870344919e-07
4.391365063747003550e-07
2.819603445472121314e-07
1.773283615484413105e-07
1.089202135022905943e-07
6.545888858635771872e-08
3.829554366386488897e-08
2.170944543165826246e-08
1.196116880939059892e-08
6.353834872036044849e-09
3.262801497160010203e-09
1.620787534528192747e-09
7.920305150940642109e-10
3.927965309807028303e-10
2.148743762491062650e-10
1.373426384043431752e-10
1.090877056128582013e-10
9.851197925327605005e-11
9.563115349646931577e-11
9.445452357946917823e-11
9.406577734365092185e-11
9.382609424260484351e-11
9.368885400089649503e-11
9.359875864322085193e-11
