8.484174472599391947e+00
4.252198898125545412e+00
4.559220363420052102e+00
6.547013703132931184e+00
8.977020455111459185e+00
1.172064173663985365e+01
1.494947570100506873e+01
1.815962035784896855e+01
2.038925456610059683e+01
2.172799086073558783e+01
2.110982826052869044e+01
1.955741704008272208e+01
1.810080847550595351e+01
1.582390756476558202e+01
1.423706280526120338e+01
1.275838114826948733e+01
1.165904712062121362e+01
1.041452052032183495e+01
9.427456519383930811e+00
8.405345898386549663e+00
7.769353228875138129e+00
6.838914285331014753e+00
6.428900168819104088e+00
6.026461587970133316e+00
5.460800092058971877e+00
5.160147103347776820e+00
4.898345418500983151e+00
4.585929991505774517e+00
4.111067406226578846e+00
3.811504139739190666e+00
3.655135982499642111e+00
3.502361558982296508e+00
3.364528163586411047e+00
3.151519777288164903e+00
3.094789625378925990e+00
2.901237688562543493e+00
2.662833014921619057e+00
2.551867250490915229e+00
2.469884259329705678e+00
2.337070228820844253e+00
2.256435719816050955e+00
2.206732295996836957e+00
2.107948350435690177e+00
1.972441672371872956e+00
1.897058651658427797e+00
1.871298760424565222e+00
1.778705971325319934e+00
1.772577361991840350e+00
1.737432590700303425e+00
1.683596775472861573e+00
1.661687706869959813e+00
1.661590878295907237e+00
1.551622970442579907e+00
1.482494616417014743e+00
1.487149474166315155e+00
1.442692022090762860e+00
1.393844812268721478e+00
1.371761614609019020e+00
1.399658362023989966e+00
1.342658227251577685e+00
1.328154440966067940e+00
1.324641649871924454e+00
1.320553980123571947e+00
1.297871161462184952e+00
1.282105615877032312e+00
1.269724179185415691e+00
1.227232082730155494e+00
1.224289541984436624e+00
1.195265616046623736e+00
1.164565918201687422e+00
1.144236318248667006e+00
1.132952914356197383e+00
1.125527295823321117e+00
1.141279678880122939e+00
1.141756665718140384e+00
1.149002976480248739e+00
1.124776022091465544e+00
1.080779399708055699e+00
1.062353373373512211e+00
1.093890868906256530e+00
1.106140312439162665e+00
1.067966161109878742e+00
1.073479823995907356e+00
1.104376589190239288e+00
1.112265167319544279e+00
1.096259136075723450e+00
1.059468983920346163e+00
1.062296326274593916e+00
1.067965327520587149e+00
1.108075627523674056e+00
1.113790317314139244e+00
1.084969583531966153e+00
1.095545676780596001e+00
1.126037338000202892e+00
1.142320283839500128e+00
1.146337935471194447e+00
1.128486646711950092e+00
1.135470983652105081e+00
1.178232602780056704e+00
1.164993908018121083e+00
1.194432769264299532e+00
1.214455891243878316e+00
1.218295847760820561e+00
1.271529800727445370e+00
1.283711012802525309e+00
1.313228071283828680e+00
1.352885831413148665e+00
1.376708880429564630e+00
1.402166530628204066e+00
1.450843655342688887e+00
1.506652204719936883e+00
1.511507378709742166e+00
1.512632288909440792e+00
1.549957884440667399e+00
1.661764752355880947e+00
1.699087822012671056e+00
1.727592345909738203e+00
1.773508444395758499e+00
1.861713198367318745e+00
1.924846148254234279e+00
1.913051098376621573e+00
2.009007000097485562e+00
2.136796146602156998e+00
2.219634430344552545e+00
2.252365623056715283e+00
2.297559393814140094e+00
2.400498197164917968e+00
2.517222577663057237e+00
2.707543366956782993e+00
2.951532162677568571e+00
3.059499635251734961e+00
3.222894946297731433e+00
3.448906793480727373e+00
3.696680984580391183e+00
3.895620164077029823e+00
4.279613566855005047e+00
4.465488283603619379e+00
4.871821277398276528e+00
5.433182871251826640e+00
5.906854470273968261e+00
6.468587412609664966e+00
7.309743706060188195e+00
8.115657865902541346e+00
9.139924791464389742e+00
1.082303807011830799e+01
1.210383356080071060e+01
1.390935794497307576e+01
1.683129550849594125e+01
2.000597718204188524e+01
2.475026967473287343e+01
3.301754306950834206e+01
4.371634970368069872e+01
6.339476209439034449e+01
9.682699639966851635e+01
1.775690355708194375e+02
4.725848586615488216e+02
9.261633611012488473e+03
9.666853699490922736e+04
6.468089129807611607e+04
1.936341745747982031e+03
2.805639016129506444e+02
1.210834580697916891e+02
6.966177823734092556e+01
4.710793401594580132e+01
3.365023951929927648e+01
2.429830120533732796e+01
1.840666596907139763e+01
1.490093041143068575e+01
1.198112791389552534e+01
1.008518244118376295e+01
8.680321361703768446e+00
7.266523429234235998e+00
6.088342677163351091e+00
5.278680971424108748e+00
4.604716792221688948e+00
4.068379410243489147e+00
3.732308635612593406e+00
3.361227583043921996e+00
2.940100491526943305e+00
2.588410029142464097e+00
2.370992840078453678e+00
2.188201928309195576e+00
1.952141909362816730e+00
1.794746528280034781e+00
1.650917652110540201e+00
1.523761132512160277e+00
1.363596355179979902e+00
1.263788175537761349e+00
1.202092123715084337e+00
1.104833134922332150e+00
1.044103323709047126e+00
9.741827720555763515e-01
9.197258825800878057e-01
8.803213267692738819e-01
8.031297221345645720e-01
7.525842775768346593e-01
7.053643813873831103e-01
6.554699406353697855e-01
6.247274189951153023e-01
5.865571711407021605e-01
5.543379886279304891e-01
5.293789950606359040e-01
5.069867904226790234e-01
4.868159244449145051e-01
4.512951227125733822e-01
4.323987733434332958e-01
4.181261615057098036e-01
4.032757943047695082e-01
3.723846941951241551e-01
3.556109571704624273e-01
3.383231999771949550e-01
3.205771832707147717e-01
3.120340348635962102e-01
3.000152030444506179e-01
2.930320219368183210e-01
2.653508493325646977e-01
2.567517425753205740e-01
2.454024563949511739e-01
2.417198670059354793e-01
2.320766700324424503e-01
2.210757039664220103e-01
2.166969017388159779e-01
2.094272140437248297e-01
2.044281983003339576e-01
1.897759055472925394e-01
1.866142855791647626e-01
1.814349890277398569e-01
1.785142748473518837e-01
1.705678535907445004e-01
1.587755740473026644e-01
1.523714524479564403e-01
1.495975706891538304e-01
1.484648612756931663e-01
1.407618260709822822e-01
1.395493388928960299e-01
1.340985482954664132e-01
1.303192441079673025e-01
1.234523993023310812e-01
1.215447182875041277e-01
1.188015495075655931e-01
1.139819867432678158e-01
1.105041508498996461e-01
1.074419584262734650e-01
1.075189742604414495e-01
1.035327483826143091e-01
9.966207213276899457e-02
9.641409520241481235e-02
9.241919096798018041e-02
9.107275335631376256e-02
8.711490904707605565e-02
8.895124280179608767e-02
8.680927378925244742e-02
8.203051906661074089e-02
7.863592930554737237e-02
7.755340919316493220e-02
7.425720884498041019e-02
7.491203251945481589e-02
7.552420509347693156e-02
7.203470568021290432e-02
6.810612807624041865e-02
6.670061040596028668e-02
6.604379019355881286e-02
6.364221839074421516e-02
5.940672027267974997e-02
6.005686832576845324e-02
6.052868654121588976e-02
5.654193845898594639e-02
5.629843955119855081e-02
5.706275435994372092e-02
5.428384227290623115e-02
5.106357929097208453e-02
5.040226695626794789e-02
5.075369433478580522e-02
4.933085235778256195e-02
4.801384462759956256e-02
4.710705422156136191e-02
4.673670607212024319e-02
4.614553823588922465e-02
4.471128856475006796e-02
4.280363895141084396e-02
4.359965838264447113e-02
4.159029760281227062e-02
4.117646131644871893e-02
4.015701810087129314e-02
3.884088854315469880e-02
3.811555967023180780e-02
3.779020602531820566e-02
3.677269382075311344e-02
3.626433023624366092e-02
3.596269014071804687e-02
3.547016905903837419e-02
3.493680822142423287e-02
3.540469691234295752e-02
3.495786251551988300e-02
3.372232597131293724e-02
3.296732188816368925e-02
3.302677838469794680e-02
3.192495027500324295e-02
3.073553709798617153e-02
3.027314094839138672e-02
3.023180735455791371e-02
2.947504264505433624e-02
2.946167193036831888e-02
2.872236722993865357e-02
2.866092065150190743e-02
2.813173501863834233e-02
2.869338847255032895e-02
2.909141473892608298e-02
2.918006854925103352e-02
3.216074726689765323e-02
3.221302530631432043e-02
3.492892174382430243e-02
4.789872962692832969e-02
1.458392822224382490e-01
1.548700804637282324e+00
2.155603107112720629e+00
2.838559442368460695e-01
4.969262563373572777e-02
3.425136799991548159e-02
2.842652962189836513e-02
2.515590733160343387e-02
2.404731529490477041e-02
2.317841999946760809e-02
2.202164749261365309e-02
2.156374685226696009e-02
2.109401678492893797e-02
2.002757817414369673e-02
2.001556302964137973e-02
1.958176582987409403e-02
1.933525198242809842e-02
1.839616593043557138e-02
1.832987686522585119e-02
1.884360690723971277e-02
1.856640003784949811e-02
1.811807425739624458e-02
1.800951386492064682e-02
1.753934148929531256e-02
1.708038555944776590e-02
1.680991767618654140e-02
1.656325086562867102e-02
1.629581917242418562e-02
1.602752606440184871e-02
1.584589554569431832e-02
1.605267749003834801e-02
1.584305090850874134e-02
1.513851188119734979e-02
1.482309514202586817e-02
1.448847503671322513e-02
1.467179891471990204e-02
1.498679726519397577e-02
1.488988629481353618e-02
1.433772815508128212e-02
1.377260108906605551e-02
1.340779052340351774e-02
1.358878287605419684e-02
1.365706835393583861e-02
1.336533346174833756e-02
1.328362099414877318e-02
1.362312100454580142e-02
1.419386218387766636e-02
1.503973286313359768e-02
1.306860016563765430e-02
1.258563470247118544e-02
1.261758573161409804e-02
1.223579712477717088e-02
1.209565298461904095e-02
1.199853662657533217e-02
1.186900862219854823e-02
1.202197390235001766e-02
1.187739397677595003e-02
1.144415777709145536e-02
1.126272213922818559e-02
1.112557055621096226e-02
1.134641252037350313e-02
1.092949207745225540e-02
1.078430114432311210e-02
1.076347829504728688e-02
1.044215199079531232e-02
1.033246343871963534e-02
1.023387053649029571e-02
1.010262361864867377e-02
1.033987679613653302e-02
1.019610065510184738e-02
9.783913452792381699e-03
9.604031024262389693e-03
9.709939480460755279e-03
9.704310205244422866e-03
9.510710137431014830e-03
9.333634096421860454e-03
9.447614960162787831e-03
9.434725196749978865e-03
9.099596920778304024e-03
8.857222231712900268e-03
8.833304012305630629e-03
8.625308514975763355e-03
8.731791606492915817e-03
8.431289484785702698e-03
8.336831381585108405e-03
8.304863064420277274e-03
8.096967546085563974e-03
8.003037350188186780e-03
7.961580573912406533e-03
7.709141959854263863e-03
7.616139053652883420e-03
7.485591638664875098e-03
7.208804037497430588e-03
7.171602901739927531e-03
6.909065076866171239e-03
7.039232984875617126e-03
6.972504000353047481e-03
6.681810677939739769e-03
6.699545879280346776e-03
6.660741398679420611e-03
6.509397625522027504e-03
6.659166398144593033e-03
6.358989451887334630e-03
5.996026146955892554e-03
6.227038142203102436e-03
6.233043907489689908e-03
5.877720415628657699e-03
5.845550781890093174e-03
5.913609832194279860e-03
5.824096149959161368e-03
5.845573142122791575e-03
5.828695473739320398e-03
5.697498544736852473e-03
5.842846938669874965e-03
5.818452307910228563e-03
5.858413265000955022e-03
5.812285279521762875e-03
5.876069444757424723e-03
6.121108787721923385e-03
6.310110334109197625e-03
6.429411612039287634e-03
6.634427833557013376e-03
6.803079032591574475e-03
7.071954139602406111e-03
7.256681024563465914e-03
7.538173598479541541e-03
7.865613588134883274e-03
8.731931306345638161e-03
9.299366021791904968e-03
9.659757494282215570e-03
1.023163214501978009e-02
1.111875884026228972e-02
1.163983645351506814e-02
1.249490681872185080e-02
1.404588799665232139e-02
1.571960325727178587e-02
1.767488295882664942e-02
1.899889475455910845e-02
2.107484507903087737e-02
2.332662404283746341e-02
2.556027380976375399e-02
2.856249814934662054e-02
3.279294318120244689e-02
3.706048975103171106e-02
4.227453015243225892e-02
4.976479746518762404e-02
5.449044390230724233e-02
6.346034441212736188e-02
7.554308790302523280e-02
8.845913326366924845e-02
1.047810534264171506e-01
1.228159989799467861e-01
1.463812949569950339e-01
1.753726069625396178e-01
2.096357664267754217e-01
2.474729283017537418e-01
2.896773834784433510e-01
3.667351537981881071e-01
7.371253724174305910e-01
1.495859539716153375e+00
1.038945623174110544e+00
8.691179675352980194e-01
1.068450248707583539e+00
1.317700213456465930e+00
1.607591681125380756e+00
2.034906768432500623e+00
2.639339450582277813e+00
3.428626785801635712e+00
4.452051298902858889e+00
5.751877932572497798e+00
7.637664756178851988e+00
1.039349223396263078e+01
1.390833791288407717e+01
1.933533138369216076e+01
2.619906373828396084e+01
3.561854267252185480e+01
4.549542178999764275e+01
6.174997086621925746e+01
7.189361659891609690e+01
7.960697946292131633e+01
7.218780456841493276e+01
5.558939240928081915e+01
3.857348222976388286e+01
2.378865912546925898e+01
1.378268754593379342e+01
7.667212207620969444e+00
4.034631831776579247e+00
2.103289821334758614e+00
1.097396116127977272e+00
6.241612544967435339e-01
4.245918684915834795e-01
3.478968129439210522e-01
3.268296521123775222e-01
3.267335938501421122e-01
3.317185318220339796e-01
3.378413586674732794e-01
3.430172558328428156e-01
3.468199075304034262e-01
3.491432578423294131e-01
