9.590807386674891333e-07
1.194023330789939510e-05
2.752448111922177368e-04
2.921294619473480386e-03
1.448970747449402317e-02
3.706591961656757750e-02
4.832324423676662845e-02
3.894403652951947820e-02
2.861377706360881609e-02
3.882878335437901784e-02
4.426745062930653729e-01
4.255864247604524420e-01
2.374457243474535281e-02
6.705288439095650685e-03
5.014970004218963391e-03
4.066750629556224045e-03
3.497022178999266168e-03
3.037448987986204885e-03
2.612395048888195570e-03
2.244053405045860327e-03
1.997850591693616212e-03
1.923386293286464578e-03
1.793209691255718500e-03
1.721359925822078503e-03
1.570046857115614883e-03
1.509372492393656591e-03
1.487386135535200514e-03
1.382720868226062485e-03
1.330519099885489696e-03
1.378988520640279198e-03
1.345679730068861501e-03
1.307902248066044161e-03
1.290748896761910588e-03
1.250569508174380600e-03
1.194912694653767248e-03
1.246555933770566397e-03
1.237666436959156905e-03
1.219947185886596569e-03
1.263397688089522731e-03
1.131235759566765571e-03
1.092921346353937671e-03
1.130131008640190273e-03
1.180505277108414219e-03
1.281508205816816060e-03
1.168396316031121126e-03
1.165541635388907477e-03
1.164158313354982576e-03
1.071383547112052031e-03
1.025186642743748829e-03
9.788245377984553918e-04
9.743132602282670836e-04
9.541723037051883698e-04
1.001416289784479380e-03
9.517938314685001023e-04
8.983128849869608445e-04
9.152865513359157964e-04
9.355349283581704126e-04
9.648776306350340462e-04
9.444685325347726380e-04
8.849236024860801476e-04
8.643129988104404984e-04
8.579841563931874665e-04
8.212731677334193531e-04
7.787840123765894752e-04
7.897704212607162743e-04
7.644131050848710631e-04
7.740834339259453686e-04
7.614612008198126626e-04
7.203886069616627624e-04
7.677940137353208520e-04
7.535484766985917765e-04
7.515425031644104277e-04
7.588053910605039492e-04
7.489924271116482147e-04
7.259176142831955678e-04
6.825828779954352986e-04
6.850220363478804093e-04
7.186590389593527440e-04
7.209524277350475409e-04
6.780878177085903616e-04
6.652440225649842260e-04
6.492661071946963843e-04
6.454856661659589883e-04
6.362989665376651014e-04
6.438729073045008217e-04
6.542420706278166123e-04
6.297534022828936689e-04
6.230067012695123538e-04
6.245165178606587424e-04
6.261446757108451609e-04
7.800388007770540835e-04
9.309168354605005342e-04
6.417028329230659847e-04
6.206522390936172664e-04
6.220313127096857228e-04
6.047347851790579485e-04
6.108512310621142492e-04
6.195416091768722860e-04
6.427743447986254514e-04
6.051847631564474719e-04
5.702808881997013368e-04
5.620629693822674910e-04
5.771719057823308883e-04
5.603445212960118374e-04
5.780976361545834023e-04
6.153101412500568872e-04
5.898229345889215982e-04
5.618418231476768549e-04
5.701446036950654763e-04
5.808983196185341612e-04
5.913335082643578862e-04
1.014129459225494119e-03
1.353417034232490311e-03
6.440201496137941493e-04
5.615351800164654350e-04
5.469296404390562062e-04
5.500824195265515424e-04
5.496492641998727358e-04
5.480950679109118824e-04
5.282172984366451758e-04
5.199972641959240511e-04
5.296433952945604285e-04
5.301825060466208673e-04
5.604525798861778336e-04
5.789796998014433297e-04
5.540759257184079724e-04
5.472583034009573634e-04
5.587867002023959827e-04
6.234993969990780495e-04
5.627796822435533319e-04
5.092337552678046723e-04
5.120391641226767609e-04
5.313323692002475509e-04
5.115654131578604210e-04
5.173791505231542650e-04
5.175857805986935250e-04
4.865765138791301237e-04
4.912030311363025812e-04
4.942162026882052084e-04
5.033335589088276532e-04
5.208544202219950701e-04
6.255835044629582536e-04
6.141021328845457572e-04
5.324553780067492036e-04
5.132510382964638150e-04
4.815358512670567942e-04
4.624246104293908621e-04
4.734071560501223845e-04
4.942704908299339842e-04
5.029174431521400614e-04
5.175577211395447587e-04
4.837687330128219703e-04
4.593710927728443961e-04
4.665076994309205814e-04
4.550539777855480261e-04
4.974077469792205063e-04
4.913142285096833628e-04
4.747371352104923573e-04
4.823515093129281529e-04
4.516038774141411995e-04
4.545062750403394908e-04
4.902162701587460926e-04
6.343140004647889862e-04
5.926879874235317733e-04
4.646493329315878190e-04
4.915961017797493022e-04
5.026991985424351028e-04
4.756087164949153500e-04
4.859321261987786496e-04
4.795520458809377808e-04
4.766407963189658089e-04
4.624792887654013626e-04
4.752140819353441506e-04
4.891487019314779078e-04
5.034463648917850316e-04
4.904328130475151199e-04
4.706007226974683304e-04
4.734300774543950558e-04
4.857050685133332572e-04
4.771501420271649554e-04
4.860424613491849352e-04
4.858884456844429853e-04
4.865570154135590844e-04
4.597286445831906565e-04
4.557818410374513173e-04
4.881613326870323051e-04
5.019304508614812199e-04
5.122705185261266581e-04
4.900377369797447253e-04
4.633808834286887082e-04
4.730452538237727182e-04
6.093673506326978797e-04
9.218791272342631788e-04
6.042534346685924772e-04
4.859353087733163249e-04
4.794066929206557332e-04
4.827066783919076545e-04
4.865692211418840571e-04
4.782923605664056248e-04
4.700052281864045152e-04
4.694439788376975802e-04
4.864408064193624236e-04
4.830674130707718165e-04
4.858828870388256192e-04
4.844615800520672461e-04
4.684121044884217403e-04
4.494049476712878334e-04
4.792403219127433413e-04
4.839227316324268627e-04
4.779578395101608153e-04
5.031232146250523909e-04
5.440124133975710258e-04
1.266517248577374820e-03
3.069003374497889999e-03
1.136962624945839044e-03
5.003071689173970707e-04
4.982098859471400859e-04
5.059779876365872158e-04
5.020943940523597739e-04
4.905578056106422958e-04
5.124100960701029718e-04
8.925582593636298585e-04
1.078003600441087813e-03
5.907070795165916561e-04
4.637622296820235589e-04
4.630013251737897986e-04
4.869206716130706656e-04
5.133151961743509344e-04
5.196125847191023720e-04
5.045855344354293909e-04
4.755070754853513810e-04
5.154515853523254166e-04
4.840798889593872739e-04
4.862415866099059365e-04
4.737615650061634438e-04
4.707236886428474844e-04
4.878892852310745759e-04
5.082272283152654410e-04
4.915431865707707614e-04
5.022406898799642878e-04
5.580352069518660372e-04
1.258758628767544770e-03
4.382187832997552074e-03
4.812004142082731799e-03
9.224577068002014907e-04
5.207102451564634554e-04
5.032895619296916603e-04
4.882826224207150508e-04
4.759067006982401057e-04
4.472745369170510218e-04
4.738221747908000973e-04
4.753271562194663429e-04
4.873339786022520804e-04
4.736249789814184642e-04
4.863927716574872450e-04
5.077437172270937498e-04
5.212997611180939222e-04
5.162767998086639342e-04
4.921334740796271846e-04
4.999554131884893435e-04
5.113964416100498598e-04
5.596279843751504439e-04
9.858433782749611868e-04
4.581244000681891117e-03
5.541071190374326390e-03
9.620845993743684828e-04
5.205063635806161416e-04
4.927242623284338718e-04
5.047431514286709149e-04
5.137060023869382533e-04
5.152947735057320303e-04
4.816289317454733147e-04
5.256641071275913171e-04
5.718635686573088871e-04
5.645099424633262791e-04
5.496594363412901163e-04
5.378327039216688078e-04
5.075623027748164253e-04
4.984259102253430548e-04
4.952822952709650057e-04
5.265699043513833366e-04
5.398139053997499546e-04
5.283159287473514990e-04
5.226820657128272230e-04
5.014309095071688800e-04
5.323228317051549455e-04
5.329021959586402934e-04
5.166198635968561985e-04
5.375062293986676912e-04
5.620183007391844898e-04
5.266739865336434769e-04
5.570717536010616738e-04
1.001441285313011765e-03
3.265992994574560410e-03
1.944115480842871762e-03
5.769969790381815561e-04
5.346376289151346219e-04
5.416436132011947548e-04
5.534118050675868863e-04
5.356708692799941503e-04
5.342511377119246729e-04
5.093402476369509289e-04
5.015299392846296915e-04
5.321977678108052653e-04
5.921623063808724137e-04
5.846508877698500728e-04
5.439345234674806658e-04
5.409104611785838434e-04
5.624634246938942268e-04
5.824635478725159873e-04
6.158108099028403778e-04
6.735626528465431554e-04
8.357945187018495396e-04
3.917153168950920569e-03
1.827675572036716739e-02
9.629487344604828122e-03
1.076551979109469093e-03
6.929513084699772361e-04
6.408183792168854623e-04
6.062153488774651208e-04
5.665301196270513054e-04
5.661044390321654397e-04
5.516664061084173209e-04
5.475532033913968174e-04
5.576356574107672187e-04
5.418553150815253730e-04
5.346628347197533715e-04
5.339487577030259911e-04
5.506128663477216634e-04
5.574800002423815903e-04
5.616480098199192784e-04
5.928245394355753520e-04
6.155066182221980830e-04
6.106004495968909550e-04
5.931689785299302988e-04
5.977495071524865228e-04
6.209417190506783370e-04
6.142084965573713778e-04
6.132120662595574347e-04
6.559764957588255481e-04
7.070035858210242793e-04
8.268885568448733955e-04
1.223857574750850715e-03
7.795596544764775079e-03
1.597133905698491785e-02
6.738612492364463163e-03
1.256395548857963673e-02
5.282470600774621071e-03
1.014185618412273776e-03
8.308385626627072008e-04
1.651874689873059944e-03
8.236850796379183506e-03
7.838552167609598442e-03
1.293445252950414792e-03
7.452480629233601030e-04
8.083581814507579712e-04
1.538224312504373002e-03
1.729047112279410645e-03
8.342468197554437238e-04
7.478409877467910929e-04
1.193465644919135780e-03
4.037202736024535742e-03
3.113083832658930517e-03
1.251216201060443341e-03
5.677800428734924507e-03
1.025912429515927690e-02
2.733555566231626183e-03
1.443384071766229057e-03
1.011005924840770523e-03
8.030726523882373430e-04
8.641070439404541659e-04
1.718236794633067619e-03
2.775213934496482699e-03
1.098093988980268845e-03
6.960980533561447270e-04
6.991088320521576848e-04
7.106735164572144416e-04
1.223025428484727280e-03
1.285093009082515295e-03
6.943763504924369608e-04
6.813756684648073934e-04
7.177933627209279362e-04
6.902432475051333569e-04
6.446846056031447494e-04
6.551132754355853917e-04
6.746957126608755205e-04
6.536332582007467343e-04
8.033040576691420501e-04
1.271334373082184553e-03
9.619256825768856146e-04
7.693304738880996953e-04
8.193587405411306528e-04
8.709564669356907292e-04
1.636231419339122381e-03
6.976399872979963807e-03
5.907374460010260744e-03
1.178609091412787446e-03
7.942071204223696747e-04
8.576493304077261771e-04
8.217311732532572507e-04
6.072526761635003729e-04
5.777608328699074518e-04
5.683804858779245399e-04
5.813992114710204041e-04
5.869662713305683283e-04
6.072337505878044666e-04
5.700823129234240108e-04
5.419443202734526566e-04
5.366423062771839966e-04
5.499207875878254353e-04
5.002812765370672149e-04
4.763095782191928049e-04
4.892708497841274885e-04
5.783453590934578429e-04
1.270676680431349600e-03
5.406954932338329210e-03
4.314381616432844818e-03
8.424920759193738930e-04
6.056939644844668231e-04
1.099284257236314783e-03
9.630290804338301810e-04
4.023993092829515790e-04
3.184035246365252841e-04
2.697714360444944870e-04
2.353859862874438976e-04
2.168488582042451987e-04
1.963087390452383015e-04
1.820584110625603712e-04
1.547014003503060294e-04
2.274443472728107543e-04
3.435459319365328861e-04
1.568534982128816325e-04
8.135250045549849711e-05
7.056193081513218368e-05
5.754231004620303196e-05
4.823360211408748830e-05
3.919990358327097229e-05
3.543335786142548814e-05
2.920896910834110054e-05
2.379596491575256632e-05
2.021642486534156179e-05
1.543670581980873349e-05
1.277512075152493626e-05
1.372951589558285032e-05
4.483471301714459916e-05
1.065493374881960664e-04
3.844844857670064132e-05
7.326454079183653726e-06
4.887578333508804727e-06
3.847314427426223085e-06
8.284892822152884875e-06
1.548949945291307252e-05
4.926104886907238654e-06
1.181619025201890646e-06
8.142795286525927670e-07
5.968157248788914645e-07
4.586319460068867381e-07
3.241817185848774877e-07
2.293669320201583352e-07
1.710382186299683098e-07
1.346067357414901279e-07
1.572657971581132365e-07
1.100875988118102836e-07
4.206543821021008604e-08
3.069139970550555206e-08
6.228073601853327497e-08
1.263787176204734735e-07
4.324504794178359415e-08
7.541339306205932596e-09
4.190448419641278375e-09
2.756464277884523894e-09
3.334215333194999768e-09
4.511861353337570980e-09
1.623546877496885706e-09
6.290607334226084103e-10
4.365100200446588726e-10
2.937432222199818310e-10
1.933630969549018183e-10
1.289716644933330498e-10
8.643256323607465074e-11
5.814399639132414096e-11
3.966862004171253589e-11
3.479789379010629085e-11
2.585489775325158715e-11
1.284399306575481377e-11
7.526693383487521380e-12
4.825540045889742044e-12
3.050470196809221207e-12
1.943657948422232800e-12
1.245299839624546217e-12
7.884985101492924193e-13
4.835216080433232886e-13
3.082067362876349311e-13
2.023558537611817488e-13
1.114357450958511112e-13
6.420487562735008500e-14
3.994224516734984016e-14
2.237327489762903190e-14
1.456010634498107258e-14
9.526091524193232609e-15
7.594377056552084517e-15
6.271891105591808221e-15
5.658710751004136181e-15
5.221849733277781244e-15
5.015418911439847024e-15
4.843454105408188477e-15
4.696932699698133588e-15
4.601626180516317044e-15
4.514024845399478225e-15
4.449448802809209385e-15
4.403745839725177208e-15
4.376362005342133328e-15
