1.025963141253404539e-06
1.179052683762718117e-05
2.953539759979286242e-04
3.335853274466982297e-03
1.771927288604168912e-02
4.557908368227464591e-02
6.442997591932220214e-02
6.105456854685541168e-02
5.044052337660603902e-02
4.376712161502189363e-02
3.848651523189009632e-02
3.546723571906883199e-02
3.354240398393323191e-02
3.159959104339853109e-02
2.956317255923375173e-02
2.828954671620019165e-02
2.797590746567459041e-02
2.765902711805218184e-02
2.737120847027452175e-02
2.712984383851050479e-02
2.705077353660989559e-02
2.743338293652248377e-02
2.714527733533593154e-02
2.718543146036132147e-02
2.684550527999934530e-02
2.662704471408394724e-02
2.682056778848823653e-02
2.740865248153058834e-02
2.760187549867786777e-02
2.753780533509235864e-02
2.746866072528103206e-02
2.738812039733164519e-02
2.789538073812071819e-02
2.838744631724099410e-02
2.795671796504501511e-02
2.878416301836455096e-02
2.899671562449462198e-02
2.921716727491223062e-02
2.894085247035158015e-02
2.936331543107992617e-02
2.935954174474860595e-02
2.968106854764551369e-02
3.032064401844091622e-02
3.034283505555668281e-02
3.071863374259496335e-02
3.101990768048770025e-02
3.138368840823480693e-02
3.175383531133566667e-02
3.163459196707782417e-02
3.226599746049884504e-02
3.268646919508417376e-02
3.281746796809292821e-02
3.349224585420149114e-02
3.391497240308835592e-02
3.438593155025704978e-02
3.463929279264618688e-02
3.506088320844698986e-02
3.556243848142395803e-02
3.631347617745803863e-02
3.660486198427399807e-02
3.723503077258539379e-02
3.767759189869930581e-02
3.802989961909244987e-02
3.871869455521590592e-02
3.910425993552811563e-02
3.999421102308120535e-02
4.051816479669068799e-02
4.147885862808872726e-02
4.197491094883980256e-02
4.249338183621235304e-02
4.286887014625727355e-02
4.358298409443236293e-02
4.479710379417365523e-02
4.618526663669393628e-02
4.704491120725448616e-02
4.752668482111219173e-02
4.817905784803146185e-02
4.927276251847512861e-02
5.069703507601613923e-02
5.191224137249304121e-02
5.317405142518642769e-02
5.394951197198418619e-02
5.482045318621354274e-02
5.639702967380633147e-02
5.815804294041056199e-02
5.940564354920715301e-02
6.031543733719314099e-02
6.219021418306231591e-02
6.381352378617038967e-02
6.540459552147565025e-02
6.712717747227547882e-02
6.864756504154975736e-02
7.010729260302388244e-02
7.269690205184066445e-02
7.480976718814788540e-02
7.673391192231961144e-02
7.887980752838535947e-02
8.154159049767342737e-02
8.383543774436799656e-02
8.602196029388993470e-02
8.932632706148183055e-02
9.236926054496358285e-02
9.505296206867866471e-02
9.833178704496967071e-02
1.017897351463573768e-01
1.057483382470353617e-01
1.096630626925423624e-01
1.143012402062774657e-01
1.180811775291217558e-01
1.230073491198334645e-01
1.277031726190341887e-01
1.332653766601434864e-01
1.390853253791373423e-01
1.443635289950066514e-01
1.506380658824501562e-01
1.572461752721593387e-01
1.649866402739109394e-01
1.729254507868639434e-01
1.815211580953372261e-01
1.910834719286099437e-01
2.015629556491695673e-01
2.126104243590307419e-01
2.233526822127299971e-01
2.367613560077792001e-01
2.509137308324810856e-01
2.659513958133040701e-01
2.824751534237883721e-01
3.009460648138087002e-01
3.215558064831355867e-01
3.453459098645965675e-01
3.709723280336584827e-01
3.990895876764570249e-01
4.301327823192372946e-01
4.658242274166380925e-01
5.069861084565417952e-01
5.535851129887265909e-01
6.056350527116262095e-01
6.650451688284081397e-01
7.358970597259427704e-01
8.200904160383671870e-01
9.160875080016803729e-01
1.031209662212148048e+00
1.170717015634201275e+00
1.341360679098207997e+00
1.551087791936863747e+00
1.815924220956961488e+00
2.151463479930439515e+00
2.594405531613064309e+00
3.191307255492289219e+00
4.020172456436847064e+00
5.219607289183908705e+00
7.071657768289887791e+00
1.014293610514596544e+01
1.590371447602497490e+01
2.916545181231417416e+01
7.930283432704510460e+01
1.546756872588807028e+03
1.618126866354375670e+04
1.077263381932834636e+04
3.308331690314519733e+02
4.887878312593234398e+01
2.195955981295360360e+01
1.293052109747485545e+01
8.616670431427913002e+00
6.163882748030451886e+00
4.637326098289915599e+00
3.621577348926641182e+00
2.905435517874727758e+00
2.384696091776174143e+00
1.993420788082231887e+00
1.689089412151894454e+00
1.452391753645413397e+00
1.261609228576869413e+00
1.106592255271503955e+00
9.768313918062092593e-01
8.715294516494277444e-01
7.802612498004699582e-01
7.028280976593165308e-01
6.369193267975743478e-01
5.789122866745670670e-01
5.292916549812184401e-01
4.863739560222593017e-01
4.494810833851661802e-01
4.146051910725608858e-01
3.843585239184767466e-01
3.581763781679078162e-01
3.327915501080578875e-01
3.113460932563016370e-01
2.918130448979256442e-01
2.743176001880888171e-01
2.578129590530868209e-01
2.437098254618988435e-01
2.302250352003633316e-01
2.175609591020788436e-01
2.063530323218605855e-01
1.955093981819622240e-01
1.844781566014761509e-01
1.759828498351969084e-01
1.679055659403748679e-01
1.603542393352160589e-01
1.529178565849330929e-01
1.466207560482658268e-01
1.403362069405473533e-01
1.335557903247641953e-01
1.285315942733135652e-01
1.230435431888434045e-01
1.184944031550364263e-01
1.137776921256962448e-01
1.102802196892342240e-01
1.063996625661934731e-01
1.022760091455336140e-01
9.844930782786714962e-02
9.523131167895974858e-02
9.167389182686624949e-02
8.852397400606844269e-02
8.556224554091260148e-02
8.314893554349057914e-02
8.063471210693680391e-02
7.791778614396344116e-02
7.527119348755859085e-02
7.340560100456895720e-02
7.141469281734499908e-02
6.927747369351096307e-02
6.687777380300356789e-02
6.511556362550198485e-02
6.374857808837705586e-02
6.184008186752760344e-02
5.991624703452225198e-02
5.827680209003949230e-02
5.738918090426781138e-02
5.570858414374055267e-02
5.423514699344656603e-02
5.282312542548762285e-02
5.127133511143557032e-02
5.031390670157056405e-02
4.912183777806056889e-02
4.775495153655650443e-02
4.698108930653664694e-02
4.581046708881396368e-02
4.478603996980073942e-02
4.394618031635789263e-02
4.299258683642007833e-02
4.243083747911665510e-02
4.103144277716604810e-02
4.002532869870450982e-02
3.892896884934113344e-02
3.841315364381115566e-02
3.784549420546044068e-02
3.717251446656762853e-02
3.663229452374402312e-02
3.583900300126056232e-02
3.501300528017592395e-02
3.398878662799370565e-02
3.369242717325370701e-02
3.310737770692261106e-02
3.256578453675834650e-02
3.219795915651187113e-02
3.144548850950732582e-02
3.112547413286080936e-02
3.043672430347722085e-02
2.968440434363620387e-02
2.919245383045575987e-02
2.881465807868823295e-02
2.832332037031910776e-02
2.793002130310850289e-02
2.762662359927004624e-02
2.720206146906203881e-02
2.648390711163926825e-02
2.609369764639456538e-02
2.577370437382575305e-02
2.541971454335894762e-02
2.502631434305404787e-02
2.443186058206734193e-02
2.406018339077524090e-02
2.377003153093873791e-02
2.373219493512632866e-02
2.331852093993028521e-02
2.289671929915407939e-02
2.258957067089281331e-02
2.203836646539370642e-02
2.192245316357051277e-02
2.179016161858474479e-02
2.134075086310079084e-02
2.091744688499937860e-02
2.062608044063289625e-02
2.055304547138253612e-02
2.033630936209853204e-02
1.979791436223098111e-02
1.980730204696863270e-02
1.969104648782017686e-02
1.916844164625898864e-02
1.900415454484056382e-02
1.873435425279089406e-02
1.855141629042247539e-02
1.839705129658680827e-02
1.814155131011047084e-02
1.779089574025984402e-02
1.760783652973165955e-02
1.782525114319677417e-02
1.751558618566288403e-02
1.711082391267992539e-02
1.705134904457605502e-02
1.709436981435080716e-02
1.698179340129542941e-02
1.656709723057360820e-02
1.651835733359469094e-02
1.645044800990399028e-02
1.621069124484287097e-02
1.700505506583939799e-02
2.115413628616229572e-02
1.832323553473497874e-02
1.600908462185433520e-02
1.628700439621780238e-02
2.005929838829489942e-02
8.329923965197232050e-02
1.122281490187367059e-01
2.708092814152078878e-02
1.596914260287405143e-02
1.518028393966284681e-02
1.466591789659572008e-02
1.450887955769840539e-02
1.433377884373942916e-02
1.414943285151437462e-02
1.410027451884371744e-02
1.379024866913399448e-02
1.381014774400024687e-02
1.367772064362181121e-02
1.355977415115121841e-02
1.340013696332812906e-02
1.337958783913107894e-02
1.322898743871383023e-02
1.305100151490892757e-02
1.293176443436672499e-02
1.270754494425158435e-02
1.248847567761545221e-02
1.241831420663072789e-02
1.249410920794206785e-02
1.264070537831001560e-02
1.242504464702681895e-02
1.206042266438176261e-02
1.195512807227070741e-02
1.203413570545103575e-02
1.188062500401316016e-02
1.195162858968970392e-02
1.171993637488465308e-02
1.148135498897097199e-02
1.149123666499594909e-02
1.166500717138200388e-02
1.175482974840903749e-02
1.195878189254716457e-02
1.167158321597764649e-02
1.459786679950958975e-02
1.503394134833441892e-02
1.140963737745156852e-02
1.107388416534950404e-02
1.092966836410927053e-02
1.081148902361228972e-02
1.076283343579533675e-02
1.124063983449062609e-02
1.461801806837691176e-02
1.783713949010784505e-02
1.192100906440739412e-02
1.089593294367419141e-02
1.030091729744383837e-02
1.005821869723542809e-02
1.004335715413270068e-02
1.016099408590321468e-02
1.021797213695305531e-02
1.019699520359050766e-02
1.002056947257766104e-02
9.790367629992736270e-03
9.697952951475269368e-03
9.726601427531669439e-03
9.722567102415055271e-03
9.771791964301491246e-03
9.751503643323179357e-03
9.486531448194864338e-03
9.387227262991728813e-03
9.239734432502500275e-03
9.412957638477147462e-03
9.388129251281684962e-03
9.159004219626449075e-03
9.254214538592512793e-03
9.289169545648233092e-03
9.212615067932073548e-03
9.059300019368091497e-03
9.039663968113367115e-03
8.837221743521285477e-03
8.706268573567576760e-03
8.740519305875908349e-03
8.592568091179744391e-03
8.528786148715817444e-03
8.443421593116787888e-03
8.457763933740604020e-03
8.338862249190674009e-03
8.132065036125114138e-03
8.003740475950879910e-03
7.927866133370231952e-03
7.926699682212528381e-03
8.033727954731357396e-03
7.863009036515619318e-03
7.660416497243106686e-03
7.581297811677602597e-03
7.344787943275939320e-03
7.208777185236023115e-03
7.064095902992204717e-03
6.930196584369067471e-03
6.787413900717784165e-03
6.591932692514282030e-03
6.405323250364614550e-03
6.364256184809412124e-03
6.154672401633180627e-03
5.705541982655163574e-03
5.502015705926579202e-03
5.379830329273255739e-03
5.232791880438581941e-03
5.007457000043782566e-03
4.665212477343957942e-03
4.411647931909604484e-03
4.186858508635787034e-03
3.953000807972830051e-03
3.630846151558782525e-03
3.388282958337135616e-03
3.156286543293823025e-03
2.972525128454644658e-03
2.717128683761058702e-03
2.469776444143399925e-03
2.252852366457918764e-03
2.049398876812621659e-03
1.852140748807507920e-03
1.679565976164875329e-03
1.541282308487373822e-03
1.364418778333752321e-03
1.219360464905941280e-03
1.086501952678389435e-03
9.608101007009949446e-04
8.363129880684350929e-04
7.463773849749929645e-04
6.612218062133057815e-04
5.755819417318444467e-04
4.931119391297632834e-04
4.344421477813318212e-04
3.767503467623962727e-04
3.246010506833754022e-04
2.840609755809285833e-04
2.416691815318133102e-04
2.053436721012255335e-04
1.749599925775285002e-04
1.504379937783579277e-04
1.303173976487148654e-04
1.162504262811757703e-04
9.457768851196316742e-05
7.726058124576181026e-05
6.477679356157768772e-05
5.429295093028487472e-05
4.551205262435046168e-05
3.809049650412327275e-05
3.163943442697998492e-05
2.626972939702535174e-05
2.171356214746961280e-05
1.805097132675687562e-05
1.525109802024300993e-05
1.211873062918966820e-05
9.692649902213643868e-06
7.837358728593171159e-06
6.303040353782565901e-06
5.076145409431990467e-06
4.053739984901852949e-06
3.223315532350731917e-06
2.551731396768009037e-06
2.017735840914608136e-06
1.687967646552129881e-06
1.461652960088463227e-06
1.003649616483199898e-06
7.309256150041379904e-07
5.561688307317225149e-07
4.214140329186666570e-07
3.173045915239014651e-07
2.365568142350089526e-07
1.750505329039965945e-07
1.283534019190471426e-07
9.322710640532657904e-08
6.702596634893871980e-08
4.767782360927836766e-08
3.351824124531207406e-08
2.326633821471433207e-08
1.593955562593221121e-08
1.075606675481878311e-08
7.150112422825219107e-09
4.673468237904880145e-09
2.995201592486358931e-09
1.886631678852516614e-09
1.155497933742191636e-09
6.977629866929445870e-10
4.066253512998709443e-10
2.309102182908106896e-10
1.269823424566028761e-10
6.767763664166064626e-11
3.454914889677428261e-11
1.723836162701568749e-11
8.384653693470437322e-12
4.153556400222253360e-12
2.248047694117105805e-12
1.437919010568328122e-12
1.136940903233655724e-12
1.024322114819913280e-12
9.926406175304961177e-13
9.807224265844134429e-13
9.769276504059736358e-13
9.744683288718254798e-13
9.729045062983072676e-13
9.720478574497465747e-13
