1.838992222854901604e+00
1.615915817522961762e+00
1.566888866890049581e+00
1.766160002866368206e+00
2.047344614275450336e+00
2.149908979678458287e+00
2.285240641806632667e+00
2.537486615653668398e+00
2.658801658210092622e+00
2.569663970083395643e+00
2.383598295695111169e+00
2.192191324685260234e+00
2.057038817975247014e+00
1.775499518701109114e+00
1.546526646611489975e+00
1.391243289416483675e+00
1.276937135601001971e+00
1.131324029777726947e+00
1.022877993120836937e+00
9.062294423786620978e-01
8.366593622868739866e-01
7.396741651146488961e-01
7.007439428253038338e-01
6.548726029998236386e-01
5.876541645499844257e-01
5.541663371594164333e-01
5.291025067661746517e-01
4.936968449549924420e-01
4.424602402426476844e-01
4.095088046764480683e-01
3.939923882085297757e-01
3.774727037405408714e-01
3.610283714537077526e-01
3.384275842173203874e-01
3.327540209525106651e-01
3.138221869983468526e-01
2.861655131761244863e-01
2.737283783376660007e-01
2.656826534241550353e-01
2.517870207203074528e-01
2.423529190180050974e-01
2.373820499006140117e-01
2.271848827000990112e-01
2.123001726359165509e-01
2.039208255777427981e-01
2.007552509465337087e-01
1.916025798990985129e-01
1.904634442322201970e-01
1.859483222251024359e-01
1.802502159848950736e-01
1.768984198791634377e-01
1.774091959854848799e-01
1.662588294556524848e-01
1.588076500608640862e-01
1.594263174982727682e-01
1.542265448322165944e-01
1.494157273932147922e-01
1.470154560365460328e-01
1.497916633733211988e-01
1.439049063715461541e-01
1.421487808469703296e-01
1.417934345919004413e-01
1.415503438631399713e-01
1.392562982302952002e-01
1.372644411610342285e-01
1.362215630399250810e-01
1.315360070678908422e-01
1.305432524729697175e-01
1.270345236284996515e-01
1.247735808143096981e-01
1.223796590745572649e-01
1.211537813725792057e-01
1.198879732148476623e-01
1.215324926961868918e-01
1.222107292966626707e-01
1.232365674077508383e-01
1.205674304609703346e-01
1.153691821710814136e-01
1.134843160256745337e-01
1.172482353362903212e-01
1.185413717243028603e-01
1.141934578911194820e-01
1.148066976910507991e-01
1.179522387862322053e-01
1.189397173364467736e-01
1.173611073159081530e-01
1.132709773024129368e-01
1.134933722186455829e-01
1.140515900426304768e-01
1.181870988262787858e-01
1.189733432623496512e-01
1.159083126809749009e-01
1.168936608618255379e-01
1.199768664762858178e-01
1.218893491055750150e-01
1.222118723685499675e-01
1.205656824560786822e-01
1.214655838193668957e-01
1.262204714358380053e-01
1.245553839973382176e-01
1.275796692753861095e-01
1.295790042631900785e-01
1.300093702359986225e-01
1.358613069895117376e-01
1.375520475446860014e-01
1.403680131564293554e-01
1.446657368899665064e-01
1.471839759502208966e-01
1.498431968185354735e-01
1.550455365003069186e-01
1.608258079956005338e-01
1.617371676247199852e-01
1.619471564995243196e-01
1.657104824660089737e-01
1.775532628926338730e-01
1.813191990668701070e-01
1.844062315045281453e-01
1.897949037697532482e-01
1.992451190885076440e-01
2.059430941539484028e-01
2.045851585705231179e-01
2.150647676537421060e-01
2.288039925702869959e-01
2.375925223113717621e-01
2.408909970626382513e-01
2.458740542031575826e-01
2.567180520133270916e-01
2.691810180061504076e-01
2.898699065028533250e-01
3.156641838587229132e-01
3.269471281092113935e-01
3.447825071022576071e-01
3.689684470451017884e-01
3.952972279737559935e-01
4.168341703178490287e-01
4.581023432486861502e-01
4.775991595118554978e-01
5.210068029107978171e-01
5.811985690833554319e-01
6.323935198250060230e-01
6.925037237834491544e-01
7.825744028764354265e-01
8.688761346084691306e-01
9.785449598173662222e-01
1.158635027916369520e+00
1.295444580846213611e+00
1.488820073144495604e+00
1.801430154236195902e+00
2.142193454960185317e+00
2.650385800394718050e+00
3.535183727183097258e+00
4.677909499320178632e+00
6.791277853191751923e+00
1.036096129554008805e+01
1.901783558621699299e+01
5.063865082750478308e+01
9.779782609917194804e+02
1.022011620473135736e+04
6.850781387445883411e+03
2.069318877782371828e+02
2.999084862730456891e+01
1.295657220770811513e+01
7.466075181375543934e+00
5.042104656339852831e+00
3.606052388359598293e+00
2.603059354879337040e+00
1.971646225959197807e+00
1.596251459014171425e+00
1.284040359376831919e+00
1.081508965053987081e+00
9.310036735003274222e-01
7.790176497665604050e-01
6.526937039353546410e-01
5.662522172550834565e-01
4.933650951951420449e-01
4.362834778028476523e-01
4.002708827697745164e-01
3.603976061482226934e-01
3.153866070046172365e-01
2.776857989194659870e-01
2.540427262997592139e-01
2.345907890476721658e-01
2.094118660409558519e-01
1.924739534421634202e-01
1.770170354346013997e-01
1.633817789461930459e-01
1.462459259021417213e-01
1.356151159664649997e-01
1.290588963628711561e-01
1.185778313907714238e-01
1.118699801434179658e-01
1.044373100674419463e-01
9.867501280349512405e-02
9.448442736236584150e-02
8.615334819146563961e-02
8.082142564408230367e-02
7.579207745139836250e-02
7.040746462000598005e-02
6.719969645185239204e-02
6.301309447131522856e-02
5.956216078874564807e-02
5.689510569817574082e-02
5.447083302470669824e-02
5.230283373121766277e-02
4.840154823304392007e-02
4.643662843855030087e-02
4.496102905044992853e-02
4.357229932747690854e-02
4.060675032544251023e-02
3.830966035558960175e-02
3.633709767807755120e-02
3.446984480368764370e-02
3.360156626694955906e-02
3.222748019804008018e-02
3.149170632343574472e-02
2.852356008089387135e-02
2.761461463462236421e-02
2.638522758476259666e-02
2.596866487913973218e-02
2.494212459273985674e-02
2.382575528886737154e-02
2.338632260626173631e-02
2.257707400890049398e-02
2.194595166361748909e-02
2.035286882554953811e-02
2.003135459928580969e-02
1.945916219397517133e-02
1.913844041245160721e-02
1.832952011294958217e-02
1.711804979821069175e-02
1.642226186900592674e-02
1.614639969405494077e-02
1.600455506077896883e-02
1.516488893916968783e-02
1.499393806085539543e-02
1.444605957626706946e-02
1.405465417010193056e-02
1.332754968749605765e-02
1.311286057965247234e-02
1.282855042921387211e-02
1.229746416285503775e-02
1.193181771679122094e-02
1.157228501418262195e-02
1.152672941912633378e-02
1.110858512936074502e-02
1.073856911713164108e-02
1.037507122355126217e-02
9.915448875108040169e-03
9.802604521709275959e-03
9.397122134084912384e-03
9.586735574722778791e-03
9.328894761222335935e-03
8.821804107758946661e-03
8.448258860249717103e-03
8.335843461490993755e-03
7.951922674280482300e-03
8.031074972041087404e-03
8.147881863926386206e-03
8.096653277872909241e-03
7.726378679244861637e-03
7.218413344250212450e-03
7.123808877302591387e-03
6.890474158719467855e-03
6.406631063833215928e-03
6.466507060222293976e-03
6.544931787800241201e-03
6.096307017392816816e-03
6.060872032369954074e-03
6.140205676034549663e-03
5.834767924912337943e-03
5.478686510955315357e-03
5.420476146378181738e-03
5.491539310379004758e-03
5.327825182234025188e-03
5.191107297137869357e-03
5.059083947610149880e-03
5.011428374545187463e-03
4.967167255813465659e-03
4.820043168030837058e-03
4.622969912526494682e-03
4.717330853431515175e-03
4.483155576953145802e-03
4.444048586426635472e-03
4.330257156655213657e-03
4.194230281586180768e-03
4.107396352364714801e-03
4.086581880423907978e-03
3.980905210594105383e-03
3.917184377278569267e-03
3.871234232199047189e-03
3.821261824746644085e-03
3.756363664637620958e-03
3.802800223382403998e-03
3.749603239497556993e-03
3.620108396488974385e-03
3.539189805182403267e-03
3.557540055143380408e-03
3.442161311910120133e-03
3.291982958482137563e-03
3.246339562139277830e-03
3.229320599087896412e-03
3.145840426066224844e-03
3.131515790663784524e-03
3.040135239007148941e-03
3.040763162872754926e-03
2.984676388550366270e-03
3.039770437982250093e-03
3.061962957173610007e-03
3.025824827730724982e-03
3.191192117849650425e-03
3.195438878315348934e-03
3.426531037171700635e-03
4.440029337129646966e-03
1.204426171293156676e-02
1.207376436765811994e-01
1.690090611343367244e-01
2.347088206663565726e-02
4.728755616611237181e-03
3.467916236445132711e-03
2.960498064755265595e-03
2.655640657786618054e-03
2.557100183011556949e-03
2.484832342357232594e-03
2.373531509207462559e-03
2.321549067545031642e-03
2.287234958717561037e-03
2.171499799289317370e-03
2.165536730214377269e-03
2.129637945359399032e-03
2.097156731276079381e-03
2.000070243658625888e-03
1.995271151268296350e-03
2.058342750834702903e-03
2.027175638083992745e-03
1.966853961549086625e-03
1.966956465761765267e-03
1.915935491475998908e-03
1.845988191839749177e-03
1.823694448304810428e-03
1.801625573978939739e-03
1.765882576670933530e-03
1.740388493600558912e-03
1.724828734095450308e-03
1.742386715233113252e-03
1.723872979938865504e-03
1.643707159254238596e-03
1.610026491212735713e-03
1.576370558482575188e-03
1.605909666249930642e-03
1.682513753919419579e-03
1.639306611304609243e-03
1.620342962512382823e-03
1.568473566125172481e-03
1.468039320415407724e-03
1.491798979466578499e-03
1.498084636672595508e-03
1.459585899214074951e-03
1.464328715717654397e-03
1.536475585120904456e-03
2.429150143098694932e-03
3.322578776877496871e-03
1.769948628297200429e-03
1.404870295181083690e-03
1.391125401382172508e-03
1.343186480996713499e-03
1.331396766586229272e-03
1.337560492758742671e-03
1.348421336561320518e-03
1.341058214783089324e-03
1.301333641754380543e-03
1.251695987498528629e-03
1.235312474937027118e-03
1.210460739019486674e-03
1.236654081742408640e-03
1.196238825931180295e-03
1.180167769788511341e-03
1.172915817819859428e-03
1.146047707614375596e-03
1.128794832938818851e-03
1.116955195652184979e-03
1.097277367101505896e-03
1.124810321999995854e-03
1.109259479953439214e-03
1.061579933316728367e-03
1.049263408158346896e-03
1.063492164381910294e-03
1.065172909081616489e-03
1.036901679847251206e-03
1.017191376064457108e-03
1.029990768515497927e-03
1.027879391715933984e-03
9.953773722097558358e-04
9.635238460830229624e-04
9.656851590743562074e-04
9.358938293698522339e-04
9.492561658677587571e-04
9.271480022553978345e-04
9.188835664329129483e-04
9.290515116255899496e-04
9.704854865449360568e-04
9.451522824943362931e-04
8.784951162188047325e-04
8.444605206993483328e-04
8.363344600049537171e-04
8.186692827447611485e-04
7.884763719453061290e-04
7.902406151535376969e-04
7.630810235012508392e-04
7.910277481585369953e-04
9.284574601237099035e-04
1.755336499433959819e-03
1.534395905359103689e-03
8.075804066697328445e-04
7.301782289676114193e-04
7.396535500672681571e-04
7.004662910093480870e-04
6.653441133517547451e-04
6.876630819832272061e-04
6.932460717934596419e-04
6.477793487348278189e-04
6.408964622819259124e-04
6.489190953563111434e-04
6.437339499528195973e-04
6.445873835141488917e-04
6.400530173959252146e-04
6.236577984604153076e-04
6.377000488531864124e-04
6.361796700681621522e-04
6.408138324338398008e-04
6.388691818965993707e-04
6.455344518309592741e-04
6.712662580594333126e-04
6.931788976017966243e-04
7.073970381248274224e-04
7.253625458777863445e-04
7.454171097453244363e-04
7.748146462043993153e-04
7.940460600033247577e-04
8.249596603346338701e-04
8.609360992978414050e-04
9.498157529681768626e-04
1.016355928954048920e-03
1.058521402667121202e-03
1.114889749225820258e-03
1.209638888627791219e-03
1.265888480989779859e-03
1.358265561072065104e-03
1.530238193032695251e-03
1.714185479935298115e-03
1.939273345928228592e-03
2.147680927386182072e-03
2.335041519935513853e-03
2.548106611548374076e-03
2.791621253305388156e-03
3.112442250116546818e-03
3.568582911373044571e-03
4.047704786947300785e-03
4.607086004364793937e-03
5.435864293836791157e-03
5.955310779222768892e-03
6.983618478314255855e-03
8.479195662913746601e-03
9.816674694080750399e-03
1.159659927843323390e-02
1.365760856291833338e-02
1.639063196933886885e-02
1.984696660207485239e-02
2.419353070234235917e-02
2.961194007928418664e-02
3.750350259682901782e-02
6.320331495216105488e-02
4.117727311672970680e-01
1.232692134264242512e+00
5.345794020173879613e-01
1.341999043900250210e-01
1.336916988185243849e-01
1.541239924006252149e-01
1.825276356801028566e-01
2.272426090528994747e-01
2.921732335331433394e-01
3.770242112460676087e-01
4.876593876314367360e-01
6.282107023061291873e-01
8.323061899311491318e-01
1.130782088783285788e+00
1.511232210543254961e+00
2.098791696120197336e+00
2.842794180823435379e+00
3.855098657018321440e+00
4.945130938859579217e+00
6.677148922541652709e+00
7.781674617216947532e+00
8.618244979575738540e+00
7.803959608993160657e+00
6.023995960481169476e+00
4.167335334934844759e+00
2.568782268801875102e+00
1.493940757272517628e+00
8.229907707507760906e-01
4.376364136644609326e-01
2.243428576851353717e-01
1.176960245715247683e-01
6.640477823540112678e-02
4.456288664890043633e-02
3.630585688105650993e-02
3.399939388173883748e-02
3.390913866432553048e-02
3.449785556925410307e-02
3.512108086085778680e-02
3.565874272844870435e-02
3.606348437519169697e-02
3.630682493099773173e-02
