8.684342724780804701e-07
1.096086167206489230e-05
2.744888696252008754e-04
3.048899724925695307e-03
1.479087255870901833e-02
3.680579669499639550e-02
4.836654420876219940e-02
3.899416638366520749e-02
2.742221242084282376e-02
1.998262314032123177e-02
3.022637283018566462e-02
2.699364081311475885e-02
8.575219715947331178e-03
6.065915054813663873e-03
5.238096931467968974e-03
4.210846178149153275e-03
3.461273033082510209e-03
2.966644975343945417e-03
2.410938593719264781e-03
2.213224382702747711e-03
2.014206391381832915e-03
1.787046402684677304e-03
1.743114625475016216e-03
1.600877422060090335e-03
1.501589281749547743e-03
1.464242047784107981e-03
1.414720696836866375e-03
1.408369399676493968e-03
1.478278554251460236e-03
1.389002857864084315e-03
1.287541971521994916e-03
1.303749386994821268e-03
1.249315865247304985e-03
1.248988240135099877e-03
1.264160458618169766e-03
1.219274045109922750e-03
1.242751346410982637e-03
1.231680244870205247e-03
1.165920893217498640e-03
1.192437884358351925e-03
1.170876846373306241e-03
1.218401728194455289e-03
1.323708844411725918e-03
1.296725151740701475e-03
1.135153868372919869e-03
1.137305481291950651e-03
1.065715198812415597e-03
1.023554426232306264e-03
9.997895246962285824e-04
1.004167789673531029e-03
9.998688266744473231e-04
1.003529000072860521e-03
9.932459526445828156e-04
9.281570042665589866e-04
9.384409671239884445e-04
9.177251943592028716e-04
9.138492101824032725e-04
9.348819486909193703e-04
8.798448196351910588e-04
8.775322910292290227e-04
8.596150646784401095e-04
8.069449179425502907e-04
7.741135754431091717e-04
8.007544548284932116e-04
8.284888082059102370e-04
8.121982614714552511e-04
7.765225093021479574e-04
7.715881686858422307e-04
7.687902954663470168e-04
7.597618462454139862e-04
7.223315521153732700e-04
7.043798882338607979e-04
7.415547273658839493e-04
7.086972586935651533e-04
6.883115469072825267e-04
6.869605262631121043e-04
6.837194230719539391e-04
6.799882328315642183e-04
6.786336776335885569e-04
6.681430956122367181e-04
6.666192900975776011e-04
6.764535318487840173e-04
6.798562027332729360e-04
6.468480995118275952e-04
6.493682003081642550e-04
6.556082614931617748e-04
6.354016451706421273e-04
6.134702936500558432e-04
6.234676834238701750e-04
6.287670514756747622e-04
6.245214202028520666e-04
6.288819812614517306e-04
6.085719855937783826e-04
5.941034719114821278e-04
5.905140207822001707e-04
6.284322843643771550e-04
6.194374696885879619e-04
5.941844834098348278e-04
5.748786240806723607e-04
5.805446253676458009e-04
5.712779767193519077e-04
5.505151725193324890e-04
5.392861112061125015e-04
5.535640855969079129e-04
5.697475576370133934e-04
6.048648508102063464e-04
5.769686040399095309e-04
5.711847954988280227e-04
5.908064304238573984e-04
5.859694678603931004e-04
5.732132701546020738e-04
6.018373554790170223e-04
6.244520812050827555e-04
5.555264458770639829e-04
5.418729922614046526e-04
5.316661857092412537e-04
5.476667470167862492e-04
5.364499838667858254e-04
5.435189933527776341e-04
5.395444578026846330e-04
5.386960505262108944e-04
5.367302461320149626e-04
5.299084474821492583e-04
5.392920009142764936e-04
5.332395672998518649e-04
5.068500683623047365e-04
5.450246416555898452e-04
5.951940251335794156e-04
6.516020632573845056e-04
5.671177353798736520e-04
5.363425615617330774e-04
5.385011158661158958e-04
5.236683919172358892e-04
5.205800483337237215e-04
5.397600640530736318e-04
5.238310209733985749e-04
5.394993356844959669e-04
5.244940121526320059e-04
5.242894322384680479e-04
5.187227399137102693e-04
5.257527245111526682e-04
5.529584514453730415e-04
5.508085156706219419e-04
5.065756749050430875e-04
4.969065192344465382e-04
5.184510617653026844e-04
4.922768125668478337e-04
4.763519842813796206e-04
5.055646702094140216e-04
5.017072817637862388e-04
4.860193362263598199e-04
4.779236786377889746e-04
4.773167259705504749e-04
4.712560733796283038e-04
4.715803243118781149e-04
4.690912027229687136e-04
4.722986319745650836e-04
4.613318032088442621e-04
4.574488429291032553e-04
4.521218017309607982e-04
4.409238580622385243e-04
4.597586283888756005e-04
4.968864795253483428e-04
5.014733439509903032e-04
4.774291587206676030e-04
4.686352539198080465e-04
4.778225604699279350e-04
4.767541863956084982e-04
4.757467443956421137e-04
4.892257496141403251e-04
4.815510253142094260e-04
4.704552697891396448e-04
4.768804651466856015e-04
4.862337027125284978e-04
4.629418379776667198e-04
4.801450085449410318e-04
4.917080396973940153e-04
4.894114358339080604e-04
4.873464072760118988e-04
4.773013991826536911e-04
5.025971977723577618e-04
4.792743660391674747e-04
4.632954454131561891e-04
4.688595899388096813e-04
4.943065975283795523e-04
4.882873221491405976e-04
4.858340560278372471e-04
4.764120182831258323e-04
4.798751585114894658e-04
4.968310795451410774e-04
4.975956221220140425e-04
4.832979567521957431e-04
5.038811812226783255e-04
4.888069951684808744e-04
4.833924353078133647e-04
4.563870127935884470e-04
4.857741762896345436e-04
4.955064216319302658e-04
4.814035140776374861e-04
4.775005539673949652e-04
4.885340909203354917e-04
4.711531883718173648e-04
4.495093888765095617e-04
4.962514006852451450e-04
4.798430865900452807e-04
4.779642010233681919e-04
4.905502582665217460e-04
4.980289244558515739e-04
4.853899156881800363e-04
4.909040069804164767e-04
4.806352922445910301e-04
4.547557310318431248e-04
5.313972803341930010e-04
7.330110716653621137e-04
5.652828633851249632e-04
4.916845568327526950e-04
4.857532062689135801e-04
4.911888659773021694e-04
4.934603693004019267e-04
4.803838803979601263e-04
5.052121459048885405e-04
7.732532200016124183e-04
1.100446282064136954e-03
6.108319686130404087e-04
4.998490917190276817e-04
4.898661825784649763e-04
4.839839737965611873e-04
4.831790212894216991e-04
4.940883088741634998e-04
4.996327005956680304e-04
4.797754531566438213e-04
4.824627326265051603e-04
4.867064038614223845e-04
4.840863695843559576e-04
4.683829984210705804e-04
4.705725778520046293e-04
4.793438206675876734e-04
4.749986557327165199e-04
4.686927399274132765e-04
4.826288613385301511e-04
5.178316845270419929e-04
8.613088630669621642e-04
1.208133083345145579e-03
8.774947827074723334e-04
5.154635673808284852e-04
4.777213715173408873e-04
4.804832985244350172e-04
4.836410587158259159e-04
4.599962538283965119e-04
4.589883569419731207e-04
4.792073993154841020e-04
4.838934905600107412e-04
4.827330365011057957e-04
5.043329462180005680e-04
4.861781875262115521e-04
4.795915259018735050e-04
5.350478815811242654e-04
5.069247817932219166e-04
4.675713958388511308e-04
4.908676525462789221e-04
5.029004179191086344e-04
4.919658387265345373e-04
5.299717807973434048e-04
8.627662408479789841e-04
9.269892447966279802e-04
5.143808150215626544e-04
5.005437138471225756e-04
4.765451898706495157e-04
4.782531064291799120e-04
4.814689343339151198e-04
4.959894622383869550e-04
5.321935904994633780e-04
5.188834694500578599e-04
5.187433308559887685e-04
4.831625181632305641e-04
4.762712101735773885e-04
5.047357306862544201e-04
5.166516258975988561e-04
5.259831503502582261e-04
5.100234400052787052e-04
4.932071998444130002e-04
4.992174796980649492e-04
5.143691431702521102e-04
4.991191849678393473e-04
5.040758904497123251e-04
5.111839502850622436e-04
4.917001787187079897e-04
4.940372773148272566e-04
4.860914004986647955e-04
5.076939970858845939e-04
4.981766690232962034e-04
4.993357788645138478e-04
5.664381518952404720e-04
7.579425145659745211e-04
6.263451024811395084e-04
4.933694005673026472e-04
5.128855361544513818e-04
5.249155542461032614e-04
4.945417654795841592e-04
4.975754314253631998e-04
5.212331120316511697e-04
5.389173120609718750e-04
5.313903561191217874e-04
5.234527721558600733e-04
5.262752709031856112e-04
5.072425135051620909e-04
5.316654604222542093e-04
5.276575884772125502e-04
5.067015380534695352e-04
5.029848907357277379e-04
4.980305089429078918e-04
4.955721473414387507e-04
5.353510412802075418e-04
8.452192262611980637e-04
2.229487380555271805e-03
1.336212947567635718e-03
5.559198729235193719e-04
5.181975232529584035e-04
5.084333304826363495e-04
5.187283677315172046e-04
5.284886276167678277e-04
5.112048055128261661e-04
5.351139418524879666e-04
5.547930578326456131e-04
5.272657834512771207e-04
5.433311119570056026e-04
5.519546355347149233e-04
5.402237775942844754e-04
5.364694624170273339e-04
5.303983881094680251e-04
5.191427959752126058e-04
5.342227508907531090e-04
5.214350550065228801e-04
5.156834142537521396e-04
5.250738822223955391e-04
5.500824588884274972e-04
5.386514866453621540e-04
5.300811209225362620e-04
5.292029808444596818e-04
5.536376445862226667e-04
5.405388085641927264e-04
5.376603948988285071e-04
6.011182757445648634e-04
1.242782223157940695e-03
1.957128657071800434e-03
1.095241491332854013e-03
1.587773259147613313e-03
9.800859181757562433e-04
6.455117465029230417e-04
6.536318329000724830e-04
9.843263099272203838e-04
4.259375024069136581e-03
4.273310224807349601e-03
9.163617389507669811e-04
6.356947762661398172e-04
6.517497529500921108e-04
6.480867492351629266e-04
6.345853298974896530e-04
5.994825993345180267e-04
6.054154990107057932e-04
6.045505826780071118e-04
8.868811139070853240e-04
8.392249192669477874e-04
6.208516213025351994e-04
1.059773283134209402e-03
1.486203777372269380e-03
7.991476547840525510e-04
7.181183340253550216e-04
6.274271025593664442e-04
5.917598003650863508e-04
6.077210538091151271e-04
6.708568903777722189e-04
7.732916857616756959e-04
6.406695922501698739e-04
5.953702223502406639e-04
5.553305190593250734e-04
5.610774772381039565e-04
6.275752894510207769e-04
6.555746535607100221e-04
5.777627417907744240e-04
5.516258116794389710e-04
5.732111731288437378e-04
5.627899312404337868e-04
5.687767310671855252e-04
5.762606995270529164e-04
5.727738033047118657e-04
5.797554198264118566e-04
5.930928747657221315e-04
6.279029766100599182e-04
6.019090296671955392e-04
5.531815088303532061e-04
5.542664647652076381e-04
5.596222726658694460e-04
6.222936796906323358e-04
1.122930300634862990e-03
1.029308074924061142e-03
5.774669209562072409e-04
5.441901974022138842e-04
5.328481697241579506e-04
5.842941105295965023e-04
5.171281356207140401e-04
4.955602828706187797e-04
5.147128826615517735e-04
5.044312660614112473e-04
4.961615214247257254e-04
4.756943548473919516e-04
4.840026009055898595e-04
4.512002827049649777e-04
4.268966519748999713e-04
4.323088531118541179e-04
4.126755319365718187e-04
4.085704033658221616e-04
3.967678620926082559e-04
3.782963494204256700e-04
4.446433520783162540e-04
8.025879690129549514e-04
6.724166240267907520e-04
3.623287840369828297e-04
3.272614847773008991e-04
3.555994908003525163e-04
3.266357652379465017e-04
2.638041991890857142e-04
2.306066421926874360e-04
2.109697529581011210e-04
1.811808815083184037e-04
1.633992027484976227e-04
1.457937607070157893e-04
1.300363496282478889e-04
1.136999505925666135e-04
1.057693739441779466e-04
1.069610725717758809e-04
8.180656218317556379e-05
6.679340441174746665e-05
5.478742400773688935e-05
4.835567038179393437e-05
4.086907340467879721e-05
3.345681607388410056e-05
2.755164430826907186e-05
2.186546210246033962e-05
1.806027659572666578e-05
1.431031234693443798e-05
1.123905010025791511e-05
9.251479126971272506e-06
8.568633093646671627e-06
9.864644567428171719e-06
1.394709133411381238e-05
6.897321996519496078e-06
3.331941818699926294e-06
2.460049727504476542e-06
1.925504752463436616e-06
1.802335971184814357e-06
1.857928072014279078e-06
1.035852930076783367e-06
6.931108610499460294e-07
5.018860472106400575e-07
3.500731245726253087e-07
2.628983511148234211e-07
2.063914702602234463e-07
1.501306720281186458e-07
1.098181663550308996e-07
7.972901363758836070e-08
6.130158388007221979e-08
4.104309952643501413e-08
2.471948937580357248e-08
1.765352814458063499e-08
1.563437017590782380e-08
1.864689867830013485e-08
8.599168581540365060e-09
3.977267439457263669e-09
2.509040825425110561e-09
1.572635801613344818e-09
1.167428078770083860e-09
1.033613495464047360e-09
5.567369409302647903e-10
3.209071988032464304e-10
2.167723333129475909e-10
1.325545201408004048e-10
8.773391334935215202e-11
5.605030932740039384e-11
3.677831242456212299e-11
2.200653428144896863e-11
1.486176634859210094e-11
1.056547135687448823e-11
7.721571118837762958e-12
4.481207423260763273e-12
2.563021117122621663e-12
1.648195793344716417e-12
1.071728871244813554e-12
6.755907752531324087e-13
4.341343659096685581e-13
2.670679710445476544e-13
1.667073986965215479e-13
9.994334400103697219e-14
6.112748864941195456e-14
3.641926103075365866e-14
2.124720608203540224e-14
1.265027488155317982e-14
7.753123833444576280e-15
4.783190315959477585e-15
3.504972162880120753e-15
2.640089614467679365e-15
2.231215330463743764e-15
1.989078336352580784e-15
1.884882852746255407e-15
1.775180589728235719e-15
1.715154044965142736e-15
1.669689040305808927e-15
1.630336807698189829e-15
1.597684249722453474e-15
1.573629699458327228e-15
1.556588718181700808e-15
1.546359163708794343e-15
