2.300764604708731514e-06
1.819954539521587695e-05
4.696661132428581642e-04
6.259103619378533941e-03
4.310592144529330066e-02
1.391598582401472051e-01
2.359984879453992102e-01
2.762788136437955844e-01
2.738916629266335834e-01
2.730354019627349582e-01
2.725625643878538118e-01
2.681734705879781355e-01
2.645895012657150103e-01
2.626291210596738979e-01
2.645000663155591125e-01
2.629055806963904729e-01
2.609119678454044355e-01
2.592866048494242848e-01
2.603959999910698264e-01
2.608892255988296549e-01
2.618122877762065204e-01
2.620125287717311457e-01
2.606044031331624100e-01
2.623756830284694752e-01
2.639620629354251236e-01
2.636224856328289179e-01
2.624407289785047892e-01
2.620121626831365402e-01
2.623664151532398847e-01
2.632266699539831944e-01
2.653647132482797599e-01
2.668452919610935781e-01
2.663560544313861578e-01
2.661807202028507180e-01
2.673897351196449779e-01
2.667439712958229459e-01
2.680732588032779806e-01
2.695971474960268122e-01
2.699601746016844772e-01
2.710134669077523539e-01
2.727835314974195180e-01
2.735461681235169529e-01
2.739578998407546373e-01
2.735758732518799863e-01
2.751347101371632853e-01
2.751024394169375165e-01
2.764954537509286547e-01
2.779254940819148034e-01
2.786727187445744991e-01
2.786883232175014768e-01
2.799737076407198266e-01
2.814776677775770453e-01
2.825370043786230578e-01
2.832218043844081379e-01
2.849384466995690812e-01
2.870997998996732692e-01
2.873184754737809765e-01
2.884148735846144840e-01
2.892569146802352886e-01
2.902938279034638636e-01
2.920783139089552782e-01
2.942459381781677430e-01
2.956388895270140593e-01
2.961741844393129819e-01
2.976307701218623425e-01
2.990753793660461124e-01
3.004507616216673394e-01
3.021481846788764969e-01
3.029333664459470388e-01
3.050019898273136354e-01
3.062959484697768686e-01
3.083034522687492784e-01
3.107659416969000832e-01
3.119018270866675824e-01
3.129783883335147121e-01
3.145581669340411501e-01
3.160770634720662109e-01
3.180423348405751471e-01
3.202500054781754479e-01
3.229858955726254144e-01
3.242050453945405919e-01
3.256018659379570912e-01
3.278989723532361733e-01
3.298624561743073724e-01
3.321113104817532968e-01
3.348135514102972277e-01
3.364338695575913585e-01
3.386684091738197400e-01
3.415961360765936150e-01
3.440016246073254735e-01
3.452752669421116360e-01
3.476264145055097399e-01
3.506803798916642290e-01
3.536320563433783537e-01
3.556091790973291422e-01
3.586994344336209561e-01
3.627513313128818973e-01
3.643696404284311741e-01
3.672683525784932179e-01
3.713785922437590759e-01
3.733004505767347769e-01
3.765091772351648602e-01
3.790100033172044136e-01
3.838087975634492111e-01
3.860756231488756685e-01
3.889653888943976900e-01
3.934582590211533337e-01
3.960139284494574863e-01
4.006726651805431194e-01
4.044685697153139192e-01
4.088191817798909611e-01
4.122438220316915758e-01
4.149549437396956031e-01
4.191776637592481425e-01
4.223213346669943968e-01
4.267971500993074097e-01
4.312739115418572911e-01
4.352838631536708469e-01
4.387689536192422302e-01
4.441400897267084313e-01
4.484764458661819053e-01
4.538755930925844617e-01
4.587976470822713315e-01
4.633861340751346813e-01
4.676316422981621201e-01
4.731258079078636825e-01
4.788058150999496276e-01
4.837677575444403466e-01
4.897837355046085750e-01
4.953016435844306287e-01
4.999323101566165994e-01
5.057128626729769927e-01
5.127315284610598489e-01
5.191447392408021777e-01
5.263656307680932844e-01
5.333524639711627602e-01
5.391226520725754812e-01
5.456761658882915977e-01
5.539935243771895168e-01
5.598393069203811967e-01
5.666198762753694718e-01
5.744702697598966790e-01
5.832422883163925764e-01
5.917160419117689640e-01
5.996201679446708788e-01
6.081421870528067597e-01
6.161772661470379386e-01
6.251595604564631481e-01
6.330671612388101277e-01
6.434373623315027269e-01
6.543764545347390271e-01
6.650272947420091674e-01
6.738686450508922787e-01
6.843977536042127330e-01
6.960717925450637944e-01
7.064659698130330012e-01
7.172076231737251062e-01
7.283770232531499023e-01
7.396507343741626217e-01
7.528838320513976390e-01
7.665434786273458423e-01
7.804787521496359126e-01
7.930154960276648568e-01
8.061738323217337854e-01
8.195267592459155592e-01
8.365302264813521127e-01
8.518315144488947110e-01
8.663982658864941566e-01
8.826651591363346983e-01
9.000911847701300594e-01
9.202577746175512052e-01
9.377502042799590320e-01
9.553947134624011239e-01
9.742026893638658924e-01
9.930350231324436283e-01
1.013644017881376591e+00
1.034559342911563151e+00
1.057433970699953818e+00
1.081742586910142911e+00
1.105541243974796473e+00
1.130700693519590017e+00
1.156601551173562781e+00
1.182511021096348980e+00
1.210346858917920487e+00
1.238773793661877898e+00
1.267463014990024117e+00
1.297429238900877468e+00
1.329384047130304003e+00
1.364599401848516802e+00
1.398920509276877278e+00
1.434580829836015647e+00
1.474050755535030177e+00
1.514400200947051189e+00
1.555010778052162035e+00
1.597738945669391564e+00
1.643348921466730728e+00
1.690868376060654876e+00
1.738608886187699376e+00
1.791940947720812582e+00
1.845171869052393943e+00
1.901595282566582057e+00
1.963280935619178269e+00
2.026353492351175234e+00
2.091843704116477021e+00
2.159230035136308512e+00
2.233164496284133715e+00
2.308820964275860810e+00
2.387942505254269321e+00
2.474858929907147953e+00
2.566532868162437975e+00
2.662314845947559849e+00
2.765049239506971457e+00
2.873060292375243741e+00
2.987491638021566143e+00
3.111270027138826944e+00
3.237066816187908369e+00
3.372446697185998765e+00
3.519987867187337471e+00
3.678102425550876742e+00
3.848438602255616736e+00
4.028928327532662834e+00
4.221223655795988350e+00
4.427169174988618394e+00
4.648737963602088463e+00
4.894254999696452835e+00
5.157022404967429807e+00
5.441826795041503573e+00
5.752230897212701421e+00
6.086939892331884039e+00
6.455438649589282818e+00
6.855120565347254669e+00
7.295532856172305181e+00
7.784646875528624221e+00
8.323560577780536818e+00
8.926562645069759938e+00
9.588356429312462126e+00
1.032375821333237198e+01
1.115453393483091027e+01
1.208622405095626107e+01
1.314605357423979903e+01
1.435528351474956565e+01
1.574136151865700128e+01
1.734053383691944461e+01
1.919433713010482379e+01
2.137015207526821570e+01
2.392525905274337461e+01
2.698172604149745268e+01
3.065962668375821565e+01
3.517585939104250059e+01
4.074298877470192792e+01
4.775746737367059325e+01
5.679547841144606934e+01
6.861143305670253767e+01
8.465605207492272655e+01
1.070682387966493678e+02
1.398086132047390322e+02
1.904907008663563488e+02
2.753808942455481201e+02
4.356675768629376648e+02
8.048249061420816588e+02
2.155017410524048955e+03
3.140491418744027033e+04
1.852379286141014309e+05
9.211154588294852874e+04
3.704936100680359687e+03
1.011138530300958564e+03
5.073272635351908093e+02
3.094372386480744694e+02
2.094735629732448388e+02
1.515116922929363739e+02
1.147764049714910044e+02
9.000038126126891314e+01
7.250305147677441653e+01
5.968016682001266560e+01
4.995757147527785236e+01
4.246020061398814249e+01
3.654238742417393127e+01
3.176462673055423380e+01
2.788869133773516040e+01
2.466931143950042227e+01
2.198739134958988117e+01
1.972196406449517170e+01
1.778749635871679402e+01
1.612148136181271241e+01
1.468772316881480933e+01
1.343740182747132295e+01
1.234192206321520580e+01
1.136890019723204048e+01
1.050907132765982333e+01
9.745450296994889072e+00
9.063909762969183603e+00
8.452181121932072827e+00
7.903811080513746035e+00
7.406927491555149068e+00
6.953694290059920569e+00
6.538646016009312945e+00
6.163945236835557395e+00
5.820785330537122881e+00
5.503153864670531803e+00
5.210157748766413910e+00
4.943191222327574685e+00
4.699404759555026345e+00
4.469400783611200190e+00
4.257506394190452070e+00
4.061253937870559660e+00
3.878017288832936060e+00
3.710978323302948745e+00
3.549316160992377789e+00
3.399228223552748673e+00
3.257613225061554374e+00
3.125219900864440348e+00
3.002861745889526368e+00
2.893171056620896131e+00
2.791481108313011106e+00
2.679922260576024673e+00
2.581715627941330915e+00
2.487914487379378592e+00
2.400678478497994206e+00
2.318997137762504934e+00
2.239863309172442474e+00
2.168128716858681582e+00
2.096630588700350017e+00
2.028537607918207364e+00
1.968641187236229495e+00
1.908224235598692253e+00
1.850859012853290020e+00
1.796038681166187034e+00
1.743402021270727520e+00
1.692506566560459280e+00
1.643253758471068249e+00
1.599069628055068248e+00
1.555591072281882647e+00
1.514488581569287007e+00
1.475931871423440622e+00
1.436714609681569499e+00
1.399123129774043184e+00
1.363558996088514386e+00
1.331272262659102923e+00
1.297650691312246529e+00
1.266191052290465358e+00
1.236907650134445591e+00
1.209590765806089818e+00
1.179866485872241189e+00
1.152773917546954019e+00
1.127123929615330145e+00
1.104241715772053656e+00
1.080086911350443879e+00
1.056607663653578388e+00
1.034263549935506621e+00
1.013471134284951614e+00
9.928422950088188204e-01
9.752961973396622186e-01
9.543252195488372003e-01
9.308517835015486241e-01
9.147576987555339212e-01
8.973002160801548666e-01
8.804121946099541240e-01
8.635651657110849921e-01
8.467017390765754214e-01
8.319143760181790803e-01
8.160391640983752914e-01
8.007136046784711914e-01
7.870829717941513204e-01
7.778488183289641311e-01
7.645152809658647408e-01
7.468002452966415738e-01
7.347651024440851053e-01
7.232629698953497721e-01
7.114261075109455934e-01
6.987210090709434773e-01
6.886031275225811266e-01
6.769239223238857628e-01
6.658498177953108277e-01
6.544829840253439945e-01
6.433023443239919148e-01
6.329517293165455305e-01
6.235880010061616296e-01
6.147194475131537716e-01
6.053920338978598936e-01
5.968551336514578143e-01
5.861902835204630957e-01
5.760927723900138853e-01
5.675506472795426305e-01
5.585522283746594541e-01
5.505338721354680054e-01
5.428280907804711175e-01
5.333913397097149733e-01
5.250445497882659796e-01
5.178284438619439323e-01
5.089632111375710366e-01
5.004482689164033715e-01
4.915658480462329338e-01
4.834023710519140815e-01
4.766898915706747064e-01
4.669362975364497736e-01
4.582755748597950318e-01
4.504711573883477538e-01
4.417458251664012625e-01
4.328327191910280591e-01
4.232902191609406728e-01
4.141899953571642201e-01
4.057424122533080380e-01
3.967463259311248547e-01
3.869769136553410926e-01
3.772028811188520847e-01
3.668376812108817275e-01
3.562802909406255214e-01
3.448954124246419450e-01
3.340150812707253780e-01
3.233870441615875335e-01
3.117859485404370079e-01
3.003407332467348811e-01
2.878972779650807445e-01
2.807365945029564047e-01
2.777324943479697050e-01
2.557200280410238391e-01
2.394693796148609222e-01
2.265316172608036194e-01
2.132311824711948522e-01
2.001401735526036341e-01
1.876096296627958460e-01
1.751719931657282070e-01
1.629105033033896865e-01
1.504933934256604267e-01
1.389952784777343520e-01
1.274605913518956357e-01
1.166093089652030790e-01
1.065260199435442423e-01
9.644741477828749909e-02
8.732085870949141126e-02
7.880743577350028672e-02
7.073744385795045775e-02
6.311881936283057770e-02
5.616676178776107420e-02
4.992670739262886764e-02
4.419085222409947777e-02
3.898775896840462468e-02
3.423095732136181846e-02
3.000417046728516557e-02
2.616307700914645082e-02
2.277894598354662792e-02
1.980039326066689725e-02
1.716650304899749666e-02
1.483007038746816247e-02
1.277322498124377342e-02
1.098788009116767606e-02
9.391911454918052196e-03
7.886927364412342489e-03
6.748877043900346380e-03
5.741884894777973987e-03
4.873723132367296755e-03
4.121905255466962181e-03
3.469087560934495506e-03
2.914991629862198445e-03
2.437627679130175209e-03
2.032514165784866760e-03
1.691610640777152117e-03
1.402690149679562855e-03
1.159162028014755269e-03
9.553722564425956880e-04
7.839055881246838244e-04
6.414969797621032340e-04
5.226437918519954767e-04
4.242201105403564914e-04
3.434489194587660101e-04
2.763651385445677327e-04
2.211086126202206365e-04
1.764653316870369115e-04
1.400993197333738117e-04
1.106749825395586160e-04
8.698146731851416678e-05
6.797858463832244633e-05
5.281546136738184116e-05
4.078476617789433042e-05
3.130375601893492992e-05
2.386374065005164675e-05
1.805981437888440799e-05
1.356717014483377985e-05
1.010820985470746099e-05
7.473944113492995158e-06
5.468176897221901410e-06
3.968530136780429309e-06
2.847105322913621019e-06
2.024812846406873426e-06
1.421991204319166425e-06
9.848521021625888042e-07
6.742599037989523622e-07
4.547836170749165088e-07
3.017749434554249119e-07
1.969103378704323243e-07
1.268841307396348687e-07
7.911944311952701704e-08
4.883237482152704174e-08
2.934951817820345010e-08
1.718516508887085004e-08
9.792177045953449277e-09
5.464835319675267666e-09
2.928213267666507415e-09
1.563620583043632284e-09
8.311674219748731567e-10
4.564994740420518143e-10
2.853629080835441908e-10
1.987899887619213214e-10
1.655396466070641230e-10
1.533079674615348136e-10
1.479215513702408094e-10
1.457395391927732828e-10
1.448191256601287505e-10
1.443638538899247960e-10
1.440003329546101428e-10
1.437425679759218018e-10
1.435907294652604205e-10
