1.028677190562185872e+00
1.286698545203095456e+00
1.274351442071986584e+00
1.158099472129483498e+00
1.079939931129100250e+00
9.832250265177626680e-01
8.499526295425672284e-01
6.854876381219608961e-01
5.361958019439229117e-01
4.052093792681185080e-01
2.870072687777328602e-01
1.961561979281088719e-01
1.374743036763797222e-01
8.839600707970893256e-02
6.629186023633734659e-02
4.863001059862866876e-02
3.705902831331062824e-02
2.670753309676940357e-02
2.088527130632011897e-02
1.661482219845443475e-02
1.416015079726619039e-02
1.127860838734993758e-02
9.998105137745103704e-03
8.805575271827653649e-03
8.027859148656267888e-03
7.398895545967892375e-03
6.546631995028908899e-03
6.126501238526938127e-03
5.274288467438934154e-03
4.562188261686810249e-03
4.116387833875083564e-03
3.885957070429519634e-03
3.818489942700160119e-03
3.527090260515494246e-03
3.267634194587083589e-03
3.017830096723133834e-03
2.775443667721202816e-03
2.527179713339216312e-03
2.456317077226486453e-03
2.264967367934367978e-03
2.154029062578828851e-03
2.066605632693968835e-03
2.005331505620047087e-03
1.949760705410376197e-03
1.755052071265903986e-03
1.571524749024117177e-03
1.470888691290730011e-03
1.377382124421952904e-03
1.276627545448282691e-03
1.228753480636765160e-03
1.206989763220155370e-03
1.142868543299361671e-03
1.066130443819714255e-03
9.651043209074518106e-04
9.677191038310465395e-04
8.553479643434446248e-04
8.156922412108220640e-04
8.323495499109106674e-04
8.484440623748945934e-04
7.573712247512994497e-04
7.264382970795529469e-04
7.231966413361738981e-04
6.818104220162032663e-04
6.595830195473294027e-04
6.300058407129487982e-04
5.860413247249171304e-04
5.446754252058273607e-04
5.197112013244230191e-04
5.138500792826408313e-04
4.984758422533498148e-04
4.828995820806238938e-04
4.461770328276697486e-04
4.235404935897013655e-04
4.107984839687966582e-04
4.123109805737952722e-04
4.026861408490598729e-04
3.834957842130083065e-04
3.449428023448342811e-04
3.341650237885905464e-04
3.473035208819712683e-04
3.410226815819860703e-04
3.084844480980778315e-04
3.066358860661484937e-04
3.072981312791360649e-04
3.102340494519269807e-04
2.958536952172040107e-04
2.804581453174639308e-04
2.626435218529262817e-04
2.508684586621836026e-04
2.570725640962078493e-04
2.415314736140389263e-04
2.183218210759994805e-04
2.225741088790486946e-04
2.224205126527349348e-04
2.174471576280424345e-04
2.192848915458401205e-04
1.970889323781659336e-04
1.870454661409332758e-04
1.907435369529979338e-04
1.888659277716882800e-04
1.869611170141238148e-04
1.925700479513636721e-04
1.812614047919958464e-04
1.769231632836936678e-04
1.653650651777324873e-04
1.685067038807365903e-04
1.757523771945832057e-04
1.665985834552533289e-04
1.608177278957012622e-04
1.521706277946865179e-04
1.544353456576278403e-04
1.516656855189848585e-04
1.433848329601683503e-04
1.446182005697589114e-04
1.495944156906019672e-04
1.432563659660881345e-04
1.365078284078352622e-04
1.361990083225140527e-04
1.326151186452414349e-04
1.264899861754809323e-04
1.214044903162933228e-04
1.241330852834221553e-04
1.269667245589370494e-04
1.182828516263347230e-04
1.135082785755331771e-04
1.102921036804705882e-04
1.058662255049047266e-04
1.074564080024636650e-04
1.276633655488861377e-04
1.161648423382409550e-04
1.052247373128465812e-04
1.006109236880169708e-04
1.033188325507846766e-04
9.966159231411239659e-05
9.034017627681292231e-05
9.228196010552075469e-05
8.734545704657773347e-05
8.616601279483805285e-05
9.142424923800951441e-05
8.907569684861700121e-05
9.316409921771658022e-05
8.832906597093065056e-05
8.361453826318458293e-05
8.382250811884941653e-05
8.680385851535317074e-05
7.897630903052389208e-05
7.647756487209417470e-05
7.880466087114556813e-05
7.500470099948530864e-05
7.034030736358066679e-05
7.301255603173634505e-05
7.226508700441722070e-05
7.417258017057654584e-05
7.090048259437399731e-05
7.274646084235365546e-05
7.381033821635246662e-05
6.964323133532349368e-05
7.026130040796884268e-05
7.055694279327481225e-05
6.956087178372010154e-05
6.672651726101045701e-05
6.695402079611515172e-05
6.437630431503766867e-05
6.285479778610520850e-05
6.488382298329749959e-05
6.128006194142277148e-05
6.111584241831407530e-05
6.332783897817276773e-05
6.264918751840014308e-05
6.201058650014587797e-05
6.238058215781347427e-05
6.057445729171105555e-05
5.936787963452737712e-05
5.549257658011507002e-05
5.846839687480514489e-05
6.055494800287744193e-05
6.085934454582957171e-05
6.281324745045808327e-05
6.327060771652308260e-05
6.020237134661753596e-05
5.772430946100192030e-05
5.905692778907628402e-05
5.675327932810400594e-05
5.634116370619610896e-05
5.515423433568217336e-05
5.618099364620899488e-05
5.840030629751089724e-05
5.347958676692194372e-05
5.238678812762300146e-05
5.205429308454030001e-05
5.273177957910709995e-05
5.478970442203463949e-05
5.522163402151212251e-05
5.590984615027585949e-05
5.521537786015070630e-05
5.454057048402512821e-05
5.499891814888598518e-05
5.387091565488456049e-05
5.284874848432288082e-05
5.279124058434622404e-05
5.067350083999371918e-05
5.156840281708238868e-05
5.369650147471802899e-05
5.667702329543842675e-05
5.534071976263795444e-05
5.358320241606881549e-05
5.341635009036211409e-05
5.461896170899623656e-05
5.349975163802664417e-05
5.221892799727593425e-05
5.469988340641628250e-05
5.661381651792936164e-05
5.576268469056952623e-05
5.183449869228469090e-05
5.582986243761838799e-05
5.387055228018175571e-05
5.287105039364864103e-05
5.158391884702844286e-05
5.515871421625901337e-05
5.648391514136495126e-05
6.322648135339013807e-05
9.575771251667293950e-05
8.072866331953728117e-05
6.275952743316508178e-05
5.865177564889484239e-05
6.396474456023681519e-05
6.491890582104113119e-05
6.875172560604785499e-05
6.801372585266566629e-05
6.985226564301611006e-05
6.770302660468136089e-05
7.050263259571280241e-05
7.544835899806403711e-05
7.779978618340774093e-05
8.299258163080092999e-05
8.412509743791923595e-05
9.057661877239460489e-05
9.124067734770033582e-05
9.537752177664148403e-05
1.030218351084895105e-04
1.072075256306006012e-04
1.199434835445010842e-04
1.325668288838559793e-04
1.400445363023160360e-04
1.488926181907576684e-04
1.540851992641553464e-04
1.687079590881275840e-04
1.848280470256143592e-04
2.101248151054314298e-04
2.337634058485306497e-04
2.808833113091928888e-04
3.238918747418110828e-04
3.698801028852972896e-04
4.471734412318682447e-04
5.662508524196278523e-04
7.083241636065454967e-04
9.898166641586312198e-04
1.468366074087947611e-03
2.230482593030371115e-03
3.936903985486143488e-03
1.049588214131042842e-02
1.512299316188823461e-01
8.750479569449395312e-01
4.144946176782027258e-01
1.737139903279592834e-02
4.865919919222144382e-03
2.325607708542447739e-03
1.441939400165915749e-03
1.014490409336242472e-03
7.157002069750234867e-04
5.173735666172558359e-04
4.115148959723516266e-04
3.454957891689373092e-04
2.890182507315573052e-04
2.439865000444547006e-04
2.107868078292572612e-04
1.856905143417560003e-04
1.595751061926793408e-04
1.424081714723840172e-04
1.256812334774511770e-04
1.190054282058759528e-04
1.035918502726709746e-04
9.392985731264271267e-05
8.498316122725155675e-05
7.865973917559819202e-05
7.536561029263793969e-05
6.957980269549390081e-05
6.474383322368990068e-05
6.154535970271725906e-05
5.528776842422591649e-05
5.336431261821291848e-05
5.240473736946662815e-05
5.267340531692378406e-05
5.040873935962152992e-05
4.684388133639097831e-05
4.446647576035328428e-05
4.445578867448092737e-05
4.436445010221819635e-05
4.177814418711016018e-05
3.938878009427519732e-05
3.812500630694492100e-05
3.577796005888291757e-05
3.532018315140245140e-05
3.321435697463044916e-05
3.217453482297347243e-05
3.179132255492713886e-05
3.258268541030718581e-05
3.218218465138534607e-05
3.101522949959126745e-05
2.978155357744519721e-05
2.849536279948648173e-05
2.783167506339882856e-05
2.704484593172827182e-05
2.774695181829873325e-05
2.689770801541399407e-05
2.636849073731846300e-05
2.620994448401073147e-05
2.671247783687523587e-05
2.697427643323819051e-05
2.511653581861715849e-05
2.412129742760447222e-05
2.462824306776457387e-05
2.425574823722529899e-05
2.329239191989890861e-05
2.304897279112191427e-05
2.267679898178967261e-05
2.153231874859091338e-05
2.204496175777288615e-05
2.103858487244843005e-05
2.202665844732881151e-05
2.063094946130295559e-05
1.953418576146213399e-05
2.162424160037149904e-05
2.084429550994691186e-05
1.892501042692279283e-05
2.054263328982604389e-05
1.964791378639158947e-05
1.892844190785578320e-05
1.884103532113058391e-05
1.932352009889330932e-05
1.925385283433452826e-05
1.894271576268685830e-05
1.904835977051117082e-05
1.932287900219712570e-05
1.908428395489013803e-05
1.868345192748810160e-05
1.918542127508861863e-05
1.866449686785791599e-05
1.808768257116368831e-05
1.851816484364729882e-05
2.089964434252217283e-05
4.346296565026379669e-05
4.784455008254065276e-05
2.140892969943747004e-05
1.729320490371108625e-05
1.766860702186886064e-05
1.755471141382968279e-05
1.828479909170768674e-05
1.963085676515374678e-05
1.807496533934668752e-05
1.788368977623452452e-05
1.754552777071111521e-05
1.706998218925904779e-05
1.668331296435903103e-05
1.655419807312806369e-05
1.747075201182323912e-05
1.677277189270711226e-05
1.681735667421086576e-05
1.710972008349415983e-05
1.627547514811939641e-05
1.656181659927866468e-05
1.626708690370048873e-05
1.594490482552577922e-05
1.660422456158638972e-05
1.577544945201035922e-05
1.530366080032790742e-05
1.536818093507471558e-05
1.486896405990349916e-05
1.543443556039614568e-05
1.535298558568893332e-05
1.458775724796929023e-05
1.465997364326775181e-05
1.517683679790882281e-05
1.474180841886547527e-05
1.479833110679315002e-05
1.452380096237189539e-05
1.486362563551220613e-05
1.440786996528256505e-05
1.393777802160498014e-05
1.441757776838489904e-05
1.431519223941545111e-05
1.408847730610353573e-05
1.426981589028862562e-05
1.502694690495370146e-05
1.402945535265088715e-05
1.429765301998932714e-05
1.393888397423405147e-05
1.340408312438974051e-05
1.293609791752731832e-05
1.270289156490270023e-05
1.291620452361217072e-05
1.356024034160339907e-05
1.227759566587306294e-05
1.229065357268550678e-05
1.248458161388374926e-05
1.203181520634438670e-05
1.213364365756790217e-05
1.122766680033542922e-05
1.101230364212865825e-05
1.131310617520896324e-05
1.063172067700043425e-05
1.036163810260072632e-05
1.066777024893024316e-05
1.146522460273063794e-05
1.169941166941096010e-05
1.074813569016153271e-05
1.057463805744494877e-05
1.117029051527331299e-05
1.040346744701744271e-05
9.913721565129296861e-06
9.866922126018033684e-06
9.898452477235523920e-06
8.703372041569111357e-06
8.213911066066292556e-06
8.469544947148121143e-06
8.094561610420289113e-06
7.874788837491561626e-06
7.765066105608738612e-06
8.111805274992403558e-06
7.367461787740088004e-06
6.965720659501806613e-06
7.001832627718328314e-06
6.972418162507151625e-06
6.683183263785646542e-06
6.408055750024366912e-06
6.343516117535521584e-06
6.239215584188491204e-06
6.494317816660662042e-06
6.270252297830113453e-06
5.923109769847157732e-06
6.030940184345268639e-06
5.938818158810174109e-06
6.245414720391178861e-06
6.307692400963838091e-06
6.171557741514004408e-06
6.323051029169380111e-06
6.347978755030749149e-06
6.533567670122606581e-06
6.958068065626218251e-06
7.169936566582942934e-06
7.085806702757627720e-06
7.165061075305298368e-06
7.732946198075938392e-06
7.440868422821617086e-06
7.292032231760334409e-06
7.854127516093941224e-06
8.238980039087167662e-06
9.037727828375302121e-06
9.962349986336189233e-06
1.044521545766852247e-05
1.072429426889801748e-05
1.208148043711426765e-05
1.342406358836685716e-05
1.485739471500453907e-05
1.588827948298237515e-05
1.818278125312038993e-05
2.077169418620263949e-05
2.394573327566343075e-05
2.658831307580954341e-05
2.953840590110365998e-05
3.513369370286978914e-05
4.355219837640576222e-05
5.202093622877522401e-05
6.369768239645502705e-05
7.842818690863378160e-05
9.721954906443575517e-05
1.211295917568387193e-04
1.469611150329102852e-04
1.837390021832430989e-04
2.367458483882115005e-04
3.041087922402448520e-04
3.937634016158017493e-04
5.090419510260878579e-04
6.725367727542450871e-04
9.086987797888676933e-04
1.210601556351017507e-03
1.687188724748746966e-03
2.284136653842157045e-03
3.092751286314194929e-03
3.945538917469854599e-03
5.361147859320370204e-03
6.189948484794334689e-03
6.879453420619104434e-03
6.262256970619269753e-03
4.835821716677704725e-03
3.374203297732568732e-03
2.076533168567198159e-03
1.252819193780602743e-03
7.194811243997717388e-04
4.105924458003045374e-04
2.492061354582848060e-04
1.633021499443490000e-04
1.267589067596545395e-04
1.116199278155710389e-04
1.080540204909566615e-04
1.080554146302795137e-04
1.104186801186282711e-04
1.123446201192121181e-04
1.144768402257909681e-04
1.160561644417704234e-04
1.172575898329782280e-04
1.179824964223803583e-04
