8.647936518928409250e-07
1.124562440904597132e-05
2.777429141502104292e-04
2.923917910627167691e-03
1.531540841582306432e-02
3.809884936286701135e-02
4.662203457304315429e-02
3.976934873504895523e-02
2.916729049942339697e-02
2.000775837759352291e-02
1.465694088477072742e-02
1.130813379533428774e-02
8.528191698227159320e-03
6.503899432053227014e-03
5.291204025007912280e-03
4.499666369457380743e-03
3.608200767360827867e-03
3.150318312836400056e-03
2.869368049686819942e-03
2.556699211202787415e-03
2.401820766669266957e-03
2.327301798667597271e-03
2.140595179552209817e-03
2.013836709059643650e-03
1.996409835979786902e-03
1.874476411545780230e-03
1.771019001725339034e-03
1.809645594940985282e-03
1.851227052093667265e-03
1.863662593976779958e-03
1.877807545430751780e-03
1.956013726581861453e-03
2.004386615659582271e-03
2.051886433232866409e-03
2.010238351652794252e-03
2.096922675448392292e-03
2.142857911692226669e-03
2.215197163154749172e-03
2.376556186883341856e-03
2.617600258865858745e-03
2.842846788015569899e-03
3.199063812017193757e-03
3.755147874135338244e-03
4.276589825349350407e-03
4.967802928801209016e-03
5.975987166595787825e-03
7.629907246431019696e-03
1.093613621253016616e-02
1.730272587768413167e-02
3.667468968929914891e-02
1.615692997366023342e-01
6.509356774890683539e+00
1.233975599043196212e+02
1.077818308807815555e+02
3.546205402395718576e+00
1.296202289924125728e-01
3.319544943290928668e-02
1.642224080916052792e-02
1.036958768828252601e-02
7.438607726016263459e-03
5.570751954384539802e-03
4.592747168017250609e-03
3.840590007942179529e-03
3.259671414837800405e-03
2.854746042417637564e-03
2.490517514986485565e-03
2.265240911370026283e-03
2.082808990110717167e-03
1.818552563646854857e-03
1.694826283189315285e-03
1.623336652774533826e-03
1.591496033033201795e-03
1.476066536466607302e-03
1.384943682275610816e-03
1.338505635118784854e-03
1.214112752306401683e-03
1.172817409506144749e-03
1.112190665637706943e-03
1.057681590725383742e-03
1.034667990637634172e-03
1.034080670807103162e-03
1.019674611257054882e-03
9.928736613410685165e-04
9.208186195979271155e-04
8.942607473293488155e-04
9.471987469813670677e-04
9.351318822788221193e-04
8.735807633067994892e-04
8.898601015534533852e-04
8.317189491705885432e-04
7.707037219564742822e-04
7.954219829343782454e-04
8.051437498654374567e-04
7.554361923651184722e-04
7.604199728782846859e-04
7.653976550818545558e-04
7.412836186384659997e-04
7.097746768345372399e-04
7.300076698791013730e-04
7.526627732740946838e-04
7.184942091261156986e-04
6.897185643611849267e-04
6.879127425376976119e-04
7.304728757891664707e-04
7.235225442648608165e-04
7.223056609209091644e-04
6.945184740882226525e-04
6.708317403848719973e-04
6.653029564977079634e-04
6.445518486279662278e-04
6.729163562013791219e-04
6.657597593457628433e-04
6.534632353395402422e-04
6.722115401492032840e-04
6.638855092067916588e-04
6.484524161074345242e-04
6.541883695253106245e-04
6.320764294560363497e-04
6.395429474413485710e-04
6.292798961460429556e-04
6.347581316137336071e-04
6.054308044911849412e-04
5.663780086500034335e-04
5.787529015824688155e-04
5.727961363776729172e-04
5.893629353242950787e-04
5.845944057706140701e-04
5.917853699495067383e-04
7.091114504150853367e-04
6.208110779248432031e-04
5.628780761420607015e-04
5.677713902819377448e-04
5.766719008616821894e-04
5.707518523479328861e-04
5.624113726981630956e-04
5.736848339483656368e-04
5.837726470350671068e-04
5.769352624502099933e-04
5.891337657210892224e-04
5.694101062459430446e-04
5.672693046690197418e-04
5.544431988472186970e-04
5.435215581677322379e-04
5.424922040104891621e-04
5.611586389497454043e-04
5.380652675262873703e-04
5.197237622968744249e-04
5.110588992679587078e-04
5.162124930541945288e-04
5.202791561904371136e-04
5.536790151987833761e-04
5.678818365418944643e-04
5.548328616784152555e-04
5.226755961244493971e-04
5.128173279375503176e-04
4.953109153807253202e-04
5.536536551940491680e-04
9.165303273988082951e-04
7.760988608903001502e-04
5.102434256398748679e-04
5.063830889127661538e-04
4.712802361763891289e-04
4.792507961066207515e-04
5.072106393099682633e-04
5.032110530246595775e-04
4.896269887037161790e-04
4.915890294969907457e-04
4.854712982705472728e-04
4.934870308119475302e-04
5.008322359458667857e-04
4.929555702115186264e-04
4.963772548447373213e-04
4.829994989162153226e-04
5.012946940653411178e-04
4.709076223675701415e-04
4.916593328350715459e-04
4.893453850236284021e-04
4.977852976691505508e-04
5.006827467260751945e-04
5.281241644088583136e-04
5.404887727900905929e-04
5.385138567448975863e-04
4.948609076668433401e-04
4.957099564347824949e-04
5.003101398671970469e-04
5.053353885828644389e-04
5.242655661032953130e-04
5.327337820690118426e-04
5.314922499280400146e-04
5.317614114153896643e-04
5.173757190902371567e-04
4.984947254460248001e-04
5.227948721779007929e-04
5.108124650945096998e-04
5.171854483204472563e-04
5.238907941691157239e-04
5.277880292497990440e-04
4.957016481607049883e-04
4.973259505886252433e-04
5.006432085756295841e-04
5.091635062035514917e-04
5.208510999408798086e-04
4.958045916628939969e-04
5.099641034091938717e-04
5.759608484800463491e-04
5.275869381836060254e-04
4.809664636293227479e-04
4.669016942514870087e-04
4.900975606400440401e-04
4.947530653681554529e-04
4.951967080829458405e-04
4.948787733430060889e-04
4.976549801332532481e-04
4.951011242948414161e-04
5.265597972926777453e-04
4.933368536138141086e-04
4.926054673636828200e-04
5.093555910527540129e-04
5.290417624246707660e-04
5.286548668021868146e-04
5.641114634712735736e-04
9.208065423511856964e-04
9.942682380375700985e-04
5.590696461009672527e-04
5.193241919904211098e-04
4.874749738109749480e-04
4.683879240099176927e-04
4.830009274637973621e-04
5.063601232173888444e-04
5.010814459236420963e-04
5.054158954261324908e-04
5.093027313466277862e-04
4.897360824206591122e-04
4.941538294727544764e-04
4.823938282280250227e-04
4.805547063338686258e-04
4.709716486108985389e-04
4.711581295501463310e-04
4.758521607028057959e-04
5.032461942417048055e-04
5.264151965213141084e-04
8.200146005200554351e-04
9.808339902636384160e-04
5.592352193371399709e-04
4.834477626973516943e-04
4.806998143208566902e-04
4.699779798659956377e-04
4.738564173667119219e-04
4.776391672282944974e-04
4.748395598821347524e-04
4.965125856178195969e-04
5.619912732249837282e-04
4.924007979797764833e-04
4.679328129218662748e-04
5.219560792963129662e-04
6.118783958157636817e-04
5.318183741541311627e-04
4.835621930293775191e-04
4.842665076366889387e-04
5.164427369283327955e-04
5.337367195248694145e-04
6.392326027247554080e-04
1.171551648836278601e-03
8.234257866426235696e-04
5.504671180667348963e-04
5.132991100658962228e-04
5.037787195128416414e-04
4.944986779072486818e-04
4.856349071297381124e-04
4.795444394517189802e-04
4.928296753203139594e-04
5.085631880895806565e-04
4.857202830069705379e-04
5.009141128685905405e-04
4.920943678893877852e-04
4.885488282400866477e-04
5.168024537014682300e-04
5.221906148777361424e-04
5.189207414256814550e-04
5.236551594794571331e-04
5.166737282180595752e-04
5.282487057067173893e-04
4.832092738086846162e-04
4.825509936935953913e-04
5.012108177008379019e-04
5.095228240164211692e-04
5.229153962649598546e-04
5.169294215256361839e-04
5.334970016216930870e-04
5.226957296282501745e-04
5.220078847187551840e-04
4.946006378584876960e-04
5.002445657966940592e-04
5.158055807452290725e-04
5.129888196087221746e-04
5.009767276956603307e-04
5.221966777613280168e-04
5.082225406401529944e-04
5.216724933738581954e-04
5.396510263195752497e-04
5.427721181485802883e-04
7.041882337701245833e-04
9.838794026434496184e-04
6.396543983727224223e-04
6.280046746720833236e-04
1.446200131782163006e-03
1.511508779789863489e-03
5.918355451349369481e-04
5.175020144671076128e-04
5.412473023518539657e-04
5.212294658350377597e-04
5.034881900118343525e-04
5.197272217500936492e-04
5.308591074705232109e-04
7.758146628158948304e-04
8.989082321152378581e-04
5.639841070392189728e-04
5.155589575432845172e-04
5.221355131740144191e-04
5.296810390609613334e-04
5.577879329248727888e-04
5.450042736436890630e-04
5.111039573586857645e-04
5.509726918795739741e-04
5.639983565176267437e-04
5.372880116716067384e-04
5.352676071099122255e-04
5.255071797253739420e-04
5.071889621846277594e-04
5.175211522658224083e-04
5.219225869833475293e-04
5.248653062168503894e-04
5.191774592873873171e-04
5.364854491225510636e-04
5.305725281308023168e-04
5.214689546925955696e-04
5.252933213043492564e-04
5.253777342079670419e-04
5.386120659709852385e-04
5.268196786494349195e-04
5.695727139099774272e-04
5.663992126433100606e-04
5.702443911077474496e-04
5.670380008470779021e-04
5.745875241931827767e-04
5.476464243617169304e-04
5.924652905809408470e-04
6.102170083921688252e-04
5.957820315378035058e-04
6.250667069868117267e-04
9.377916217505233472e-04
4.111593765826299270e-03
4.544538341383497736e-03
1.171064490412653935e-03
6.995228756899028082e-04
1.338334855589776379e-03
3.488155405520765567e-03
1.790342759765071708e-03
6.514771468731644791e-04
6.061001639431080456e-04
6.348968783472754744e-04
7.463005399678169670e-04
7.637996408789772844e-04
6.324556872438418876e-04
6.181032877434328686e-04
7.332730224679911155e-04
2.625524098688670257e-03
7.936008055149004758e-03
3.357532919082839660e-03
7.724104929244985946e-04
6.457089750308561216e-04
6.639550178177877540e-04
6.489254787321389580e-04
6.095554223391102047e-04
5.804482752759568785e-04
5.819279094372158427e-04
5.583847464199918811e-04
5.898545061053209627e-04
6.144195500242646867e-04
5.910627554172347880e-04
5.714724549946625584e-04
5.520194579166538698e-04
5.645427422239289277e-04
5.735154937472125222e-04
5.488903792392788809e-04
5.245940930529180988e-04
5.569403931639589807e-04
5.607567981271660649e-04
5.700750798506483029e-04
5.671116795021300446e-04
5.894589716585945738e-04
5.991049180342320098e-04
5.904014402164876668e-04
5.798445006975268831e-04
5.482332219459995232e-04
5.660406309263854314e-04
5.609736465464712930e-04
5.950326506960330842e-04
5.678339881355162376e-04
5.558092762995111473e-04
5.495425906492725247e-04
5.427441810314598486e-04
6.553945003182811693e-04
1.040029563217498938e-03
7.140582105307021919e-04
5.535965858318035900e-04
9.258164199404913305e-04
1.136917762019586629e-03
5.820476066731293009e-04
4.779768421645567522e-04
4.316225147825036206e-04
3.984719649619144241e-04
3.877132321457223293e-04
4.225989237492438675e-04
4.601751824072146629e-04
3.901838872652532947e-04
3.538803663333039084e-04
3.316887610212808368e-04
3.422902810169468858e-04
5.992135410759255165e-04
5.603086785182032417e-04
2.939703713279412205e-04
2.446068885210070636e-04
2.126448421696697005e-04
1.813289530387739797e-04
1.562018045831567361e-04
1.438473298553219915e-04
1.308465258882930639e-04
1.127336951262424350e-04
9.914570937566346220e-05
9.018990405019115364e-05
7.805561276810421296e-05
6.721146588027549667e-05
5.741414751392622760e-05
4.855538829822539956e-05
4.142443674146399315e-05
3.321886891136476130e-05
2.750068370459678060e-05
2.294388594116085025e-05
1.815599129570534019e-05
1.511759562897253837e-05
1.143386031847323071e-05
9.496804248854503376e-06
8.323830329785468097e-06
6.591306484265066377e-06
5.498595857377463156e-06
4.471147665314974983e-06
3.477622509338696901e-06
2.769838771202493676e-06
2.214420453345784155e-06
1.661315087969004707e-06
1.157887084587967614e-06
1.061414384260580998e-06
1.994219651116701371e-06
2.272468596625716640e-06
6.848017053445076046e-07
4.301342465985428598e-07
7.232048254386746016e-07
4.669816072625103031e-07
1.431372314170344587e-07
9.285373223202899200e-08
6.411510620327009592e-08
4.559085539901355533e-08
3.363493689974583502e-08
2.305852310657933510e-08
1.621746314242912039e-08
1.196795687248223172e-08
8.544017698320748209e-09
6.190207527593864596e-09
4.522211705512701728e-09
3.196500530368526704e-09
2.268153582834478395e-09
1.647127202779608528e-09
1.205227112653028303e-09
8.789024012363242798e-10
6.400067576538474523e-10
4.724335789216807514e-10
3.456072264192736032e-10
2.465973421664821285e-10
1.751679498707867307e-10
1.256768069525566143e-10
9.002110765539770343e-11
6.327530474260111409e-11
4.524392533033298889e-11
3.119333026308701114e-11
2.095253808211985211e-11
1.432620235345559611e-11
9.671979823441595412e-12
6.410857578992849509e-12
4.124634656243502944e-12
2.651057231241450749e-12
1.654794236748851021e-12
1.022324044991390438e-12
6.090757461014012781e-13
3.599071500536694500e-13
2.040888736201191263e-13
1.129726985409481671e-13
6.109725588589939993e-14
3.238754877369235429e-14
1.666736349945911405e-14
8.990861740938033718e-15
5.010287552550472560e-15
3.575694406063508672e-15
2.597036871357066631e-15
2.305547913274998000e-15
2.150458202413734677e-15
2.070189326406555504e-15
2.025536483038371552e-15
1.983503990059127942e-15
1.957798495726881146e-15
1.938210830606025274e-15
1.926647478336533662e-15
