1.369779403253402326e-06
1.362093752020735965e-05
3.348891623553639603e-04
3.837301114887456746e-03
2.253190573330307936e-02
6.420083001965698477e-02
1.031022740449403924e-01
1.087439087130346038e-01
9.972980678158814560e-02
9.070049276101745106e-02
8.570490872594797860e-02
8.249593055428632027e-02
8.188293552257246144e-02
8.151596028263760618e-02
8.116639201879524701e-02
7.927259323656683787e-02
7.948618640229922205e-02
7.934227085632801491e-02
8.036961429597841433e-02
8.090713120545324488e-02
8.170783236323876653e-02
8.208943327945332491e-02
8.166924478806777965e-02
8.333700357287739113e-02
8.454528050917883841e-02
8.514408686072889865e-02
8.646147716445314046e-02
8.823548759795066254e-02
8.841610472107616636e-02
9.006795805136968980e-02
9.169296411174338024e-02
9.279928512547691577e-02
9.498950246910108086e-02
9.721207663103254015e-02
9.817082259425546908e-02
9.953609502335851456e-02
1.011964578721026992e-01
1.038642729000597564e-01
1.067273906258881522e-01
1.091264329166762720e-01
1.106666577254530465e-01
1.131980137450490503e-01
1.158925039909915883e-01
1.184298617142505450e-01
1.224216179677333483e-01
1.252043739931062438e-01
1.285710759856538155e-01
1.322413440877198421e-01
1.356295717526731504e-01
1.394742909395052521e-01
1.436895655269256888e-01
1.484037659056422487e-01
1.529297391999668576e-01
1.577855800108740880e-01
1.631849155107240879e-01
1.686235986587277247e-01
1.752040371011109876e-01
1.816481579201136565e-01
1.880997616352003132e-01
1.959984933755297420e-01
2.032500869899890594e-01
2.121710510466195687e-01
2.211381817689933027e-01
2.299522603942540933e-01
2.405456465950320255e-01
2.527502189772824481e-01
2.643264900801718387e-01
2.778395945234108932e-01
2.927992723931943098e-01
3.080558052560343762e-01
3.242091415255963782e-01
3.410061477231581817e-01
3.618829932448101028e-01
3.847534912797604401e-01
4.091289934229802028e-01
4.350675587398849520e-01
4.645847201399329052e-01
4.969173171143895229e-01
5.333336904296607228e-01
5.743370742417882591e-01
6.210983732602674001e-01
6.732214402741292236e-01
7.313529911462784971e-01
7.979989796952896564e-01
8.740182509557785639e-01
9.638776497817308497e-01
1.066903267327473648e+00
1.187747014931193501e+00
1.330047723594903974e+00
1.501406572067087275e+00
1.711847519613414637e+00
1.969071443297529145e+00
2.289781235251242109e+00
2.691624561460836951e+00
3.209987161978072212e+00
3.896647018370880566e+00
4.834949204572361658e+00
6.164869628101099508e+00
8.134839327210622528e+00
1.125106463784061006e+01
1.662685760359573450e+01
2.726866819273157105e+01
5.446083687197633338e+01
1.977601175180084851e+02
1.974983436088807503e+04
5.712289099864198943e+04
1.077035210894344709e+04
1.203166620573213805e+02
4.320114272147661438e+01
2.327307354128224404e+01
1.470632427924237362e+01
1.016452617808594994e+01
7.462930461684011973e+00
5.720066874900899379e+00
4.523789022723192055e+00
3.670133233726251110e+00
3.037344473438793102e+00
2.556500406471435394e+00
2.178731006373248125e+00
1.880942333239531861e+00
1.641966223940763747e+00
1.445663183564923626e+00
1.280257198194070911e+00
1.142991634058569739e+00
1.029706195100134725e+00
9.302283482099750200e-01
8.436771655246748658e-01
7.702662334569332359e-01
7.070374516353985506e-01
6.508399101750446114e-01
5.985998776483989481e-01
5.537607415051695181e-01
5.149727781627559953e-01
4.799000789835309311e-01
4.471620618067629338e-01
4.185074267187167130e-01
3.932049855776134639e-01
3.697446078491128385e-01
3.481048049414360857e-01
3.278110449504881285e-01
3.102471022055995897e-01
2.941332969635431782e-01
2.788547170147092635e-01
2.646020101112822598e-01
2.515344516344567571e-01
2.397131988992715346e-01
2.293578354675734621e-01
2.186969032338578478e-01
2.084692004851537439e-01
1.990148679180918367e-01
1.904932497492603516e-01
1.834543431930028556e-01
1.755809812434623030e-01
1.686963526081660947e-01
1.623786491816540667e-01
1.567575740575116172e-01
1.511396736078491898e-01
1.451947082368421071e-01
1.400438373344661536e-01
1.346944311124821658e-01
1.302412862021205819e-01
1.261328341191715885e-01
1.218395064561922231e-01
1.180586922713697529e-01
1.139979858417374814e-01
1.108306378682488158e-01
1.064785249559793701e-01
1.037687783732843400e-01
1.012065451370142422e-01
9.827736685439521225e-02
9.502855500636735175e-02
9.252804350700624680e-02
9.002885493217467616e-02
8.758407171568868832e-02
8.521912380729770864e-02
8.302401191388737722e-02
8.132420577879014012e-02
7.905783933017866694e-02
7.711766339632852851e-02
7.556643771172597002e-02
7.345086935162489783e-02
7.164807388370633690e-02
7.023478617406810065e-02
6.818172229485595925e-02
6.657870374861180052e-02
6.511290553758353195e-02
6.371371749613186086e-02
6.244148914807322315e-02
6.133350655528144874e-02
5.986744946097733583e-02
5.860718688651989083e-02
5.741247881492932137e-02
5.622436206217767962e-02
5.495750211182303530e-02
5.389857003053607348e-02
5.282284948846661943e-02
5.184719859205048215e-02
5.121040048601440547e-02
5.008158837146551440e-02
4.918890585876740940e-02
4.821789076029178028e-02
4.732672671193710601e-02
4.638029438054506320e-02
4.531911653114333721e-02
4.466590443383746528e-02
4.482906878290252028e-02
4.665577243231020660e-02
4.465480461386577699e-02
4.725943527983064024e-02
1.957533752172036512e-01
3.571451057096071136e-01
8.694789382163808922e-02
4.156810479113953044e-02
3.931605027823273368e-02
3.840393756745464487e-02
3.775592564056194644e-02
3.709268973755419641e-02
3.656809904289790025e-02
3.590654037061886267e-02
3.529377355286739126e-02
3.483946905959772050e-02
3.457557353465362526e-02
3.443948233471658821e-02
3.335663525958800640e-02
3.303430667881005617e-02
3.238903357021484519e-02
3.187444593827642308e-02
3.154055253648237883e-02
3.119403620250921216e-02
3.071371142781169003e-02
3.008107851251136736e-02
2.995539019728621355e-02
2.973648854796162935e-02
2.910521899993916486e-02
2.871402379131864080e-02
2.844599972282974357e-02
2.790883330379086494e-02
2.760557799791095099e-02
2.749095071878698143e-02
2.701460391404776964e-02
2.650460304874653963e-02
2.674726898542627990e-02
2.676344215307740332e-02
2.582782881513771833e-02
2.542571298004360839e-02
2.500324172958506147e-02
2.488583491544939241e-02
2.466370442505444460e-02
2.448777724363708150e-02
2.431174927231982349e-02
2.398987273650002999e-02
2.356907888632902431e-02
2.334792357796240322e-02
2.309584146562022183e-02
2.294322061034875793e-02
2.291467561949209891e-02
2.277218853270861557e-02
2.258199519488984786e-02
2.184877028067326241e-02
2.180397184166769919e-02
2.178299815879066251e-02
2.144697032759343772e-02
2.122380033594007884e-02
2.095390833010581447e-02
2.083900721790841667e-02
2.071105098084621496e-02
2.045256952402447342e-02
2.038884669317663975e-02
2.014499975257993958e-02
2.005679063118286087e-02
1.993114619889542818e-02
1.947995946786517524e-02
1.959650031596586739e-02
1.940085766627314134e-02
1.914266346140109515e-02
1.892144240056572307e-02
1.896663976302204527e-02
1.901919568214906209e-02
1.878966136607614773e-02
1.865686541383946781e-02
1.836977557718423928e-02
1.829185951191727305e-02
1.817258515715465886e-02
1.807704025244636151e-02
1.786953910444186513e-02
1.791989072383754975e-02
1.783989683710065013e-02
1.770807020801439674e-02
1.769177269375106151e-02
1.756294688925616812e-02
1.748078874622063447e-02
1.744925604241021402e-02
1.742913917324267342e-02
1.737429861507485893e-02
1.746795020545133248e-02
1.760512258921428236e-02
1.755199080637394327e-02
1.766049284852250212e-02
1.778670475973389078e-02
1.804286347559758141e-02
1.832575172263193122e-02
1.872348150202125458e-02
1.911763334457824981e-02
1.981385465367486304e-02
2.050528494126841600e-02
2.164435904983975228e-02
2.374026365986728337e-02
3.083830416409807582e-02
3.275281735735029176e-02
3.495927057470609584e-02
4.496235431330749405e-02
6.608073480381880527e-02
1.252249802348027463e-01
6.026075752939906716e-01
7.564851096322162682e+00
1.057737399069437068e+01
1.299189033048703701e+00
1.423472311614490116e-01
6.914317985067641725e-02
4.517703325675490739e-02
3.405126915764705720e-02
2.786669582424330591e-02
2.408260815356069728e-02
2.147940355545057203e-02
1.961232537869834688e-02
1.830273396082507734e-02
1.742258281819135390e-02
1.678172392682892797e-02
1.602867582267350835e-02
1.549471296678319072e-02
1.526748719484100070e-02
1.484494313918450353e-02
1.447661483025402054e-02
1.439070207707314475e-02
1.410957033123417040e-02
1.387779982506869014e-02
1.357226813527761221e-02
1.353873292975974613e-02
1.345521773376063754e-02
1.314943988284658118e-02
1.285978966898883476e-02
1.295534233294753576e-02
1.284970793968088013e-02
1.278425628897982870e-02
1.267709534434184604e-02
1.246052801072506516e-02
1.249753879742567485e-02
1.249117390658290201e-02
1.225993264849170594e-02
1.225756548841898906e-02
1.303065262224671964e-02
1.492825996254662328e-02
1.379223819199324949e-02
1.201065789075603761e-02
1.182614681707888291e-02
1.195572222825906639e-02
1.253261688710595977e-02
2.409040168255542971e-02
4.710214087851109094e-02
2.166486226661181250e-02
1.208657399122360122e-02
1.189587268217965135e-02
1.160164151127282724e-02
1.147248554789501510e-02
1.147346895302977891e-02
1.142413791179436658e-02
1.119294781810395260e-02
1.106337706833547888e-02
1.095451458346625474e-02
1.079243333740198887e-02
1.092388138990784720e-02
1.088105832962431470e-02
1.070342103287222867e-02
1.071544762349772514e-02
1.050576395828369154e-02
1.039557652811455915e-02
1.050276840249580144e-02
1.025681639177769902e-02
1.025589443062230495e-02
1.034297699720366712e-02
1.026890227492812009e-02
1.018596925684594340e-02
1.024658637038579519e-02
1.012168901170483297e-02
9.996542250440837094e-03
9.994034444606912648e-03
1.003398836953437075e-02
9.858656173463820060e-03
9.653788025279511076e-03
9.841068485466761967e-03
9.605740608440632711e-03
9.672923066196241135e-03
9.576004471371619628e-03
9.484651174691556552e-03
9.416588538417204959e-03
9.283233401919891575e-03
9.203792063159915368e-03
9.113273223394301181e-03
9.020211551590015184e-03
9.064896738626680023e-03
9.895397843643054941e-03
1.490162090239451759e-02
1.244210502572800497e-02
8.639416903050587890e-03
8.389554954649058177e-03
8.179196849844735939e-03
8.112133261838868833e-03
9.041139542083917804e-03
1.838222453447273252e-02
1.920525295200545268e-02
8.447798830435839304e-03
7.008070227926190866e-03
6.666665143486814882e-03
6.479810561559893982e-03
6.226773264331571071e-03
6.021497029447224827e-03
5.830114258997524772e-03
5.758745678497878551e-03
8.043083560975147761e-03
2.657177447582908039e-02
2.465230127884673883e-02
6.313811038807191738e-03
4.269283837380725977e-03
3.810414305352946302e-03
3.497032769363059117e-03
3.150048694274956446e-03
2.870111517995859590e-03
2.653666162669278059e-03
2.377091513833915967e-03
2.180826736351509140e-03
1.969994495733368503e-03
1.768739104788210736e-03
1.581107345746956237e-03
1.410135682715913828e-03
1.257099137687707610e-03
1.121350617647259851e-03
9.829659796863666772e-04
8.621258020944589295e-04
7.651499102670050170e-04
6.649634268111679746e-04
5.819622967154543941e-04
5.029379070556048471e-04
4.366060041231601199e-04
3.757146796421958492e-04
3.260609396792942070e-04
2.811559668216600041e-04
2.409347537248018585e-04
2.077535151138805067e-04
1.781726864719279549e-04
1.522618947513488293e-04
1.287650023101115523e-04
1.169142391859658052e-04
1.067129725712781014e-04
8.018504651810244533e-05
6.459726330500760384e-05
5.404957961941008919e-05
4.511785302394453914e-05
3.748476231726552811e-05
3.238715203308365262e-05
3.066111590336873378e-05
2.318988860814938851e-05
1.727549211779980844e-05
1.405754416765807377e-05
1.142015251273830446e-05
9.242841021924159834e-06
7.508427921293856836e-06
6.050470550332472321e-06
4.823374397487189251e-06
3.823146150615258252e-06
3.025590054299008149e-06
2.386254743554978710e-06
1.866203837578769848e-06
1.453620611216819532e-06
1.126035658708484260e-06
8.652222939702420100e-07
6.603514735633028537e-07
5.016205757746402002e-07
3.770348552855887695e-07
2.814250210639913180e-07
2.083454949285862282e-07
1.528626519207946558e-07
1.110694202883173909e-07
7.988757081695060752e-08
5.680114789249291180e-08
3.994496935819823404e-08
2.774938211778556131e-08
1.901136492361350789e-08
1.283173840072792524e-08
8.533485267791670014e-09
5.575716766215442046e-09
3.577932247640850456e-09
2.248264858789326449e-09
1.384918255833370191e-09
8.299884100330355204e-10
4.857873643657017579e-10
2.759105042734220833e-10
1.514955104965144904e-10
8.060882957876551407e-11
4.114227192046240870e-11
2.030149609346311600e-11
9.706442610802955651e-12
4.771650610603736226e-12
2.384376314071794500e-12
1.441485121686351385e-12
1.105619544119335767e-12
9.672180223275362167e-13
9.247860689582696722e-13
9.150846805196534905e-13
9.111487243450893235e-13
9.094625566818121153e-13
9.086882612952506613e-13
9.081678194662282573e-13
