2.065978418406705894e-06
1.679642332240816350e-05
4.199264243721856035e-04
5.744731775381535337e-03
3.780247819427255684e-02
1.228377148937480901e-01
2.111127478513968869e-01
2.350187313912118492e-01
2.369953865607926646e-01
2.334132463923788980e-01
2.292839941945059301e-01
2.277822962614133862e-01
2.267865189186133723e-01
2.230398526743740950e-01
2.223504336403383796e-01
2.214390569144408238e-01
2.217587509023489223e-01
2.233014146595741212e-01
2.231076872940914724e-01
2.233518903438505565e-01
2.238797904340044942e-01
2.246313655255227359e-01
2.255653174584907605e-01
2.255231303321559300e-01
2.257469386262666022e-01
2.285887658080151263e-01
2.293150982663205162e-01
2.299641601217636278e-01
2.328810595108871395e-01
2.347629296432613422e-01
2.367409746948961891e-01
2.376196959291728694e-01
2.386912634515658549e-01
2.399116069911695903e-01
2.425341955803045624e-01
2.448114641788352308e-01
2.468643671030840703e-01
2.479571986799765371e-01
2.490905648389187543e-01
2.526351842727330710e-01
2.546465354857747054e-01
2.572798845605507867e-01
2.591697914401717706e-01
2.620869323989256650e-01
2.649287895306464691e-01
2.670457416108735216e-01
2.699295570114974008e-01
2.737046475001413404e-01
2.765334679222177239e-01
2.790666320047243132e-01
2.818670904558806534e-01
2.863382183885341270e-01
2.895168682829761808e-01
2.946176875652556371e-01
2.981486414549277542e-01
3.013931814832296885e-01
3.046906700690277248e-01
3.085381593470194472e-01
3.134206393044700056e-01
3.172780211436266873e-01
3.220552773560539372e-01
3.256270097043649780e-01
3.310194096933233299e-01
3.369913893413037931e-01
3.425431155918166048e-01
3.477095667482408836e-01
3.534920768915211786e-01
3.596211848245622900e-01
3.656308052919459151e-01
3.733347032502152274e-01
3.797324603870968485e-01
3.854981028594081094e-01
3.925261534857923951e-01
4.009240239767632441e-01
4.091236840472678438e-01
4.165909940059702721e-01
4.245841570899028805e-01
4.337106980588621985e-01
4.430310207601435013e-01
4.523067559750130751e-01
4.635939598915951865e-01
4.731838800459722827e-01
4.824936155999781651e-01
4.937966972653313746e-01
5.060073797887252312e-01
5.186712229069019298e-01
5.306356920695334267e-01
5.424967358768926218e-01
5.564220434301422324e-01
5.701905925497382510e-01
5.847687391238738375e-01
6.014805434027378217e-01
6.177236852283782831e-01
6.358561935460594894e-01
6.546074284421832257e-01
6.726803973646221513e-01
6.912713569040949135e-01
7.123118931303856760e-01
7.350337212196348391e-01
7.591159431375997801e-01
7.839619378907687341e-01
8.097434433703756262e-01
8.362856320949162425e-01
8.664607403985201683e-01
8.955743100118468414e-01
9.266403215868707077e-01
9.634233493848581853e-01
9.991057382735338832e-01
1.037586658680716312e+00
1.078693324845630519e+00
1.124472669951354975e+00
1.170399889898434242e+00
1.217950217753656528e+00
1.270636575904072085e+00
1.326658420602701449e+00
1.390234230946548299e+00
1.455390291360071364e+00
1.525108864502907835e+00
1.600271359607232657e+00
1.682128032282107055e+00
1.769327625473196663e+00
1.865710979276112402e+00
1.971348385366193723e+00
2.083370829722981377e+00
2.205043451838851087e+00
2.339103805579223039e+00
2.486981509179890359e+00
2.652695757949957489e+00
2.834975382413473355e+00
3.033328100214236489e+00
3.255851320378131852e+00
3.508971461010802262e+00
3.789420988534232482e+00
4.100760197951374586e+00
4.457817983758086910e+00
4.861570792683197695e+00
5.324088940222684307e+00
5.861018836784973374e+00
6.479808830987534130e+00
7.201166187115866535e+00
8.059632733093977208e+00
9.073993933201482065e+00
1.029829178454077621e+01
1.179003073366315490e+01
1.363716841947474379e+01
1.595173746537362014e+01
1.891966489951133923e+01
2.280755866389971231e+01
2.803289268697580994e+01
3.532601847137079432e+01
4.590025363772198119e+01
6.222447955692409494e+01
8.923665822398749015e+01
1.396793302493800297e+02
2.566578541221263094e+02
6.975216448849232620e+02
1.386411227151301682e+04
1.448500133714000403e+05
9.617006674604768341e+04
2.919132224090116779e+03
4.305612340500009623e+02
1.928355844942003330e+02
1.137432945907634405e+02
7.565154764262130982e+01
5.412633051071721013e+01
4.074942180912881895e+01
3.179535797459049107e+01
2.552128866963420251e+01
2.094179289519607323e+01
1.749662700812291050e+01
1.483779849473721413e+01
1.274464267985584165e+01
1.106719445517375000e+01
9.700834731980714665e+00
8.570567534704647272e+00
7.637030781665562706e+00
6.840776516788714900e+00
6.168715046532581070e+00
5.591034679272582686e+00
5.089976696287829228e+00
4.649860644467637805e+00
4.265657311949155428e+00
3.931350924019304749e+00
3.633326906837341497e+00
3.368272615665897529e+00
3.129757986656954039e+00
2.921754004607706623e+00
2.729099952278543739e+00
2.555354901817475710e+00
2.399619213280464347e+00
2.255707270454622826e+00
2.127662874048899422e+00
2.007377178388702443e+00
1.895584700432124015e+00
1.794253095865769421e+00
1.704643441747203392e+00
1.621753679142042381e+00
1.542035733763778227e+00
1.467562133241594013e+00
1.400655793565717122e+00
1.337505389281837376e+00
1.276703437630639426e+00
1.220917700435964148e+00
1.169516900150246785e+00
1.122164749239544124e+00
1.077263517446888086e+00
1.035765511323496257e+00
9.965029821304102198e-01
9.637697551129692508e-01
9.244031973076317632e-01
8.880466514102515196e-01
8.558952249228052311e-01
8.265023722506045223e-01
7.976575694009682138e-01
7.716327619698669649e-01
7.453204452482998787e-01
7.230047529956443730e-01
7.004197845031561176e-01
6.761795074630456703e-01
6.566560843405190306e-01
6.372467269645979426e-01
6.178219968344684787e-01
5.987400446818846866e-01
5.827104544260287566e-01
5.667969245905069009e-01
5.503664138522459393e-01
5.351676044147970490e-01
5.210717547114928072e-01
5.069212964481427663e-01
4.937864961301585143e-01
4.819113275332725377e-01
4.684421791228941534e-01
4.577728436576700144e-01
4.470745915914709490e-01
4.358557975053671818e-01
4.255116445731093044e-01
4.161344473149458656e-01
4.068719209062541808e-01
3.964585834524090857e-01
3.870100529028648317e-01
3.779229012108615837e-01
3.713495685339051056e-01
3.640319288805547449e-01
3.559047510587465823e-01
3.471941579797879762e-01
3.398283335552263473e-01
3.334271745785461483e-01
3.276841839965326519e-01
3.201957339681106296e-01
3.138882356831189102e-01
3.081291640373607921e-01
3.020110593636348706e-01
2.962063964348636280e-01
2.908947204783063900e-01
2.857981115440005326e-01
2.810015559129587226e-01
2.758041673889705114e-01
2.708536195127220214e-01
2.689191879684573183e-01
2.652224934638547915e-01
2.575174778038986090e-01
2.529108724233353200e-01
2.485705621033265367e-01
2.441140134333934786e-01
2.396854272952145815e-01
2.358836772010844129e-01
2.317419631660639356e-01
2.285949990547373745e-01
2.247781008855762319e-01
2.211682917687471939e-01
2.179941791837061715e-01
2.149543948433013107e-01
2.117621491341506457e-01
2.091828349433474121e-01
2.059865648260889859e-01
2.028888496125781093e-01
1.998022083411083172e-01
1.973085688455610276e-01
1.950641310507183757e-01
1.919703077367883315e-01
1.891402211259105570e-01
1.870742817857233564e-01
1.841133691026932140e-01
1.818913452253835272e-01
1.796844228137793043e-01
1.766980775036980644e-01
1.747527648378068843e-01
1.729803585204335858e-01
1.699922476524903525e-01
1.682254886325120768e-01
1.664324031549132554e-01
1.645011568778761146e-01
1.628220714306195804e-01
1.606578620371060806e-01
1.582505228666621355e-01
1.568238782371815521e-01
1.556365567422691443e-01
1.548546537785361332e-01
1.546093466361886937e-01
1.524098861837798191e-01
1.501277213258934984e-01
1.489505896630378690e-01
1.475404678629222144e-01
1.462674615690122137e-01
1.447909170319843786e-01
1.444329823008700109e-01
1.442435687407365996e-01
1.449554895410926081e-01
1.549862040404306196e-01
1.974975779480779015e-01
1.724305746170823328e-01
1.563357279181705195e-01
1.769364612882282917e-01
3.362701001843419468e-01
2.554249710922630534e+00
3.441467820377118514e+00
4.860933193723788182e-01
1.487947925607864263e-01
1.292336366564330874e-01
1.230270626685617402e-01
1.198053612583308142e-01
1.183964822723873322e-01
1.166067674288034095e-01
1.154114427819992739e-01
1.141201951226054195e-01
1.125252868900186165e-01
1.116478760607912679e-01
1.105188034841270567e-01
1.098342374815376027e-01
1.088530511296967457e-01
1.076847212086344818e-01
1.074830477858935568e-01
1.065105854703967125e-01
1.055948282573597324e-01
1.048416778626161255e-01
1.036304136241663759e-01
1.032407632256686775e-01
1.021081415180322971e-01
1.012122586760033083e-01
1.004514382148013613e-01
1.000136072785350883e-01
9.962950887442438563e-02
9.869140875012838432e-02
9.767446461027642912e-02
9.682785109997364692e-02
9.586519099154541812e-02
9.511726294027125772e-02
9.493461615401516118e-02
9.673660151174126587e-02
9.917591316177837291e-02
9.508518503411636513e-02
9.947757924761817250e-02
9.976734771925728495e-02
9.178746745354436631e-02
9.050734710011239248e-02
9.008092765207255381e-02
8.972939443182147146e-02
8.903553565201066666e-02
9.063207154789745812e-02
1.270922964687103696e-01
1.601715525865981538e-01
9.944769796458756417e-02
8.749618248701421241e-02
8.563646951891167036e-02
8.506859287048004759e-02
8.455942015992423677e-02
8.386732443500546919e-02
8.333959411410880869e-02
8.256159612260255409e-02
8.171859954465976461e-02
8.109870922063587562e-02
8.097753575650745717e-02
8.078110526215456777e-02
7.992803432172979061e-02
7.913762107034240378e-02
7.887934417762156036e-02
7.858760053080847408e-02
7.821809721713238184e-02
7.739717259396274029e-02
7.690652392690654204e-02
7.645139035920528459e-02
7.567808757707783496e-02
7.442931792587847983e-02
7.429417119033560057e-02
7.442069891395410031e-02
7.345554452630934095e-02
7.272714929073671730e-02
7.244344399444174742e-02
7.242466057713405070e-02
7.152342328210337108e-02
7.103146965600053153e-02
7.054571067337400692e-02
6.944582271708703292e-02
6.893995828331639375e-02
6.817850556943552687e-02
6.735326203431271641e-02
6.607113350322581236e-02
6.539723111581199899e-02
6.440157013337090286e-02
6.575752438488791096e-02
6.474434983549080813e-02
6.186200100149911313e-02
6.080148572276673768e-02
6.010827599346259958e-02
5.889154555296766125e-02
5.728380586626591331e-02
5.608579010733251435e-02
5.448356819000022000e-02
5.343803925265783183e-02
5.207836376236511799e-02
5.127657503105389342e-02
4.906623583374170733e-02
4.689849376911955914e-02
4.518540525905979238e-02
4.355975008491354272e-02
4.175979996521347881e-02
3.992505962061558555e-02
3.777161778567912631e-02
3.591772043234126022e-02
3.393800354768786859e-02
3.160437897380852929e-02
3.005519563553671336e-02
2.805805339755939112e-02
2.586758144506980800e-02
2.395570718919145040e-02
2.201378998096849282e-02
2.027705422085443465e-02
1.871600381265059801e-02
1.698221247622949334e-02
1.536535786948095388e-02
1.389747517149366590e-02
1.255383249457533816e-02
1.120911772049072198e-02
1.005971824836734800e-02
8.966521847278354981e-03
7.953857469239693917e-03
7.043412249876580128e-03
6.231602966549393621e-03
5.456113995907885088e-03
4.780694737434879917e-03
4.168627308069251802e-03
3.629122576673004738e-03
3.155931774023198241e-03
2.725290207210662695e-03
2.356191552309988210e-03
2.029676107939081941e-03
1.750764991969737177e-03
1.504058491239378126e-03
1.281965634708363052e-03
1.115135855967733930e-03
9.988504376534637283e-04
8.071062833736820843e-04
6.622687222875032814e-04
5.562851418462762655e-04
4.672043048888006021e-04
3.909021759429177250e-04
3.258001662992143126e-04
2.704326971454681190e-04
2.248047949925376457e-04
1.859825731769131410e-04
1.552240961293934569e-04
1.333206235190162350e-04
1.051181005109812439e-04
8.361456816199595561e-05
6.766045128233387550e-05
5.456435613899145425e-05
4.375659519616673885e-05
3.500652761811366524e-05
2.786591116540996992e-05
2.216005304708253940e-05
1.775081818071558258e-05
1.761863643950160096e-05
1.908980332169395825e-05
1.026495752957310458e-05
6.425269491814248215e-06
4.839292686318479650e-06
3.653188544178430425e-06
2.741650508716667356e-06
2.045686719585624980e-06
1.513587741901523954e-06
1.109635917252699456e-06
8.058299531217500790e-07
5.793745829272205280e-07
4.120021836945297616e-07
2.896598017678684875e-07
2.010912450104015638e-07
1.376956293258015304e-07
9.297252305307619448e-08
6.175723146241446912e-08
4.039877727026288357e-08
2.587922630864009075e-08
1.628865291377282654e-08
1.000262912510832918e-08
6.022634277797059163e-09
3.509921870655235065e-09
1.997376544135667602e-09
1.100132620915748798e-09
5.815605945784425684e-10
3.014258521693028005e-10
1.494256359959120822e-10
7.265195295631253243e-11
3.644987117015634208e-11
1.971940353136276514e-11
1.294275220770096105e-11
1.016569429392861359e-11
9.282670988131520320e-12
8.945579950731389127e-12
8.852287561573060763e-12
8.812562794761529162e-12
8.791442528569728016e-12
8.775934423283861022e-12
8.767356568118628702e-12
