9.587617948558570584e-07
1.157008466396543326e-05
2.749509214204608610e-04
3.012397056142598808e-03
1.504416006836510958e-02
3.672522697225580335e-02
4.762156981571680908e-02
4.050534344393585950e-02
2.892209389547037088e-02
2.045674007768377017e-02
1.418833097483848150e-02
1.073361051547635364e-02
8.041945947028800862e-03
6.199210573758223361e-03
5.163737608687743279e-03
4.506667778219553694e-03
3.673993029956423156e-03
3.012264092459797805e-03
2.642859231617910622e-03
2.265461989575501701e-03
2.028469761338704946e-03
1.870534813408169898e-03
1.745755515954491898e-03
1.643111084188323681e-03
1.570747471508689456e-03
1.523152638016252733e-03
1.496423500846336173e-03
1.428215558294196070e-03
1.343742598581457387e-03
1.355874214875862731e-03
1.356509718723443491e-03
1.315430663178829371e-03
1.278116692142462199e-03
1.274865872775578397e-03
1.277728020386633681e-03
1.267786468195961514e-03
1.266440296393945165e-03
1.268244323719185974e-03
1.248738788778440889e-03
1.223046016400982120e-03
1.257458901984504157e-03
1.229587159915015776e-03
1.265206831648794158e-03
1.272608230239987608e-03
1.142325571931271247e-03
1.110905406680358799e-03
1.104507801248354138e-03
1.068098921599615813e-03
1.062209492323706048e-03
1.031600084999056109e-03
9.980236375821908285e-04
9.633491103056666819e-04
9.509293555638304290e-04
9.653934098116363858e-04
9.659496232803383830e-04
9.535001297986437589e-04
9.158648420964668425e-04
9.279193941925795424e-04
9.388187943942102529e-04
9.249449648026610753e-04
8.887592008080463313e-04
8.358532054738628675e-04
8.337289369782732327e-04
7.977864018644360237e-04
8.066667992176964090e-04
8.338872424788118303e-04
8.196369925763369833e-04
7.994279987749097977e-04
7.761118503773174011e-04
7.649789485252248694e-04
7.328366738604950208e-04
7.047228007090647730e-04
7.248935560085300158e-04
7.201560626780126361e-04
7.236470889314070573e-04
7.213469596857273588e-04
6.928063842753328207e-04
6.892801171922340129e-04
7.119075156528247060e-04
7.308242374447332899e-04
7.029200103912698746e-04
7.027113757452555084e-04
6.954400319177442410e-04
6.846058645078642981e-04
6.669253822744284363e-04
6.661071692930332433e-04
6.716481282761635127e-04
6.706468296984246591e-04
6.657591238570032465e-04
6.225565572704704585e-04
6.243472100996468044e-04
6.221543316466325536e-04
6.329202855880586591e-04
6.047776404277211901e-04
5.945807201797439004e-04
6.018168011162010724e-04
6.124014959980090969e-04
6.021215301546685959e-04
6.110877790899545093e-04
6.054940224924723353e-04
5.880596384202391343e-04
5.773201383578720159e-04
5.815396261052811766e-04
5.820476055314126968e-04
5.967972588416649380e-04
5.970315445844932064e-04
5.769093417322800760e-04
5.927317696768451402e-04
5.908884122025974926e-04
5.648390710574220219e-04
5.599438023051008569e-04
5.886107078983123875e-04
5.886453613593773705e-04
5.827746222959231124e-04
5.788501763693654038e-04
5.730977546977413179e-04
5.601761974494464530e-04
5.598456554318494236e-04
5.395860178648737449e-04
5.319781322790066583e-04
5.419324191155513613e-04
5.339362391669308806e-04
5.345081387753397974e-04
5.405650880256538358e-04
5.346697726710819424e-04
5.346070036859899757e-04
5.282660027542976583e-04
5.502234070246012727e-04
5.962149509277086135e-04
5.572943586862511185e-04
5.420351273683118171e-04
5.270229454151272985e-04
5.351837653579102428e-04
5.247128893461870669e-04
5.180316867919073764e-04
5.212109993447227837e-04
5.111168889945320046e-04
4.896846020062377161e-04
4.702943068308734873e-04
5.013649253426267615e-04
5.261426887365098322e-04
5.292451226485486715e-04
5.365418665452298570e-04
5.090404493856420798e-04
4.983983467891405297e-04
5.027979612236411870e-04
4.983274713059263755e-04
5.005256005215632858e-04
4.915588609137076315e-04
4.761197183623223721e-04
4.657463554254871740e-04
4.874124297335987507e-04
5.020111935056872920e-04
4.918872215696879326e-04
4.934157151553082146e-04
4.879368808737094901e-04
4.847084207334206862e-04
4.731830041298744067e-04
4.761773028059128224e-04
4.594208375141339883e-04
4.597923332381525043e-04
4.742371347008187701e-04
4.784163747764488155e-04
4.748487733128709237e-04
4.451539676757087670e-04
4.541062395457133084e-04
4.711423968971251066e-04
4.606886054897538262e-04
4.689229721317931220e-04
4.721693663569989218e-04
4.753227271689377219e-04
4.784572010776152280e-04
4.867469016819369384e-04
4.611338950301808472e-04
4.713832757737092304e-04
4.715412524002385308e-04
4.657477452209030241e-04
4.786788492896463273e-04
4.734274706777507409e-04
4.857327166332382155e-04
4.913787132173110537e-04
4.794252584807836637e-04
4.846741215119213897e-04
4.722484443298545216e-04
4.689847184503648822e-04
4.799687188383281052e-04
4.964659638384630053e-04
4.929978062256102625e-04
4.893607904419168802e-04
4.970786102267061614e-04
5.082348475076314430e-04
4.761564469431916438e-04
4.693804436811240487e-04
4.889414306675680206e-04
4.939708646087311158e-04
4.948244852757225374e-04
4.907327047998579243e-04
4.822082758787472846e-04
4.748016743653950245e-04
4.788123077736186118e-04
4.746747138457064661e-04
4.891704417088253666e-04
4.878290942627846517e-04
4.863349545472425684e-04
4.899190663829351830e-04
4.639715367888911485e-04
4.593880826042518080e-04
4.816380609773634027e-04
4.865967109231778042e-04
4.888775659994847771e-04
4.703804315780074955e-04
4.780973210945110331e-04
4.877429204873510483e-04
4.845185099859403307e-04
4.915797358413958630e-04
4.858270648909383078e-04
4.899372033661400852e-04
4.904759669482614600e-04
4.864973590047336704e-04
5.045022664976334115e-04
6.086047239664277167e-04
1.137357228175088714e-03
8.708281020352928985e-04
5.099979876747659643e-04
4.650057923457535133e-04
4.814079844082676772e-04
4.951834300125209851e-04
4.904635294562570587e-04
4.691115382436996935e-04
4.790214758176041150e-04
4.872522001446867698e-04
4.854908067197086555e-04
4.791471421601690246e-04
4.859714570967920300e-04
4.927132673200041151e-04
4.630924189842909643e-04
4.570638158756501457e-04
4.782389661219285226e-04
4.733833336381191030e-04
4.727900777314309974e-04
4.810816751280054321e-04
4.855168090748416469e-04
4.854524309830689352e-04
4.955732748234650039e-04
4.851656946038714578e-04
4.772428961313060513e-04
4.895611769974859062e-04
4.839851869051725814e-04
4.667381537386812527e-04
4.615959080541462813e-04
4.758776218365174835e-04
4.855757244362569934e-04
4.862858526771665960e-04
5.000984619239214578e-04
4.856909337703740588e-04
4.969917323876559597e-04
5.278069060679882376e-04
4.951182181201502089e-04
4.857203966182602390e-04
4.868641767530335345e-04
4.721596469418125027e-04
4.682497172579235282e-04
4.830485952488520270e-04
4.719377908557374703e-04
4.880429646366592883e-04
4.942159799591520171e-04
4.939247006276411590e-04
4.840441687156482120e-04
4.664252778055834629e-04
4.742165883366350671e-04
4.707528539192918390e-04
4.838512525926345659e-04
4.961371605563938197e-04
4.913154158091020832e-04
4.683257218757943424e-04
4.790149341441557918e-04
5.020317927381536633e-04
4.934186162146035658e-04
5.010482189191028208e-04
5.016586795967740249e-04
5.126917265336008740e-04
4.953400280123316417e-04
4.983424654623444831e-04
4.864148821662884320e-04
4.921699027578049085e-04
4.930418928969777619e-04
4.878821594497513374e-04
4.967059862720817542e-04
4.782567055027044708e-04
4.692420635800429547e-04
4.803418904712116475e-04
5.058911480721953050e-04
4.999623531747010271e-04
4.863052530677179587e-04
4.919861710236629257e-04
4.861522189512400630e-04
4.802889430762189446e-04
4.901080510020818480e-04
4.878523265725740951e-04
4.785245135736553653e-04
4.889161859464985884e-04
5.074491584715285289e-04
4.971957951242233793e-04
5.125892394586374157e-04
5.229334027169902374e-04
5.043223951637212715e-04
5.152905565684721446e-04
5.027633417881173777e-04
5.171283277659753305e-04
5.034621939440888554e-04
5.025729078477819342e-04
5.087715521880766065e-04
5.081677791606708941e-04
4.922210993540671172e-04
4.806484845724849175e-04
5.055851248028872275e-04
5.330603366954209154e-04
5.332312071999680166e-04
5.267160040759455170e-04
5.162661524840098277e-04
5.114774570940444545e-04
5.231648249776165013e-04
5.087472346897570349e-04
5.155376483523068949e-04
5.234773920283540636e-04
5.240488629453998650e-04
5.243484813678791524e-04
5.002989859437243815e-04
5.080150024275607639e-04
5.034740627103986800e-04
5.112458958791737040e-04
5.157742056468649734e-04
5.105547674051294374e-04
4.968769754997240124e-04
5.050611069062866743e-04
5.146850978535053240e-04
5.202103134364590873e-04
5.091114999891041808e-04
5.045288058377108689e-04
5.113493682772527957e-04
5.190751760817435053e-04
5.276846351722971895e-04
5.316127034941896517e-04
5.236342202664642830e-04
5.307021701683699300e-04
5.249352793279242089e-04
5.123142481289719467e-04
5.233216433043242927e-04
5.388370648633512535e-04
5.333604435957240396e-04
5.393203563321876401e-04
5.389780884695206248e-04
5.509497604420783524e-04
5.426941522206637320e-04
5.233231387507602476e-04
5.356684990545242629e-04
5.240686215281629588e-04
5.382781830116893521e-04
5.375083594797450343e-04
5.340988387027461367e-04
5.253809976498956258e-04
5.354820954741368365e-04
5.419049685908476719e-04
5.562718870740056146e-04
5.556141782081586893e-04
5.453337930742669076e-04
5.533374252733303227e-04
5.493366563529967876e-04
5.448952820897124761e-04
5.438182549708839818e-04
5.347758638745820324e-04
5.441736831425053557e-04
5.460147157476499986e-04
5.497886236550772899e-04
5.557100452870760137e-04
5.549902520294597991e-04
5.577209448023416616e-04
5.437193608683661304e-04
5.263435047113370398e-04
5.292268290785458792e-04
5.405376736352445963e-04
5.386901670175889755e-04
5.662671462280463456e-04
5.563282466088551124e-04
5.331843764451978454e-04
5.090275682505950201e-04
5.182977625008787633e-04
5.247284876073088269e-04
5.435662967755493322e-04
5.501487962280510267e-04
5.374451957048933734e-04
5.214851529977902441e-04
5.215894787144045256e-04
5.217760869396145243e-04
5.263465687423451219e-04
5.425772029039049741e-04
5.342072279275051879e-04
5.068316295040551245e-04
4.975394752438864207e-04
5.051456634935233905e-04
4.992707307355602865e-04
5.038390723493338386e-04
4.796261484079497530e-04
4.867795528864191112e-04
4.864476732959478983e-04
4.596214308309791376e-04
4.560101535249659805e-04
4.470739198039928256e-04
4.175109325464976566e-04
4.130299630150878454e-04
4.248987337341456495e-04
3.956184886444191230e-04
3.906325467792460355e-04
3.768132354195908164e-04
3.407474829161991851e-04
3.309692810388876593e-04
3.195489563501231821e-04
3.021480160003134005e-04
2.811632407328709931e-04
2.658832584601238699e-04
2.311067091259741337e-04
2.244922709254410084e-04
2.074546151117972548e-04
1.881375772985035210e-04
1.677545380741243125e-04
1.459970497127063144e-04
1.327719922855661943e-04
1.224864536207591120e-04
1.058821392275010426e-04
9.349083687231916559e-05
8.104467661853316637e-05
6.827858411397474427e-05
5.812913316132774076e-05
5.056804608664106912e-05
4.253366807713957663e-05
3.614703997562517082e-05
2.996950117038620103e-05
2.503803138871660402e-05
2.143418500134719354e-05
1.757470874535634032e-05
1.421876099613831762e-05
1.134483898790382764e-05
9.659897178337725770e-06
7.550353220148564374e-06
5.794613601093758995e-06
4.485005206032916420e-06
3.525609755063793109e-06
2.782610710359717887e-06
2.147260281032681058e-06
1.742328426944574740e-06
1.321615489450477049e-06
9.883454284482542473e-07
7.238286262149792210e-07
5.440033890696229443e-07
4.179274690369515093e-07
3.132284316395743878e-07
2.278272777691677146e-07
1.696956580225750855e-07
1.208081530778038190e-07
8.991734298107556068e-08
6.239493164466340731e-08
4.299743230661073644e-08
3.060188599237473318e-08
2.173958408254238582e-08
1.448929216380830255e-08
9.760230942662591368e-09
6.953416660044588110e-09
4.706478919605973562e-09
3.148452585325142424e-09
2.114289111889135050e-09
1.431117445406753874e-09
9.820630837837339028e-10
6.226353069978252323e-10
4.203381714248681677e-10
2.731749797978407847e-10
1.736017174849854308e-10
1.134755850680814455e-10
7.093476347241651960e-11
4.553359011209962774e-11
3.032209095154148847e-11
1.932376068732273378e-11
1.276620821102954890e-11
8.382293998284927138e-12
5.467075494116090620e-12
3.469595571584689137e-12
2.263367799097284449e-12
1.469452184281733480e-12
9.499279295783483471e-13
6.045420056992774601e-13
3.866598141915081506e-13
2.416773080663824974e-13
1.489764754648065107e-13
9.141258977455399094e-14
5.423318352219464968e-14
3.278174920565818452e-14
1.922364342751232190e-14
1.120068563501311183e-14
6.808036399361649754e-15
4.280322573672689889e-15
3.011316261654689858e-15
2.205804695952516028e-15
1.878974723358013417e-15
1.664634563247635192e-15
1.543648702367341190e-15
1.472623911753674613e-15
1.422124868928834603e-15
1.380128799497670360e-15
1.347600282999875316e-15
1.321605746779707446e-15
1.301659720550226719e-15
1.287619434369050026e-15
1.279231748753235476e-15
