1.122460530845988069e+00
1.257025060290847041e+00
1.195818826957741221e+00
1.187724837038043768e+00
1.070759939928934923e+00
9.382099047381614598e-01
8.350898527422979667e-01
7.134988567208609966e-01
5.501251436261515027e-01
4.078651779652423537e-01
2.739100193616085810e-01
1.927354066373529184e-01
1.338613644958271398e-01
9.047797268504252644e-02
6.725636991303453327e-02
5.260375441328410395e-02
3.903446281665783058e-02
2.846663488388097643e-02
2.253592950329338929e-02
1.718915721125672050e-02
1.417682470748739265e-02
1.145216712115041183e-02
9.975216948938226899e-03
8.776651413059095505e-03
7.559587068721900990e-03
6.879105776024256949e-03
6.388690705743040217e-03
5.663668691595786890e-03
4.740629782008977215e-03
4.410336487751105074e-03
4.198538206348917910e-03
3.871878457103697380e-03
3.587067013079977412e-03
3.329721420078600707e-03
3.260404580910699485e-03
3.012587329226689477e-03
2.734217353881809431e-03
2.599191717211486643e-03
2.453215978086365715e-03
2.250370057591577575e-03
2.214277014760880190e-03
2.096865344918561868e-03
2.040827623383566387e-03
1.897673032395269088e-03
1.624576109032735936e-03
1.543609736529086025e-03
1.440038143396162821e-03
1.374319982366373075e-03
1.321640806086329424e-03
1.229770447281691758e-03
1.160015871689112519e-03
1.107074913713392917e-03
1.006558436910920049e-03
9.653934098116364942e-04
9.579112377935418941e-04
9.042997556313211961e-04
8.268776206685196769e-04
8.143706875178049727e-04
8.292391968933312358e-04
7.725124044383469002e-04
7.226243824761237420e-04
6.674123606259936255e-04
6.531124283199947781e-04
6.044627154360754547e-04
5.948627554579949189e-04
5.992252736525683753e-04
5.596508102664233706e-04
5.354762578272191089e-04
4.985542403949316196e-04
4.706871905718687933e-04
4.352142661604880831e-04
4.063063368659963564e-04
4.074450569229676818e-04
4.026564221658712056e-04
3.970648305212415470e-04
3.904137588173293288e-04
3.602175121703297175e-04
3.372729005671933609e-04
3.350558262768630214e-04
3.467699058463137303e-04
3.297348017696315734e-04
3.112516487380610113e-04
3.027361140285833520e-04
2.997698602145638285e-04
2.871318462334475591e-04
2.761649602818611027e-04
2.624477377864702803e-04
2.561550770910340667e-04
2.494394290109377857e-04
2.360127602751787939e-04
2.316052168202205395e-04
2.187688364530428870e-04
2.185186790817069205e-04
2.087968487135368931e-04
2.024150537312150670e-04
1.997254132820871987e-04
1.943288273526038942e-04
1.865024551072227250e-04
1.905860427433781672e-04
1.808682538139677446e-04
1.745085909961596748e-04
1.684312349038922098e-04
1.645078085799800058e-04
1.661423128470024908e-04
1.661332133979548278e-04
1.639792649235200211e-04
1.574204411293503270e-04
1.586025468585113116e-04
1.549349448132647251e-04
1.473730474236195696e-04
1.457681647767916351e-04
1.476299020728183040e-04
1.416023599394255724e-04
1.375699113838360589e-04
1.402717467356287616e-04
1.357461812352306644e-04
1.288509085880785142e-04
1.260406336138960573e-04
1.214148212882975290e-04
1.177088170857124635e-04
1.131869015185293941e-04
1.110773087421137507e-04
1.119547895473318305e-04
1.111760898690911532e-04
1.053161036326556043e-04
1.011535468337382694e-04
9.819864660199945257e-05
1.005432826847415574e-04
1.096294189038635457e-04
1.043361962512112846e-04
9.799261938513648877e-05
9.321820690665886709e-05
9.378912942094144495e-05
9.097427754028375110e-05
8.705260242148662975e-05
8.816659681009175287e-05
8.234201882325723517e-05
7.821198551052434332e-05
7.572988392765973831e-05
7.892688497054615429e-05
8.106701670389078137e-05
8.179426285220177937e-05
8.107064932752433377e-05
7.563752239168956533e-05
7.580792469997777719e-05
7.308356450724745677e-05
7.013998920566757447e-05
7.072547004162736337e-05
6.712845813054342818e-05
6.381982215789358407e-05
6.405237830357358270e-05
6.550467700405198225e-05
6.818889373389131533e-05
6.507064477058021462e-05
6.528271801886276660e-05
6.304626142432774799e-05
6.095136234783735606e-05
5.949286272099040972e-05
6.045107541070560131e-05
5.796822362719603679e-05
5.711398578238065167e-05
5.666328761069632273e-05
5.590205626592703153e-05
5.633626136902949836e-05
5.269505967268870887e-05
5.157068139888117640e-05
5.191970861577338163e-05
5.119595495042465847e-05
5.105122904488631829e-05
5.180387687885777231e-05
5.289464941566000665e-05
5.187564595856934273e-05
5.090259759637355812e-05
4.770115108115576750e-05
4.809044825747022059e-05
4.773989902682021817e-05
4.825753511680217655e-05
4.954353792958855822e-05
4.728900340800216626e-05
4.690049982525513377e-05
4.753211259199424535e-05
4.661039565409996668e-05
4.562637618009544909e-05
4.421402415810016956e-05
4.355408572810104699e-05
4.423235895246738556e-05
4.391770820508857391e-05
4.325018691797068577e-05
4.358198594082696831e-05
4.332539145531289003e-05
4.450970220855647656e-05
4.126956013342307738e-05
4.066430536442819041e-05
4.288010765979784108e-05
4.172455537929784419e-05
4.128848028421361278e-05
4.039083367879145150e-05
3.875720262550380016e-05
3.817483897610564016e-05
3.788194158176082167e-05
3.717112369299112567e-05
3.827874433043239468e-05
3.821390494767608857e-05
3.818973604952768654e-05
3.717414495694729750e-05
3.513028286969085040e-05
3.500234374699122034e-05
3.681384267614087684e-05
3.566014562877617617e-05
3.556433252846487412e-05
3.377960603647888404e-05
3.372337878797000682e-05
3.469600651550842343e-05
3.428972944065800544e-05
3.514190954439723100e-05
3.252620711229747282e-05
3.278603278525237159e-05
3.238959772428329491e-05
3.265280275447344122e-05
3.353003769356711845e-05
3.975952238666286757e-05
7.510897443330711491e-05
5.720105136943788842e-05
3.362450537102577077e-05
2.927520919951648480e-05
3.064638764794350742e-05
3.150141889965183897e-05
3.152979780755465523e-05
2.961550392644490118e-05
2.892542056265079057e-05
2.896279484858688697e-05
2.903696894624783654e-05
2.918234178605976734e-05
2.877863374723312609e-05
2.961340916113799752e-05
2.738527189679641500e-05
2.687772840918154394e-05
2.730432018606223553e-05
2.721177828796480757e-05
2.718388814948632904e-05
2.715297898213366444e-05
2.711798969163181395e-05
2.694137806450679944e-05
2.814171548384079095e-05
2.707721829459319856e-05
2.618009126104989175e-05
2.650076963230461378e-05
2.561809912497770746e-05
2.483119886672099304e-05
2.398127441169927893e-05
2.576054973988674122e-05
2.614423698734054445e-05
2.518667173893950645e-05
2.531422632206483382e-05
2.470286649074885044e-05
2.462894797537107229e-05
2.685468192094566929e-05
2.585959044509429731e-05
2.459034053743707222e-05
2.375537060947718789e-05
2.298669618100231842e-05
2.293143580028601317e-05
2.320622796390012132e-05
2.153512416355566077e-05
2.286777030056721146e-05
2.371828957691477342e-05
2.248396751497366004e-05
2.229178404083839436e-05
2.215734809868448500e-05
2.174659048576668211e-05
2.060405800190878188e-05
2.118661374050880000e-05
2.219908731184596401e-05
2.171619102379934485e-05
2.044028451419508199e-05
2.078465107477584195e-05
2.192412585609585497e-05
2.160244441378326080e-05
2.157431192020971720e-05
2.096256789442443175e-05
2.208304897439836059e-05
2.063071061847041994e-05
2.082794620518175452e-05
2.008597639455264429e-05
1.992816998571864299e-05
1.983371600590896617e-05
1.970148272706830292e-05
1.978349324849039528e-05
1.899815245299372419e-05
1.869398892486508166e-05
1.911251081470718952e-05
2.005110440241683831e-05
2.030945978928305114e-05
1.973528688205089082e-05
1.947937375335438099e-05
1.902280230553186088e-05
1.903628703215479753e-05
1.893503591351930078e-05
1.824610228733498547e-05
1.782233377295002001e-05
1.837140768295104150e-05
1.874703674046314503e-05
1.847865203216528520e-05
1.868277380952974314e-05
1.911502502857395259e-05
1.811047726740192421e-05
1.883188119162158678e-05
1.848901687073140017e-05
1.854656702163186215e-05
1.818323820082097091e-05
1.773095798509760583e-05
1.775004621642797042e-05
1.807988054188773027e-05
1.722370598922497742e-05
1.628860987246831988e-05
1.714519307112936537e-05
1.818284327221214285e-05
1.845035215431469589e-05
1.823860204562274018e-05
1.742639991375995683e-05
1.671053702339215643e-05
1.733070579554356295e-05
1.689529011263233928e-05
1.673215932915555657e-05
1.703474382582283807e-05
1.707004541320877110e-05
1.647920788086979475e-05
1.592741046881052374e-05
1.603105997684125893e-05
1.587894531253846537e-05
1.554266346335951592e-05
1.579367462963567986e-05
1.624503083195258938e-05
1.575098169584640597e-05
1.579110342987819607e-05
1.614427751424523988e-05
1.605832744949793763e-05
1.540706170919034965e-05
1.516060000446408741e-05
1.525617148848436018e-05
1.535919702400589159e-05
1.549211675838745351e-05
1.554274923168260674e-05
1.563063263687288198e-05
1.578921290977076069e-05
1.504093048061309503e-05
1.447171236074053276e-05
1.455795565110227367e-05
1.517456726480321952e-05
1.536114226396688713e-05
1.570045693141303402e-05
1.513172658211933972e-05
1.504403173480926248e-05
1.467681900552605832e-05
1.443478572857547435e-05
1.497064189745567251e-05
1.441200556299896513e-05
1.478675838196023651e-05
1.515185974125448608e-05
1.467588353519592597e-05
1.428838811308658354e-05
1.429144705581332378e-05
1.448060983058052778e-05
1.505857073737221101e-05
1.467114344948470992e-05
1.435397516056181558e-05
1.458021678091725204e-05
1.441765447386145576e-05
1.459348399996858323e-05
1.447469079068734641e-05
1.379227108151019302e-05
1.391623183198126375e-05
1.385007374370495239e-05
1.432327027744806286e-05
1.405137012946104957e-05
1.394655151912145903e-05
1.407047148495237219e-05
1.343209805652569093e-05
1.291412746703706992e-05
1.294585680317036301e-05
1.315887262457418598e-05
1.351509764638693114e-05
1.410213373047605561e-05
1.341217229231712994e-05
1.274347875786556768e-05
1.238106751828648099e-05
1.267415297147013749e-05
1.268969291446018808e-05
1.300535624285339619e-05
1.340924645526552952e-05
1.319768786739628352e-05
1.247994938702311748e-05
1.227687753732827045e-05
1.239521006654285941e-05
1.233953709441270014e-05
1.303044138832536018e-05
1.251805762859016902e-05
1.188935552156050198e-05
1.177875693130575045e-05
1.174706899426434513e-05
1.162685651950405315e-05
1.194570951501050716e-05
1.119653198244638514e-05
1.142942735669216729e-05
1.145082651952859840e-05
1.064891779288393391e-05
1.076858542191931796e-05
1.041418701000677654e-05
1.017842300832572595e-05
1.023414593396075607e-05
1.036295752105586785e-05
1.001495583405482709e-05
1.020967990059724144e-05
1.000206038851842165e-05
9.643552377755797148e-06
9.328370172513977184e-06
8.897335042237625971e-06
9.174367181914836294e-06
9.028483144643478106e-06
8.512839467663543759e-06
7.832246935446842759e-06
8.225838516359533763e-06
8.017868384101417382e-06
7.840810043777578437e-06
7.488669192038080089e-06
6.906442865312700442e-06
6.991657359157761920e-06
7.044767761340506532e-06
6.723571835467552756e-06
6.495669872386821626e-06
6.298890527516709577e-06
6.125683919465249224e-06
5.985784249823200269e-06
5.932475342689875379e-06
5.779845687606786817e-06
5.662743417485421304e-06
5.525025949908472103e-06
5.361004773644662646e-06
5.428679210965523516e-06
5.305655064113090253e-06
5.447513981992314916e-06
5.309741942621502016e-06
5.404619692150718249e-06
5.161444408205786214e-06
4.982301929244138866e-06
4.685887574360677986e-06
4.599494161517643924e-06
4.771572863014096858e-06
4.823118975724653144e-06
5.137560744380691818e-06
4.881566877600442178e-06
4.822492354185940668e-06
4.660465983254435623e-06
4.560173254017656132e-06
4.663432865965698240e-06
4.796304687332297685e-06
4.729468901392527715e-06
4.832220759810333235e-06
4.885809591507994926e-06
4.816587845827352591e-06
4.710330213788734890e-06
4.671868277946155411e-06
4.803763184045371246e-06
4.983229358426809713e-06
4.802325931487214939e-06
4.776706435680634265e-06
5.066727938503614066e-06
5.115282264039092268e-06
5.057826036795015901e-06
4.972828301408081117e-06
5.192959799093277438e-06
5.720599281595213604e-06
5.688695056590744617e-06
6.322085311776706103e-06
6.676788437372373103e-06
6.993994433680628139e-06
7.483571916631111541e-06
7.603026065472545164e-06
8.286539847276763363e-06
9.677047810772504481e-06
1.092630508067635211e-05
1.290639856550928744e-05
1.522697525545612617e-05
1.854337344646356061e-05
2.278122233766712116e-05
2.864918340260752316e-05
3.773806447922071306e-05
4.898625137775796642e-05
6.373656300644865941e-05
7.973696007493278628e-05
1.054333471808929128e-04
1.202927174429893554e-04
1.326937542349991615e-04
1.194607301359951190e-04
9.478938962525315268e-05
6.792343061067359017e-05
4.434062271342922124e-05
2.943349984236554763e-05
1.996187119793523519e-05
1.496101738072271004e-05
1.161139063359240608e-05
1.045013463053728375e-05
9.724522181568193637e-06
9.439304813487015968e-06
9.384746136526653511e-06
9.402935509641728424e-06
9.423964788004023896e-06
9.459748236605324784e-06
9.490536388639095981e-06
9.515353964759712177e-06
9.533902253067629565e-06
9.545042457759131518e-06
