4.171159336951066332e-01
4.147449408877911803e-01
4.549802786478897576e-01
4.571800642247141333e-01
4.335949419602423416e-01
3.818338101614562330e-01
3.457421236776867524e-01
3.009609663249409595e-01
2.364272207051769104e-01
1.756789405953745609e-01
1.248840825869173554e-01
8.493903485389263375e-02
5.926353424616644106e-02
4.141801441420867036e-02
3.009480610362730985e-02
2.166340383505584166e-02
1.732618658875616224e-02
1.305301744706614635e-02
1.030644717734903633e-02
7.968036375116506823e-03
6.561900979223707180e-03
5.233725935976069922e-03
4.685975337762692157e-03
4.316995326616253695e-03
3.591266578735229521e-03
3.239726254307185617e-03
2.839805289247797088e-03
2.551726861865257802e-03
2.225980892442200668e-03
2.080413744446783873e-03
1.931326122331270901e-03
1.769342409998235152e-03
1.636141957408381769e-03
1.520674931078367905e-03
1.497649335429131938e-03
1.388362095933201243e-03
1.214464630161755194e-03
1.139691013558444483e-03
1.100161688129512464e-03
1.005877676042607818e-03
9.244939712827611152e-04
8.858070506488517149e-04
8.894363899463655215e-04
8.589556066140812372e-04
7.303151795971818969e-04
6.727651553206063931e-04
6.498746976492912478e-04
6.433941218896362287e-04
6.125777940553243147e-04
5.783584236791535632e-04
5.309061367997072386e-04
5.103096503183269898e-04
4.788636310491604085e-04
4.487260305197047507e-04
4.222729194450283718e-04
4.083084674638677667e-04
3.745793530228125269e-04
3.510435691097890188e-04
3.428268971661126282e-04
3.287821022583600479e-04
3.084863203707756039e-04
2.929185447205016456e-04
2.810364580839323019e-04
2.764690215534541698e-04
2.817397929675708726e-04
2.592382737212011552e-04
2.407594166694322234e-04
2.354328730781768040e-04
2.190324871526433111e-04
1.993996139292280993e-04
1.958621403563764942e-04
1.881333808960641157e-04
1.802049288715449455e-04
1.781387646987312248e-04
1.745355316667226053e-04
1.724578766935950451e-04
1.645162634020561564e-04
1.500837268326626526e-04
1.406116783461590965e-04
1.430251529135297052e-04
1.357954891518130724e-04
1.292412336184483354e-04
1.269266709996881559e-04
1.253038856816818876e-04
1.272603004395657204e-04
1.334038418260204150e-04
1.180892208888063513e-04
1.021009471735133292e-04
1.014384424940637972e-04
1.059054899363235362e-04
1.012518767050582649e-04
9.478016502200662264e-05
9.017478392447642033e-05
9.148244592906133895e-05
9.362645425078035656e-05
9.004637427655576385e-05
8.325579263251360813e-05
8.055036418485227113e-05
7.977318818815106708e-05
7.517291092866373555e-05
7.743280140245633204e-05
7.622497225025189939e-05
7.140882158087584616e-05
7.106829643601929075e-05
6.843098810502279156e-05
6.992515872927338306e-05
6.720752002144082088e-05
6.529575780363115680e-05
6.665797103370141329e-05
6.658469634069631141e-05
6.313054012096096441e-05
6.434302488498518959e-05
6.365329553505306287e-05
6.274086673159197337e-05
6.305514973701484586e-05
6.333512385470522164e-05
6.450338140984867999e-05
6.338783712860048350e-05
6.184528526447567135e-05
5.816352127001206429e-05
5.295748254375021180e-05
5.551915804810722988e-05
5.352536901384834093e-05
5.152805018076949111e-05
5.027507503663523284e-05
4.710997338315122768e-05
4.581248295466194050e-05
4.489760281506305817e-05
5.080121538595705927e-05
4.869741077609824730e-05
4.598780129019191881e-05
4.339066316015016927e-05
4.312833513395615401e-05
4.232851603130918051e-05
4.138057412121682211e-05
4.091039354830304931e-05
3.820909073794855363e-05
3.783877671917963459e-05
3.891889256349140828e-05
3.586418160813316185e-05
3.597759387330301691e-05
3.605352350866911516e-05
3.397762618648697753e-05
3.351800390933407873e-05
3.542196907477920858e-05
3.423695810327531485e-05
3.364900292753181574e-05
3.348943333215622688e-05
3.202162321440804870e-05
3.059442167396764011e-05
3.179636212595195145e-05
3.174522703619605846e-05
3.266176916362663460e-05
3.102489504114453193e-05
3.120192701293509171e-05
3.009809841805063463e-05
2.778539834907994447e-05
2.773187618573332120e-05
2.847819347352051686e-05
2.699462016139999229e-05
2.620207588650645393e-05
2.545057901560892236e-05
2.476563826994226096e-05
2.500539965568162820e-05
2.540788327295709362e-05
2.379645640857309930e-05
2.293222809065087583e-05
2.484395418019799467e-05
2.425220375111294022e-05
2.417458043996062138e-05
2.509149033622007347e-05
2.483013751326438746e-05
2.321078990445076424e-05
2.299118920567851310e-05
2.369993287812888615e-05
2.312895303876918901e-05
2.424135034154921518e-05
2.391903521782278428e-05
2.300795014523606097e-05
2.260662940562496330e-05
2.271818498157361925e-05
2.319828604483403615e-05
2.202281238554654611e-05
2.186886721466269553e-05
2.099503196351687026e-05
2.106869578444877620e-05
2.002716290819142605e-05
1.981643500031798425e-05
2.044929897007855246e-05
1.964693223404410133e-05
1.956180456113204691e-05
1.943718443988699172e-05
2.007919891766743841e-05
1.954116410123621917e-05
1.871275715252672427e-05
1.868177766353294760e-05
1.845602141101715903e-05
1.820121819781737933e-05
1.823012265817885099e-05
1.807977887551278254e-05
1.772804025184575470e-05
1.733566958510765872e-05
1.722542718676221319e-05
1.721137951101919035e-05
1.641200051674834124e-05
1.641714880904112793e-05
1.596557752904773474e-05
1.575859662084356711e-05
1.594397775501372281e-05
1.574272546432121787e-05
1.527936437241720494e-05
1.452684250121845265e-05
1.581425426143231411e-05
1.531274414913677624e-05
1.473331907602276252e-05
1.417284690765333691e-05
1.458242265608148663e-05
1.448533744801918142e-05
1.406219454343714949e-05
1.389428749640600456e-05
1.345363382481252664e-05
1.341568360706329674e-05
1.327568242856024284e-05
1.333459471740310932e-05
1.342257835237881035e-05
1.340122378828493343e-05
1.304859231260646961e-05
1.313458383370497505e-05
1.296190621633037508e-05
1.265346796888931081e-05
1.223853048402056580e-05
1.204901257880061370e-05
1.254605005281540951e-05
1.241679707255308269e-05
1.234216433726612577e-05
1.230500644794130699e-05
1.199149901188217740e-05
1.119528005594213818e-05
1.152126845787515566e-05
1.172244724818849539e-05
1.150043121204217141e-05
1.141281709520658804e-05
1.125585311544663492e-05
1.136678275903728299e-05
1.105174742921486557e-05
1.153153477413611203e-05
1.176444731444233063e-05
1.086505581326996049e-05
1.068816997682333544e-05
1.065522532366155446e-05
1.057199860305923966e-05
1.073670323965166019e-05
1.040253771101718125e-05
1.006605900031897524e-05
1.015703036541557326e-05
1.015474502297518352e-05
1.091875516571145713e-05
1.110585486574550833e-05
1.024293761919475489e-05
9.545977639266231400e-06
9.702173742606440735e-06
9.798445448274347805e-06
9.502623731714557082e-06
9.478647681650885352e-06
9.811389509095883862e-06
9.942455007324512768e-06
9.449166364920167095e-06
9.563936741035849193e-06
9.859916621210593012e-06
9.648601778923113160e-06
9.099461394571445070e-06
8.974384549965202262e-06
9.145711511806835613e-06
9.445404421742226243e-06
9.296286282189818645e-06
9.015642787569561062e-06
8.975030740699260171e-06
8.935366301764223276e-06
9.023310996192706075e-06
8.744437733291228620e-06
9.144511443064188552e-06
9.005296435857932437e-06
8.537341402056566162e-06
8.131844952828759290e-06
8.014787528852668658e-06
8.175197023203560642e-06
8.111342851981240517e-06
8.000048130653069554e-06
8.052723888833670409e-06
8.064074179620629555e-06
8.234435137359339511e-06
7.985390509896791056e-06
8.468509195151339275e-06
8.662286643065250327e-06
8.227358137784877954e-06
8.176250815923968057e-06
8.397250074933826719e-06
8.161427859368657387e-06
7.721861568421081311e-06
7.755048053144374232e-06
8.023969555787488600e-06
8.173210197625904391e-06
8.217418396549978186e-06
7.836314651440476337e-06
8.055364443038813451e-06
8.058283224593698648e-06
8.003588476211295790e-06
8.005951950725573993e-06
7.653873508149878813e-06
7.630146781089259682e-06
7.533876234543379218e-06
7.452609858609000162e-06
7.673926114222644291e-06
7.403264102652741725e-06
7.181533783850340635e-06
7.545688377564668692e-06
7.280901042694780684e-06
7.308431104251193072e-06
7.425448567800035091e-06
7.062262520708868863e-06
7.199700278239635175e-06
7.383876411366316999e-06
7.273927603294932855e-06
6.976282692304268550e-06
6.763007521916839422e-06
6.383584073293838584e-06
6.427958408445245427e-06
6.935171033562219347e-06
7.062964850133283329e-06
7.798227563894767777e-06
1.596694518454309632e-05
3.002101333382059555e-05
1.571539881413886307e-05
7.636306993239908857e-06
6.951402844209548959e-06
6.756453698842570766e-06
6.726891292042772716e-06
6.494223390014746787e-06
6.377384728070494105e-06
6.400199146952123705e-06
6.212008319685683534e-06
6.672347101273026798e-06
6.714165596661782766e-06
6.675558473504402729e-06
6.386847975758979273e-06
6.280096437979340247e-06
6.375000512596314696e-06
6.052734303772784694e-06
6.140020818688794065e-06
6.248868332590538144e-06
6.502757635651537293e-06
6.494271199536933384e-06
6.210764547752730373e-06
6.303235753975877300e-06
6.326832392394746057e-06
6.403071009012023549e-06
6.297969384144101900e-06
6.313312262827407178e-06
6.540945990652234522e-06
6.685414109439029687e-06
6.456689620322467547e-06
6.245772842067715985e-06
6.571813843393159495e-06
6.872910552897232391e-06
6.459439656828029981e-06
6.317189137417476423e-06
6.533250398904986566e-06
6.509291299072121861e-06
6.568537513588768266e-06
6.606808131556857203e-06
6.217209572598933556e-06
6.190291898556768191e-06
6.107912009189428165e-06
6.302112559352704210e-06
6.049870921264986801e-06
6.109748733316365737e-06
6.638719682731651491e-06
6.219821193316127359e-06
5.646943448004854499e-06
5.842014807751786805e-06
5.876562722775397540e-06
5.851234127639839166e-06
6.127615557162724343e-06
6.021538674062518834e-06
5.961420862169452201e-06
6.028060206862088747e-06
6.219930567174926673e-06
5.776294850059611454e-06
5.670313661711769464e-06
5.836035735242470209e-06
5.894419684461796952e-06
6.043526835636920357e-06
5.726771809576157394e-06
5.913923534805061896e-06
5.619145329981869281e-06
5.628070569184155786e-06
5.726902896824529492e-06
5.812154623942404890e-06
6.033841595441990209e-06
5.660722819167362431e-06
5.639177649866593337e-06
5.732425179328369602e-06
5.583166639185368895e-06
5.573773537635986999e-06
5.716008630377786180e-06
5.420021596736613497e-06
5.526820270963807676e-06
5.577860661432733795e-06
5.505856273497755705e-06
5.440487388280971240e-06
5.306702380161154056e-06
5.315999135786661039e-06
5.365616204922799033e-06
5.523160762376678600e-06
5.837700913460974235e-06
5.562700538816063048e-06
5.227558826687002241e-06
5.581027965959062502e-06
5.690590867332439467e-06
5.293999126643466423e-06
5.030085959779092346e-06
5.045447718020413169e-06
4.799131643576713438e-06
4.915013917746206312e-06
4.961719395416086742e-06
4.874810006592126411e-06
5.011395907292325123e-06
4.790909929801725225e-06
4.678392093793755397e-06
4.568924476647338845e-06
4.577980353560442135e-06
4.697097022165330551e-06
4.725806140333748309e-06
4.717806641202884523e-06
4.654470278501408820e-06
4.643479672627777246e-06
4.587874497122857756e-06
4.608272699367928832e-06
4.630251531227904374e-06
4.506865724958592020e-06
4.808700257900571139e-06
4.757343833583211237e-06
4.897684030683772019e-06
5.056491638497698080e-06
5.031359312897448787e-06
4.782555916231365700e-06
4.744504835751517194e-06
4.944496322440017361e-06
5.021357370877378804e-06
5.331709421060331086e-06
5.346689070672872322e-06
5.431430210722361025e-06
5.475745847162640401e-06
5.739284183442220819e-06
5.884632994195055165e-06
6.100424776524244099e-06
6.174060187718295369e-06
6.722000324145554231e-06
7.389143201568680578e-06
7.349438129805566477e-06
7.616754676601318837e-06
7.934682026451606886e-06
8.621380504779214149e-06
8.804629283551773330e-06
9.073623392575807048e-06
9.507563832453589869e-06
1.043745912218363946e-05
1.123077602734720608e-05
1.244788747589129662e-05
1.253285781184903561e-05
1.223679271303012009e-05
1.335643611138438520e-05
1.304715142165265081e-05
1.318067437884435366e-05
1.438788967517082098e-05
1.655745132244855784e-05
1.654355488478834258e-05
1.507992558818403855e-05
1.501468397450382377e-05
1.525817758803803209e-05
1.604988967827599837e-05
1.765174982336688376e-05
1.948142320316064482e-05
2.179836059615254741e-05
2.582609455977051899e-05
2.866076864480820608e-05
3.421638002649990537e-05
4.143153106902506329e-05
5.088218032374590351e-05
5.993372595034645727e-05
7.597767979453349814e-05
8.381564582121700329e-05
8.926564248769038956e-05
7.867249310105015330e-05
6.016338983846627683e-05
4.312040020103344583e-05
2.819164688222227248e-05
1.839937726886895129e-05
1.257538593304216913e-05
9.010484944205431724e-06
7.642599070736620203e-06
6.381431717771927564e-06
6.179559175380137289e-06
5.922773384231498633e-06
5.865175606336537204e-06
5.853575859614723094e-06
5.868624757075710281e-06
5.874190103235522391e-06
5.887697714384858253e-06
5.896361423406942924e-06
5.902868694460536045e-06
5.906950134946082545e-06
