8.825810626750517418e-07
1.116824389170771481e-05
2.689737780576577321e-04
2.808476592103694922e-03
1.460347938910942084e-02
3.738742924693668618e-02
4.826274452840639134e-02
3.922434208086310325e-02
2.681432171186450691e-02
1.956710671204074659e-02
1.390013811568163553e-02
1.033114512626325324e-02
7.592407009683704161e-03
6.121816786564827570e-03
4.916721920158855126e-03
3.895616250315637324e-03
3.378233572069952624e-03
2.926754570353288197e-03
2.615478623982240083e-03
2.311606938140130588e-03
2.035332754259386659e-03
1.807364077815375126e-03
1.685399080845208751e-03
1.602715511419022148e-03
1.501457087270997165e-03
1.460747993006359735e-03
1.426556687804397469e-03
1.423077032976863884e-03
1.386022061926464382e-03
1.352061996401071999e-03
1.341484068732056714e-03
1.360742972470624715e-03
1.336131793167488020e-03
1.277593220038672657e-03
1.206808226995400744e-03
1.218596403330799056e-03
1.230736053508836971e-03
1.141554993453497121e-03
1.159826208468781820e-03
1.191681119221462987e-03
1.208137793912669082e-03
1.143787042159506847e-03
1.207781560010266026e-03
1.310163432367050839e-03
1.179141662495790518e-03
1.130567122166721474e-03
1.094869800202206847e-03
1.046327667225728552e-03
1.035582457147635888e-03
1.002618494868450080e-03
9.868725822465807766e-04
9.567618680496993780e-04
9.349390924584846359e-04
9.505423742218082391e-04
9.261355834639853736e-04
9.073058739827090814e-04
8.937541651962482500e-04
8.869476404649679702e-04
8.785679297990254448e-04
8.770720978965327935e-04
8.364928125211784724e-04
8.014883649714422227e-04
8.198708434803175966e-04
8.127443474195425802e-04
7.660868472094690528e-04
7.736671022708277836e-04
7.659378286084174035e-04
7.455222505833229533e-04
7.496656175495544075e-04
7.535334741165711139e-04
7.376617929127949084e-04
7.152327604161675323e-04
7.123356862277618190e-04
7.059958917459126324e-04
6.997645704358617042e-04
6.989907637495087599e-04
6.958422807980251413e-04
6.855047900167062164e-04
6.851110753229937940e-04
6.724139821225957750e-04
6.772535065741720978e-04
6.612975972651898146e-04
6.294155831432737174e-04
6.305605764412357348e-04
6.693460415862138814e-04
6.757319865320457778e-04
6.610642501777554093e-04
6.001023428035736490e-04
6.106376868259181081e-04
6.163640088967477009e-04
5.817698814552823465e-04
5.799814641076900257e-04
6.153369874068843025e-04
5.983781918272189273e-04
5.984688736351316887e-04
5.877555817973806980e-04
5.897187941308964934e-04
5.836961955322876030e-04
5.895829480618288657e-04
6.103005582720414778e-04
5.932036268330526324e-04
5.741903763124053123e-04
5.688475850046675756e-04
5.681252780146140964e-04
5.860463879148316646e-04
6.375892468031993344e-04
5.886694192652287610e-04
5.881461358951688189e-04
5.653504420974720746e-04
5.471012955673860284e-04
5.539476288633223651e-04
5.629940313653004772e-04
5.684211968650023251e-04
5.511705561844810900e-04
5.606492040621382589e-04
5.363351163741932482e-04
5.455898469425014526e-04
5.353695726426354077e-04
5.414576138335462380e-04
5.527984283909435567e-04
5.519304082279891284e-04
5.537506105800019118e-04
5.515309204638302104e-04
5.371877840389014617e-04
5.289726119293771279e-04
5.169783150314417658e-04
5.410710146088106454e-04
5.816170938502840827e-04
6.376101679729904862e-04
5.636863986244331414e-04
5.377826491916320875e-04
5.122153099720895553e-04
5.025339468256013152e-04
4.995331482856900721e-04
5.053243463167250010e-04
5.020593140226962047e-04
5.129643267537894753e-04
5.288165509247829939e-04
5.325848514695386568e-04
5.296432751401801680e-04
5.032449212970126597e-04
5.040247379989920475e-04
5.101169417433489050e-04
5.197179949806219256e-04
5.025659591668682827e-04
4.996902421569596403e-04
4.946029183159518375e-04
4.782149603243404743e-04
4.844645810665122775e-04
4.856409245655760824e-04
4.754793331029904548e-04
4.679727008372934569e-04
4.854405782473904685e-04
4.822435140461069341e-04
4.689078278834141276e-04
4.456177153113289810e-04
4.603992318686746590e-04
4.608240709918313689e-04
4.725484176194859657e-04
4.769857373387050405e-04
4.758308344298063956e-04
4.786911846441047492e-04
4.638882206349160186e-04
4.529978054234236611e-04
4.681068205403563442e-04
4.724233505322504969e-04
4.740527141546789502e-04
4.533643989408423750e-04
4.538024248840147475e-04
4.594985749883707428e-04
4.566826463431330704e-04
4.468846086527575204e-04
4.445163380545298962e-04
4.467116334156284057e-04
4.581317333533263298e-04
4.686699958699806182e-04
4.654515653065081199e-04
4.760895415352440173e-04
4.889638627260951267e-04
4.911213444204631405e-04
4.836717762133445472e-04
4.898568683518526564e-04
4.974544870755969080e-04
5.069511193653853656e-04
4.792054857222403322e-04
4.667393074935745258e-04
4.545810499229952254e-04
4.655833071838095757e-04
4.761685233136015035e-04
4.772661084422497621e-04
4.734739751238375505e-04
4.770237635003679393e-04
4.789995750587194736e-04
4.779348315811612533e-04
4.803660091700074470e-04
4.766042699895010719e-04
4.845796262749558960e-04
4.857823105221880733e-04
4.746652161945982308e-04
4.855834972242598015e-04
4.761173891575159675e-04
4.753892024521247785e-04
4.740544957970535436e-04
4.721604908900193403e-04
4.721905752646883602e-04
4.668750970840234967e-04
4.651239667675697654e-04
4.745651197949388145e-04
4.857087072105260948e-04
4.860364889390531647e-04
4.760471128816208845e-04
4.742257153014409025e-04
4.779143535642197500e-04
4.742836932585121055e-04
4.825644884389284598e-04
4.875821724449914138e-04
4.941240278184498829e-04
4.881692295449653325e-04
4.778812846340795852e-04
4.972183192729302597e-04
7.302914977671847753e-04
1.101845464877559792e-03
6.555251477532741435e-04
4.871077474456336764e-04
4.817975125542246577e-04
4.812601351292713895e-04
4.961208752045472492e-04
4.892440317849951073e-04
4.838928287194351244e-04
4.863119821249158579e-04
4.871624618251846166e-04
4.973771306840877020e-04
4.967871954421074297e-04
4.699014803352866273e-04
4.748027927071639333e-04
4.770046773550494935e-04
4.657929376319287253e-04
4.741024318572172589e-04
4.797021978065672777e-04
4.821608417109832256e-04
4.806389748736320444e-04
4.719652163195007491e-04
4.716819382975913702e-04
4.839577721618807424e-04
4.929593167925596948e-04
4.764172690593809247e-04
4.731741932474622285e-04
4.810702737956056539e-04
4.975948426579998758e-04
4.716109854029170529e-04
4.613590527356925476e-04
4.729662435851269067e-04
4.612159159889843776e-04
4.620662296471877311e-04
4.649271958991767250e-04
4.731508270558260412e-04
5.155560495724210599e-04
5.030834586969831551e-04
4.869324103523312497e-04
4.820137495932426690e-04
4.760084489733440037e-04
4.724233418735652914e-04
4.781173141227901876e-04
4.823167826123869457e-04
4.737776638854226973e-04
4.815945105671180001e-04
4.988452005538596915e-04
4.884772672360521541e-04
4.920287030322015049e-04
4.813529083132099063e-04
4.651975104615871555e-04
4.642387959365617319e-04
4.733824381631593489e-04
4.819802233563915046e-04
4.874855181915540236e-04
4.945876337337380127e-04
4.966218561217537178e-04
5.070324093695569500e-04
4.842859690387263665e-04
4.969783300991038920e-04
4.952968927368536214e-04
4.939683523465153653e-04
5.079095194341152596e-04
4.827172775684814032e-04
4.825166229372458942e-04
4.872602985946198890e-04
4.803262614296611717e-04
4.941092808648321058e-04
4.929877078320793688e-04
4.961605128148168084e-04
4.877397153507649521e-04
5.089475970978168734e-04
5.075575296512237645e-04
4.943380588404434591e-04
4.807815508440669238e-04
4.761580368421711499e-04
4.777068274812167905e-04
4.838347632499935243e-04
4.961583388516941154e-04
5.113264436967990181e-04
5.007924206532624522e-04
4.939369987725786889e-04
4.944338433738045642e-04
4.804033343328145949e-04
4.831822598743435847e-04
4.854064818428735105e-04
4.855630291068794495e-04
4.934583055955249096e-04
4.867701116426162433e-04
4.975446747560359224e-04
5.049145019346752174e-04
5.016058306762376674e-04
4.980318579317062708e-04
5.000986428978415523e-04
4.920595930112783064e-04
4.959579575280526108e-04
5.130009874476023106e-04
5.415668515014620578e-04
5.430776402520784505e-04
5.190731738294140744e-04
5.106413625068814384e-04
5.270641113177791529e-04
5.297951183418624652e-04
5.180409260857029088e-04
5.178460724008720562e-04
5.109531719233783914e-04
5.102845456637263976e-04
5.331765844347324942e-04
5.200425652960182941e-04
4.985969917938053077e-04
4.925545684005735439e-04
5.021094315358741325e-04
5.092429537280284378e-04
5.133368188970307850e-04
4.971296269408073372e-04
4.979898716727908107e-04
5.067215230631776394e-04
5.115681639574763987e-04
5.140566023940878852e-04
5.150701885020480229e-04
5.184871178625443614e-04
5.198735671778503820e-04
5.115503732993855910e-04
5.206523579124651023e-04
5.360175158890151696e-04
5.238908798636570307e-04
5.360474908746852996e-04
5.323039552209660489e-04
5.183139480720639529e-04
5.174826136534315529e-04
5.186200652609016274e-04
5.178914408777162033e-04
5.225370611235637857e-04
5.205377657137413893e-04
5.368136892913107951e-04
5.664343502768167662e-04
5.556963308991968780e-04
5.508813207278489285e-04
5.707123082161321076e-04
5.605412874134892880e-04
5.653507056279279954e-04
5.535398967440386449e-04
5.342960337438856918e-04
5.424960907865677756e-04
5.592971115554041779e-04
5.705553520088805283e-04
5.446902910965934624e-04
5.483042146804689319e-04
5.600623994774892337e-04
5.603687624918189236e-04
5.510344029632683813e-04
5.340327850617073054e-04
5.421521483562652703e-04
5.334844090528597033e-04
5.457012675337929693e-04
5.517183847134657067e-04
5.595952484506282057e-04
5.633657766331186256e-04
5.641142190551820881e-04
5.583969348323020209e-04
5.522522379614145001e-04
5.516666327497132209e-04
5.556986225788300470e-04
5.573190299376504708e-04
5.397005702975707234e-04
5.253695985769668867e-04
5.411177091530496811e-04
5.282333904747469602e-04
5.241252251782299717e-04
5.351980245986927330e-04
5.228816494852692740e-04
5.397998608213458319e-04
5.425432894569640800e-04
5.470806511346512158e-04
5.228930131082275799e-04
5.095221282037645447e-04
5.242119325541038299e-04
5.137207146973249297e-04
5.170635808171516502e-04
5.031689706222584749e-04
5.114574082780082905e-04
5.220018559948343866e-04
4.760753751846034487e-04
4.741665161545985407e-04
4.777976214941751540e-04
4.635241110958571121e-04
4.708229007071364517e-04
4.392693716344777473e-04
4.247476393832710505e-04
4.176165388129604973e-04
3.995933954449801002e-04
3.991492283663468929e-04
3.679187583201410120e-04
3.519961908609547355e-04
3.575043391091507782e-04
3.428686065939211681e-04
3.180630204342162703e-04
3.111680773780472337e-04
2.963693647544450669e-04
2.792868306857138549e-04
2.597957027594033526e-04
2.318365354390402406e-04
2.097389352783242465e-04
1.898946353026993857e-04
1.692173253425884711e-04
1.497376805889655217e-04
1.397275484829804139e-04
1.212953915495039708e-04
1.054939721244563331e-04
9.381806521309191365e-05
8.059499763178910392e-05
6.711577463869219115e-05
5.803749388152953844e-05
5.076235906047345806e-05
4.380369675764929181e-05
3.561355990280092753e-05
3.010055061908443899e-05
2.545529311277401494e-05
2.115594782543618927e-05
1.745748828289025512e-05
1.399982156889949105e-05
1.156931769854077798e-05
9.259105174398616592e-06
7.263516593735915297e-06
5.866699035926610082e-06
4.426406683184949095e-06
3.478494472201925969e-06
2.764044306524506646e-06
2.280745211305021041e-06
1.727036416075167511e-06
1.306162096406961239e-06
1.028690052963837003e-06
7.412379493912124470e-07
5.408445612052795389e-07
4.069998889775470617e-07
3.054404683983015909e-07
2.219831290661054172e-07
1.651118604846112642e-07
1.199520165432720492e-07
8.609220447489320386e-08
6.288961762818868725e-08
4.597004625156571035e-08
3.156970785019318751e-08
2.203237744010798899e-08
1.518582696127803331e-08
1.045665509530565060e-08
6.852120151976020496e-09
4.746086895615309485e-09
3.216508110060077040e-09
2.197513319784249890e-09
1.479505126485014491e-09
9.744201482831631446e-10
6.329761545184130223e-10
4.238269538256793481e-10
2.722543686123092343e-10
1.696858832181308032e-10
1.139267325597869460e-10
7.376426195987519121e-11
4.807131853572022797e-11
3.113900194241316648e-11
1.990240532661209942e-11
1.298293109698456853e-11
8.502015558295335549e-12
5.510246953445883504e-12
3.569806212435039208e-12
2.377043565099994842e-12
1.538213622932769463e-12
9.844178662218025721e-13
6.323780115267483397e-13
4.041903155500964305e-13
2.530736848014519020e-13
1.550336840407191470e-13
9.433195443553715077e-14
5.707332752761099046e-14
3.329399353881347098e-14
2.003147274379410617e-14
1.134347458001352233e-14
6.937818427050346407e-15
4.357015206775359888e-15
2.885105111411551564e-15
2.221881293725040135e-15
1.758720298745667827e-15
1.614405563768623377e-15
1.473884944408892814e-15
1.403189172910953913e-15
1.352535305561022830e-15
1.312129663287868268e-15
1.279982979657045088e-15
1.255001983599554679e-15
1.235435441750855921e-15
1.221660513694755402e-15
1.213463213525873783e-15
