4.364456418644341466e+04
4.054623822888157520e+03
1.637096952843953375e+02
1.625706856078414475e+01
3.810260748309920231e+00
1.892719490833038920e+00
1.694048652606610750e+00
1.496861935900367202e+00
1.560717686004273519e+00
1.333526633467244649e+00
1.125586899193998347e+00
9.506647161024951442e-01
7.973293978029464268e-01
6.480215744826299806e-01
6.194492403268255787e-01
5.359582183899523899e-01
5.152246108255768009e-01
3.700539940954921669e-01
3.803743144124508424e-01
3.394417571857991645e-01
2.886764713203937016e-01
2.785133979106862445e-01
2.395765872100708016e-01
2.215024199300986429e-01
2.176532854110962145e-01
1.807652554537526324e-01
1.834038003947168483e-01
1.745293811943131324e-01
1.455045692009342417e-01
1.405877471544239865e-01
1.358170862203347262e-01
1.238621824660795373e-01
1.178151290910817300e-01
1.135125625327593341e-01
1.215067658495628256e-01
1.130123888428863493e-01
1.078864299934007842e-01
1.043384484990985683e-01
9.179521672346684091e-02
9.438930228899450325e-02
8.484712755171340548e-02
9.011134114655344751e-02
9.000463344055720238e-02
8.034088407536738030e-02
8.297799023920973682e-02
7.274083667366748607e-02
6.587826916174814584e-02
6.146832755141390381e-02
6.648708597607139170e-02
7.725182616421469306e-02
8.982150159407220613e-02
1.194983047097775419e-01
1.328536260174646988e-01
1.562873524091259458e-01
2.944637882373491999e-01
3.174234850743474778e-01
3.425058333218372053e-01
3.887681319205420483e-01
4.155843460686381996e-01
4.355541047010371702e-01
4.358077520304947106e-01
2.913884658488924417e-01
2.513752310743463947e-01
3.482880289393580631e-01
4.206598768859159398e-01
5.098427906478412153e-01
3.933676647510216950e-01
3.736794784680794179e-01
3.497187739561740116e-01
4.844243021163056606e-01
5.904297151342666750e-01
6.301103786748859514e-01
6.113113289809685158e-01
9.696137330686920297e-01
1.239305314677451308e+00
1.656482277276960957e+00
1.518991013051737671e+00
1.479715309502102727e+00
1.315031051047170774e+00
1.326049547399493544e+00
1.226710815862500636e+00
1.062785312944155125e+00
1.064041377940563526e+00
1.182078190163097453e+00
1.097481133792181707e+00
1.036547500880400374e+00
9.853331078448904767e-01
8.850853759637170581e-01
8.703818782718267810e-01
9.078777236275050733e-01
1.123466925960717955e+00
1.040483094684954812e+00
9.073849445505659528e-01
6.712952205744153744e-01
6.942469745133528214e-01
5.840790051081340417e-01
5.947363745604151708e-01
6.393135951271857742e-01
6.701181607332593604e-01
7.241373859694915094e-01
5.898340626624094529e-01
4.865425937101588438e-01
4.557848800466189898e-01
5.321258772401790127e-01
5.790396686268863835e-01
5.549676767344596806e-01
4.870141608287311130e-01
2.973433842451685405e-01
3.661681970778408735e-01
5.032526642549584039e-01
7.422953443196792511e-01
1.269355238526874929e+00
1.729043128139031937e+00
1.867881906870782815e+00
2.112250243971979025e+00
1.932342022784445223e+00
2.112815002454188740e+00
1.801165905515906607e+00
1.522753914031242939e+00
9.946828838512739024e-01
6.746134325408592591e-01
4.391584498368648060e-01
5.228769470939148567e-01
8.951066294498322140e-01
9.391966791125443415e-01
8.356780741180190875e-01
9.078737641209899678e-01
1.302976523422869182e+00
1.828632509686676677e+00
2.421227095213255964e+00
2.133508034958129684e+00
2.177513835474447657e+00
1.628941956821999382e+00
1.736935645348802071e+00
1.283759674680253093e+00
1.058270863964912767e+00
8.976542582871753773e-01
7.256823439358178751e-01
6.558360971753484092e-01
6.741605108994235263e-01
6.619970784157911403e-01
4.347695337323338460e-01
3.456156849589478441e-01
2.890718837490324211e-01
3.052226077805315629e-01
3.485787595918834469e-01
4.114027581728051941e-01
3.629549901290622382e-01
3.459226384625637141e-01
3.095771209504254440e-01
3.729530596078017290e-01
4.728887578847845718e-01
5.352157244253169521e-01
4.934105001752646658e-01
9.892871417129971423e-01
7.502764589495308778e-01
9.512823013765201452e-01
8.545830340027272820e-01
8.601013229362318713e-01
7.741251514176754611e-01
6.720444449806263210e-01
7.631690015878838107e-01
4.953488744737279403e-01
6.473072711814439328e-01
6.436622015456593404e-01
3.558349971770592979e-01
3.357196882168963503e-01
3.189984189545301274e-01
4.089244529648268234e-01
3.333047614080347221e-01
5.111317678325743019e-01
4.906755932745191506e-01
3.376474499361090120e-01
4.333858561931223652e-01
4.162615037153691300e-01
4.174256500110590795e-01
4.385353081640142037e-01
4.748211180507230234e-01
5.014289212041720400e-01
5.737363877923172817e-01
5.559511259676754857e-01
4.673322258966992049e-01
5.066527842996714215e-01
5.801068677172175336e-01
6.131703861220875185e-01
7.963233434671386224e-01
1.126249842894340381e+00
9.431948680572295185e-01
1.171595425648724875e+00
1.630350127240327351e+00
1.323608660058609665e+00
1.543618656032992087e+00
1.488075440985638931e+00
1.373972920555176058e+00
1.225647071827216994e+00
1.031078294206266843e+00
1.393301578431504595e+00
8.358750862597824627e-01
4.803958242443798765e-01
3.223369980901129028e-01
3.545812144903519592e-01
6.097589542451583577e-01
1.269296953638540337e+00
1.266996209221196601e+00
1.006642751902938393e+00
1.963158857538167101e+00
1.559381706409014967e+00
3.014839965653134168e+00
2.746700588561886480e+00
2.066072418225739060e+00
2.605995499679618188e+00
2.606544959037206510e+00
3.826196427319166204e+00
4.763170115087981493e+00
4.245394810156907006e+00
3.944046456120727573e+00
4.660169735375538913e+00
3.695125460499816494e+00
4.145931201501949381e+00
3.973222095710068569e+00
3.044882465039775887e+00
3.004879275348433243e+00
2.881036933585215731e+00
5.100073186161053762e+00
4.594789119416543777e+00
3.811489593103763784e+00
3.200108334462532067e+00
2.542687466967531673e+00
2.431954427954395648e+00
1.917520629952441658e+00
1.413247430456376463e+00
1.439689399087919153e+00
1.866279544518468336e+00
1.655024321851999991e+00
2.923952685390411865e+00
3.152425519759360473e+00
3.804636435501557834e+00
4.694171351832685524e+00
5.656603940689632459e+00
7.431839111297104061e+00
6.995307396950059875e+00
8.799589762905277723e+00
8.451735790334971909e+00
8.679457349100454522e+00
7.469504586131765933e+00
5.793630547510733919e+00
4.634535867341937454e+00
3.025010089007015512e+00
3.560968017545346420e+00
4.142495114873167239e+00
4.709936526003602353e+00
5.115457473391824550e+00
5.895638644127232375e+00
4.958620305782666549e+00
5.703275886764813229e+00
4.823226749556105197e+00
4.025413762768606851e+00
4.302595096350881221e+00
3.318489956237313798e+00
2.506868252403830155e+00
2.712421254233557733e+00
2.837968402038961280e+00
4.059672181497988142e+00
4.160889818256683803e+00
5.808411163131161459e+00
4.991614709219883927e+00
4.307640321790316307e+00
6.734465425470128608e+00
1.101949958724843093e+01
1.073913546044010126e+01
8.939449928542343216e+00
9.953984801507063551e+00
9.634347449818738696e+00
1.109686729783720693e+01
1.642904373933028239e+01
1.669380088838236276e+01
1.659693084352928594e+01
1.696529229454538523e+01
1.565054576146403775e+01
1.357969695386608855e+01
1.064407723484092294e+01
7.393784348373143800e+00
4.638947273610439126e+00
4.497103294093179215e+00
5.239988772123192362e+00
6.925127773646959639e+00
9.426977661358371563e+00
1.336943316835639806e+01
1.966326835450047383e+01
2.347589453423561778e+01
2.617713678745212036e+01
2.490739892246351772e+01
3.344426264492065570e+01
2.473653298472295248e+01
2.359354852309590811e+01
2.540531236121878678e+01
2.682106633362053572e+01
3.069002011486322345e+01
3.075349262609677581e+01
3.081358297049786188e+01
3.867144676338877218e+01
3.318146827561095336e+01
3.806479744544957100e+01
2.908117351252128202e+01
2.394735002720694794e+01
1.904825510107113473e+01
1.655250071738099038e+01
1.414796162876963770e+01
1.274065062887528121e+01
1.527073867611526126e+01
1.651447683923396781e+01
1.888102438957613316e+01
2.023883544114364597e+01
2.044903605119932877e+01
2.063726511566680344e+01
2.127863622712752445e+01
1.941785754268362396e+01
1.895195942909494136e+01
1.712886816787105104e+01
1.499363503864786296e+01
9.699927569171473252e+00
9.413760636698807360e+00
5.970708281130271189e+00
4.863942411340005378e+00
5.134128117866815444e+00
4.316630175598141328e+00
4.327144321264809967e+00
4.452692097878463429e+00
5.533952263885186795e+00
7.911718131797913500e+00
9.778322903404530919e+00
9.702665426557423700e+00
1.067901591989787669e+01
1.076138954957423799e+01
8.352380981538173543e+00
9.082390016662026611e+00
8.461473084210481943e+00
8.250104941985400231e+00
1.004868206093764371e+01
1.010031471736286868e+01
1.233998301602156644e+01
9.974693411876657478e+00
9.043310792401799247e+00
7.911308517181892874e+00
7.599582519117610957e+00
9.249186551960583813e+00
9.935202395925665897e+00
1.092792394146258417e+01
1.098871890547515306e+01
8.868330727659825996e+00
5.925012159386514377e+00
4.466220415140184308e+00
3.602828610785586694e+00
3.800794683721840705e+00
3.840947573882434796e+00
4.666824507209708983e+00
5.552636854714351422e+00
5.265500601709604211e+00
4.930078663541848982e+00
3.986115386470658439e+00
3.328107918227175333e+00
3.351604870550605408e+00
2.827439572284477176e+00
2.937764348631644484e+00
3.578498702584789193e+00
3.057518014869868406e+00
4.220584681165591157e+00
3.604205517773634959e+00
3.654520047664494342e+00
3.585173275424124117e+00
3.623094738175681062e+00
3.249747595685124946e+00
3.607035277283921371e+00
2.528996680825718713e+00
2.416546738643921444e+00
2.166079600337365907e+00
1.794344126078080581e+00
1.675207912041271285e+00
1.920790814368292576e+00
1.669801050910538320e+00
1.771642784566002993e+00
1.825584761632399022e+00
1.709406197276563955e+00
1.608611054111164229e+00
1.247093848131590521e+00
1.431159502489153690e+00
1.128374718706890656e+00
1.447581057136176019e+00
1.266719533299955236e+00
1.459586150000134808e+00
1.547508531696917489e+00
1.863998241572135894e+00
1.535702774309123830e+00
1.741391212848897529e+00
1.379293676214020437e+00
1.571372285885731745e+00
1.003830666810241468e+00
1.049878143373437656e+00
7.372523237126864526e-01
5.974767365323216950e-01
4.996860755277826027e-01
4.449404695589798120e-01
4.084016847009437345e-01
5.473474761897858532e-01
6.378423943236972704e-01
5.252331447546392251e-01
6.696007906782773800e-01
4.368646748947594971e-01
4.422456270360740627e-01
3.394504966608470897e-01
2.273532600925447789e-01
2.482379262951315002e-01
3.203911995568354820e-01
4.711329886667062206e-01
5.939699996405273241e-01
7.175274638710401609e-01
7.386818799111162237e-01
6.417604211416830795e-01
6.600868695198555125e-01
6.267400901517647949e-01
5.668545213363634927e-01
5.863478511097960366e-01
5.783861629881179578e-01
4.652643611817139924e-01
3.705232928592286368e-01
3.247007044329517367e-01
3.301063990059848186e-01
3.906516983365577733e-01
3.143056528834289876e-01
4.007532207764781806e-01
3.307882846971717528e-01
3.140971173008628159e-01
2.800614699901695093e-01
2.422197053284285417e-01
2.293035896605061241e-01
2.444760806188052416e-01
2.146172572371351228e-01
2.445086855695998984e-01
2.462898675891884437e-01
2.520120823017835687e-01
2.469506254502662201e-01
2.553666419693970679e-01
2.091775190487731306e-01
2.661462794440772051e-01
3.180066395721093953e-01
4.154413477677166289e-01
4.846082351031700819e-01
5.408791878918530749e-01
6.455901290924740410e-01
6.904346708130127963e-01
8.313306962759257068e-01
8.978547283734569229e-01
1.171273349342118131e+00
1.255653552135526541e+00
1.909295371477942815e+00
2.295291090510461096e+00
3.224448201109856971e+00
4.069565260564973919e+00
5.859193546732178071e+00
7.629803481776693985e+00
1.052927530118268962e+01
1.524578489837980300e+01
2.204515382992511618e+01
3.224133367824408225e+01
4.651818755619347456e+01
6.843629572715451559e+01
1.022454918886259918e+02
1.525595148352992680e+02
2.249783075762348972e+02
3.284956080276038506e+02
5.046141517967760137e+02
8.070011271827075916e+02
1.261508496487287630e+03
2.070040293478165950e+03
3.351303813176241420e+03
5.506623468825699092e+03
8.974868812829643502e+03
1.453349755293181261e+04
2.457473777392360716e+04
4.296359140304988250e+04
7.587011710449756356e+04
1.352539736848445609e+05
2.422341306318261777e+05
4.509377353744158172e+05
8.702989166700587375e+05
1.673174267310531577e+06
3.385556465774538927e+06
6.780951107055461966e+06
1.382785644867408276e+07
2.698117887129019946e+07
5.694242689795969427e+07
1.051573522459632456e+08
1.886391536548740864e+08
2.856690551193906665e+08
3.742707876500032544e+08
4.564929095273293257e+08
5.105592860036851168e+08
5.566644569605339766e+08
5.995563332214236259e+08
6.378043642154622078e+08
6.748740639393925667e+08
7.121539676766220331e+08
7.471982780069271326e+08
7.813353731455518007e+08
8.135468273656449318e+08
8.433925158387283087e+08
8.703950248740179539e+08
8.942634631436563730e+08
9.143802662618429661e+08
9.304711210909188986e+08
9.421985588250761032e+08
9.493321727754489183e+08
