7.394633342232640134e+05
6.863922435774395126e+04
2.747369073869243948e+03
2.517528760790586944e+02
5.112957418398725196e+01
2.748170489251888782e+01
2.819685616261681815e+01
2.860318937144652551e+01
3.115931617155771605e+01
3.516173837581205674e+01
3.372168083634473135e+01
3.197019417239693340e+01
2.809093961276388995e+01
2.544443417702789034e+01
2.188150905960358372e+01
1.914587123204462671e+01
1.694179972304334214e+01
1.491415113143987270e+01
1.329433991044278862e+01
1.164933770860226581e+01
1.110323432700656987e+01
9.705602325919059581e+00
9.195152062018211225e+00
8.956362864586756345e+00
8.657497380328932124e+00
8.204755800392268483e+00
7.982610586901899730e+00
7.595751891496815844e+00
6.905589587225358983e+00
6.205126573419156522e+00
5.895789868664609301e+00
5.637523486752776591e+00
5.299117324407909280e+00
4.828748724602311526e+00
4.892668314170165900e+00
4.467495170290080253e+00
3.982608343370946713e+00
3.820893188611997449e+00
3.847740333259212164e+00
3.733369277107083217e+00
3.775197861587630932e+00
3.861520878591468975e+00
3.629978544927150441e+00
3.370514042909762420e+00
3.317733179466209936e+00
3.229817245589541752e+00
2.905861400208184619e+00
2.839084693406269011e+00
2.721325558562703861e+00
2.538636841793812771e+00
2.620481153785163109e+00
2.827913623400278631e+00
2.666294247440160969e+00
2.517549368339629723e+00
3.003244203669910295e+00
3.283373269668478756e+00
3.507721125179106725e+00
4.165855032030971294e+00
4.906136086822707298e+00
5.217181172980025927e+00
5.010307373049467827e+00
4.103017122121492832e+00
3.636138239161748054e+00
3.785460131093964620e+00
3.915875559886043078e+00
4.258848030125826689e+00
3.671246070186656052e+00
3.407278609239498213e+00
3.495990461063108512e+00
4.790124837707972816e+00
5.769076938515702579e+00
6.466830937331065954e+00
5.980395442707719944e+00
7.479877740116966045e+00
8.217430261024738058e+00
9.815264920806036741e+00
8.907497238363408343e+00
8.358958541663573882e+00
7.455663791639253191e+00
7.876775133312816202e+00
7.661601052684570590e+00
7.522461862760687623e+00
7.823226171767577952e+00
8.958143358833181580e+00
8.672942502852389879e+00
7.927979919150081933e+00
6.790498902385882829e+00
5.392904074863380082e+00
4.694408236606311569e+00
4.904773624565378576e+00
6.265187824975999575e+00
6.446622072261556369e+00
6.276486987838576503e+00
5.172132190919367822e+00
5.848510136924563341e+00
4.910954921898429859e+00
4.687893903789957406e+00
4.342576475708440853e+00
4.044655532853244750e+00
3.935183070672300776e+00
2.840762755697316955e+00
2.237288091427382941e+00
2.271043354107291190e+00
3.016908093526512236e+00
3.968528882887421450e+00
4.495344211429029180e+00
4.690401200370529544e+00
3.857175267517872985e+00
4.099123923896665467e+00
4.559517235675404123e+00
5.088557946250775288e+00
6.941580229323533580e+00
8.311892729715550487e+00
8.270214286905602563e+00
8.992864573203037892e+00
7.929354358996389962e+00
9.332394296350386753e+00
8.914587468906420398e+00
8.878833247910847604e+00
6.994713414717608657e+00
6.090275124593585332e+00
4.863206363567530666e+00
5.140388653039570599e+00
6.476002138827730015e+00
6.477187050738147711e+00
5.591573880084330206e+00
5.390277710530746447e+00
7.086190872439089183e+00
9.040951837932178492e+00
1.208907886051874492e+01
1.079840203868374182e+01
1.102646204211793268e+01
7.844868201735446966e+00
9.214734186038969099e+00
6.851716501995751329e+00
6.032801713107388331e+00
5.392473476701017177e+00
4.188332772340201515e+00
3.755126624712129324e+00
3.740766251674071174e+00
3.067901280900179106e+00
2.538551108312027349e+00
2.069298775517894651e+00
1.875009102443572884e+00
2.162543623010740212e+00
2.322457266515788543e+00
2.735473034416301630e+00
2.671032204404522048e+00
2.836068413433101565e+00
2.689489719102735599e+00
2.885292259019261785e+00
3.103691074831525398e+00
3.051918113302118041e+00
2.642414466837266218e+00
5.068627345605578149e+00
3.542092450480751165e+00
3.930219467006902612e+00
3.604144703431207741e+00
3.500471960265710170e+00
3.278572848966319953e+00
3.660732893390461928e+00
4.488278686318628807e+00
3.083478516791580137e+00
3.934463143054359957e+00
4.168882079017472542e+00
2.873468579809431489e+00
2.796604721496339874e+00
2.560816610389211601e+00
2.500800252122775458e+00
1.422105680861617705e+00
2.297302353772462169e+00
2.300893340418109556e+00
1.879086021009000795e+00
2.189933882444201618e+00
2.437018509046060544e+00
2.511916356837879061e+00
2.939530601559085632e+00
3.377497034632237938e+00
3.415003336024766245e+00
4.218185223197263412e+00
4.413280946209848565e+00
4.059162044235908873e+00
3.691866991270993381e+00
4.373727240794373472e+00
3.728606191359050026e+00
4.562420599195264437e+00
6.614829156702548119e+00
4.334835892344363728e+00
6.070100232676777452e+00
7.476580502862170796e+00
4.907372885440699939e+00
6.438072783913575847e+00
5.501814492569581994e+00
6.199245115691436325e+00
5.283508007204124723e+00
4.520480575013499092e+00
6.248407561705295876e+00
4.229865831958505851e+00
3.270342857439931361e+00
3.165006458699593406e+00
3.172075655845718600e+00
4.830115644394206598e+00
9.359214028622073300e+00
8.396151508382205364e+00
8.183375777813900243e+00
1.398138932162834891e+01
9.511106446468204467e+00
1.925846868031536019e+01
1.611723387089626058e+01
1.215970466232134051e+01
1.466280131485104121e+01
1.105013883517581519e+01
1.865207408480016937e+01
2.339631487184050229e+01
1.855821154484625524e+01
1.944004634450220337e+01
2.194216602486692125e+01
1.567177412294705086e+01
1.897661125622202150e+01
1.862625580083139809e+01
1.380463578295132621e+01
1.415746041846037961e+01
1.322968450451780242e+01
2.948329191467145449e+01
2.491089038110734677e+01
2.168811024487584049e+01
2.143276602228895200e+01
1.607603010585616943e+01
1.660122485107142509e+01
1.498155542641182869e+01
1.155676030450198333e+01
1.104717501038391880e+01
1.376493984639367163e+01
1.064455568707320410e+01
1.939422568436590666e+01
1.618174494885517234e+01
2.163109472308677539e+01
2.507375505124272053e+01
2.895073281847394853e+01
4.000221717624023654e+01
3.251934789718778518e+01
4.654688196235457553e+01
4.154827206566401543e+01
4.210300945645284543e+01
3.856003120941769424e+01
2.433713050229632202e+01
1.819157631919816254e+01
1.173301284392138299e+01
1.125157435333971989e+01
1.874044793221534633e+01
1.966332197408047122e+01
2.586341859987824421e+01
3.225987126989770104e+01
2.560784186304130827e+01
3.664836311832169713e+01
2.453457874095193603e+01
2.001347549660477299e+01
2.513527180354569168e+01
1.921657445985248813e+01
1.700868001137852303e+01
1.987928681561404076e+01
2.029108510272315868e+01
2.721322078647080644e+01
2.925763740986022654e+01
4.567611086457244340e+01
3.871087963481066652e+01
3.040752366008430840e+01
4.314748146006815688e+01
7.537917981760023167e+01
7.086648142448650844e+01
6.411869148055838252e+01
6.707423235378783488e+01
5.439817118949699903e+01
7.209680468896827676e+01
1.028612595453819694e+02
9.809651735248249338e+01
1.050040784782105163e+02
9.994178048798342218e+01
1.024150993219299295e+02
8.477502982342002724e+01
7.141157439057306533e+01
4.052216178947877268e+01
2.149796372044317039e+01
1.952834801645350638e+01
1.659076633565141989e+01
1.809631209205169711e+01
3.023270086910304499e+01
5.102718655906070211e+01
7.562196545646651202e+01
1.036423661190826806e+02
1.192174882468116834e+02
1.081458555567095345e+02
1.648111856425039718e+02
9.741427008913012742e+01
9.824302616747904437e+01
1.017036968234421010e+02
1.079729206029220023e+02
1.281289476156512990e+02
1.284305586492267253e+02
1.326382608713268496e+02
1.740608347269824776e+02
1.417296967772056746e+02
1.807759831623723130e+02
1.213441271646176460e+02
9.723122337372113577e+01
7.294727419234993704e+01
5.645192992060669468e+01
3.506874563004979706e+01
3.358821875507049270e+01
5.019309351079775183e+01
4.699009896208119130e+01
7.216020393253090504e+01
7.553919328040912262e+01
7.717780782293941400e+01
8.568572246642732182e+01
8.754525992763352349e+01
7.868588344796327760e+01
7.685476204205303929e+01
6.411244390390501735e+01
5.249294600482222251e+01
2.736314894776228002e+01
2.727906259224394603e+01
1.287362060611074810e+01
8.220674265648963086e+00
1.342916528168291812e+01
8.827638485675359803e+00
1.201220244203969401e+01
1.414584488123700901e+01
1.997669595974535284e+01
3.207945733471314043e+01
4.198488352762955600e+01
3.818945658483649197e+01
4.239798174626460536e+01
4.352014829815345109e+01
2.792484245744769211e+01
3.598276173987665061e+01
2.823853580246032635e+01
2.833254969537543744e+01
3.553365918903774201e+01
3.327358700161592964e+01
4.571679838672142182e+01
3.163148683428961405e+01
3.192144861249259336e+01
2.400753248224382475e+01
2.428475796379109752e+01
3.165484030360687839e+01
3.498222875859623571e+01
3.735463569380002014e+01
3.996195283324411918e+01
2.928879192286515831e+01
1.709016258380899700e+01
1.187631868317223827e+01
7.537738677067522985e+00
1.005557945308446577e+01
9.440014794209652393e+00
1.379225950198623885e+01
1.669704797962296183e+01
1.384822580388304480e+01
1.399661518167598473e+01
9.879567319227447797e+00
8.013443133712625510e+00
8.877450218885607924e+00
6.078127356149320093e+00
7.825742895831366397e+00
1.111911701703075117e+01
7.125277518736078619e+00
1.398459351605449363e+01
9.138351747055706298e+00
1.053701332487543674e+01
9.776956812227631133e+00
1.027003342033600575e+01
8.612746367032551476e+00
1.107895080811164057e+01
5.674828794370786689e+00
6.585936418503676393e+00
5.273043557305777895e+00
2.951507287079495168e+00
2.706241806277114303e+00
3.973803595340544170e+00
2.889942150047247083e+00
3.907882630447164996e+00
3.987682139643278667e+00
4.061333098481701320e+00
3.488207476311393496e+00
2.446584726310545577e+00
3.454880890421005102e+00
1.847002890057885871e+00
2.950835177461038406e+00
2.354977634003431852e+00
3.325580651396513598e+00
4.021231902729664576e+00
5.401791472607976985e+00
4.267574383049793418e+00
5.473601157639342851e+00
4.222979441840124970e+00
5.646515693776261280e+00
3.107152140501428406e+00
3.550016556225307873e+00
1.887544082029411152e+00
1.625167909766511265e+00
1.198669788276926607e+00
5.470969337637563434e-01
4.979075071223477700e-01
1.079141458351572380e+00
1.311153925403503839e+00
1.171683288181335048e+00
1.749987088200451790e+00
8.631585759571006600e-01
1.023253342324284221e+00
7.044436535618154860e-01
2.965313910184974588e-01
2.969353282732994925e-01
4.181660684061475619e-01
9.556100962640812213e-01
1.316641077081323497e+00
1.855348899060800250e+00
1.927032037051837898e+00
1.985166291673517991e+00
2.088692694952111850e+00
2.052010771956114255e+00
1.752563993373401408e+00
1.878360745568083967e+00
1.746112140180378303e+00
1.347331409000665836e+00
1.000896617310885972e+00
7.397061294438229684e-01
8.268837239862871780e-01
1.031550073581061211e+00
7.372018899379538803e-01
1.183787198531687457e+00
8.968197471096780449e-01
8.826696605528007167e-01
7.035973727259066113e-01
5.446028913786720160e-01
5.452821677221351138e-01
5.645173853414130472e-01
4.416118018116576560e-01
7.425952769121809682e-01
5.940740186704821513e-01
5.040957584159297955e-01
5.659650098763612247e-01
4.521561277582625826e-01
4.047138398871595877e-01
4.724115711475707080e-01
5.947370016251691816e-01
9.342421845098491939e-01
1.160683413391110141e+00
1.563050432640383569e+00
1.766114090775622980e+00
1.960356685542392174e+00
2.096554726659982659e+00
2.367945343110583689e+00
2.703502605773999701e+00
2.958081016575986766e+00
3.615301931387743473e+00
4.566840403558113159e+00
6.526653236307289774e+00
8.134481009867400303e+00
1.211935636033227759e+01
1.566039227565476111e+01
2.232053606015555758e+01
3.272864905479121944e+01
4.597739324599518795e+01
6.629995302489884068e+01
9.405105350049696256e+01
1.370899698893771870e+02
2.010102423667790958e+02
2.953964760755750945e+02
4.298167308249741723e+02
6.276052344169470416e+02
9.585055569988626303e+02
1.539680730579092142e+03
2.403508484929814131e+03
3.942805000761503379e+03
6.388546836448489557e+03
1.048795026845604116e+04
1.712530005657641595e+04
2.772996435239973289e+04
4.696084710461423674e+04
8.200616080789790431e+04
1.448049362495102105e+05
2.583553690261745942e+05
4.623289680247706710e+05
8.600674006399896462e+05
1.659423550073203864e+06
3.187867478632658720e+06
6.445591114580912516e+06
1.290935391616362520e+07
2.632771369271184132e+07
5.135926314036160707e+07
1.083941286400701553e+08
2.002104091662907004e+08
3.591913309546472430e+08
5.439735553211776018e+08
7.128419669629380703e+08
8.695869100033577681e+08
9.726970956607068777e+08
1.060672037584547877e+09
1.142549816285198689e+09
1.215539278907076836e+09
1.286281170936659575e+09
1.357434976053883791e+09
1.424326046773144245e+09
1.489478192481790543e+09
1.550958026636851072e+09
1.607925652596976757e+09
1.659469588854514599e+09
1.705033760779456139e+09
1.743438234683584690e+09
1.774157841719715834e+09
1.796547647331851482e+09
1.810167215231935740e+09
