9.023744606184054865e+05
8.385810535316236201e+04
3.400872536559452328e+03
3.241214172391489114e+02
5.798774685635289927e+01
2.098398359639892163e+01
2.183921059130594244e+01
3.082783711798056459e+01
3.943809335480326439e+01
4.078847037849909896e+01
4.134878423991366247e+01
3.669479612002170654e+01
3.340215262000393892e+01
2.767986352378674297e+01
2.465014886213313616e+01
2.100386401380906420e+01
1.915214651041141636e+01
1.670745307410533798e+01
1.555509436746178409e+01
1.388629384385839494e+01
1.368759105321691116e+01
1.202746725251749460e+01
1.188201115627408022e+01
1.123918458311477231e+01
1.075218232315141265e+01
9.959220601955342644e+00
9.835685500028098716e+00
8.695389612630393117e+00
8.025492988238372760e+00
7.145334643060846425e+00
7.141410714121069425e+00
6.816983273395922360e+00
6.906428476642279435e+00
6.576664025521131052e+00
6.737880858120491645e+00
6.361264126852646861e+00
5.826681728924261172e+00
5.490873422318945707e+00
5.412068331759775752e+00
5.072193474000063595e+00
5.106553046524909156e+00
5.092784269191729329e+00
5.148106094144706546e+00
4.705890487109810394e+00
4.608523818996057564e+00
4.547989045601593894e+00
4.290693429249214930e+00
4.165481711191409531e+00
4.338257303205701909e+00
4.456230651151642519e+00
4.920535306542389797e+00
5.254605698413688408e+00
5.077018394896523290e+00
4.660208614512867165e+00
5.440140530036789990e+00
5.130874928375449784e+00
4.803692255544836698e+00
4.952112877800770363e+00
5.893937775382955380e+00
6.656058072248325352e+00
6.773010070980904906e+00
5.806503374562208109e+00
6.075860522800232921e+00
7.329725719652892657e+00
7.765348370198775996e+00
8.101923020772797912e+00
7.048620476730149242e+00
5.867528017116273809e+00
6.236140980923323696e+00
8.177320951059348531e+00
9.873252059420718041e+00
1.083590299585226724e+01
1.100478602388845317e+01
1.512244601156975321e+01
1.675125384082203794e+01
1.981002351658300853e+01
1.693785097322675526e+01
1.485565027110506620e+01
1.254535587591300505e+01
1.333247155828231634e+01
1.344904151590741037e+01
1.411277651590939541e+01
1.611268609722325706e+01
1.863959393703113321e+01
1.814816614801917893e+01
1.601024988593333021e+01
1.385371627181296716e+01
1.052794141934222338e+01
8.491113489203238274e+00
8.102300753902799357e+00
1.039707679534195073e+01
1.091335431384863952e+01
1.138211494443228844e+01
1.037457806941638339e+01
1.259533165897050822e+01
1.136802332010546657e+01
1.120303304338370332e+01
1.050144589233991965e+01
9.339430281642503218e+00
8.486965174752938879e+00
5.898337156890535837e+00
4.518399269510336325e+00
4.153077578646747980e+00
5.411991622187692919e+00
7.305056939926171999e+00
8.247259468600788068e+00
9.132682181741380134e+00
7.818623216128348652e+00
9.223822745206915030e+00
9.772893092522496161e+00
1.038792771894826039e+01
1.299252135186133472e+01
1.522179693513653120e+01
1.400817352494221879e+01
1.494425034921046347e+01
1.317967009510531540e+01
1.667047749655482392e+01
1.593769573426733643e+01
1.594913184524000904e+01
1.277999061610866072e+01
1.140788429495592027e+01
9.653832896905186089e+00
1.098207581506070518e+01
1.442986898088864756e+01
1.354617265938716031e+01
1.127063954550859748e+01
1.045588264858543326e+01
1.359457934468103346e+01
1.726607479034356984e+01
2.319492366967810781e+01
2.055386198498198880e+01
2.187460760912719238e+01
1.632960418889283360e+01
1.933124253141346927e+01
1.482072472928095053e+01
1.317146264612621742e+01
1.228820869952501127e+01
9.995921993752400425e+00
9.126754906736406880e+00
8.570359421816991841e+00
6.713818647373314796e+00
5.397265932962163504e+00
3.888237622321332854e+00
3.386799957045140808e+00
3.546889997303043440e+00
3.671691080393743256e+00
5.307532626192746683e+00
4.730185534203753761e+00
5.038053089697169362e+00
4.209125634910834357e+00
5.164968789683720196e+00
5.531965508453403402e+00
5.201978733431168678e+00
5.262392265140626968e+00
9.280217278450104246e+00
6.968105275924001418e+00
8.040878991122795583e+00
7.713057638426628948e+00
7.923896111282447308e+00
8.422148247925308695e+00
8.945993087665573995e+00
1.046991899687239957e+01
7.792565701068296491e+00
9.256473773836008334e+00
9.960927461345610467e+00
7.030230701975764163e+00
5.980719453034867961e+00
4.966158399041963989e+00
4.582853972563320610e+00
3.140827560802672114e+00
4.271839082125469034e+00
4.240920724941791065e+00
3.273599510213615726e+00
4.303776266884641544e+00
4.712525647933679451e+00
4.825788488245456698e+00
6.304532098497301007e+00
7.230796668143017136e+00
8.524940374474697435e+00
9.786594984598613323e+00
9.326155379157970771e+00
7.758874314417708362e+00
7.474080933814204464e+00
8.914655257565303970e+00
7.548090339479020194e+00
1.007138367022417924e+01
1.149936579434707440e+01
8.509904853538298397e+00
1.100450766319945117e+01
1.481357696975730676e+01
1.119025705999589526e+01
1.310544947622351586e+01
1.246280809513865862e+01
1.329851395660302238e+01
1.335451033343687754e+01
1.230699661688093194e+01
1.515697368121925415e+01
1.083965856668535999e+01
8.257848304791849614e+00
7.787208538635074007e+00
8.050838768738678652e+00
1.250272559326563027e+01
1.972012799431814400e+01
1.562273516000739981e+01
1.681470032438144813e+01
2.498020975719941106e+01
1.827364011962813350e+01
3.496486085383754983e+01
2.737271702647248972e+01
2.117869363718376619e+01
2.431346878847114112e+01
2.172299933246440062e+01
3.438515730624814637e+01
4.203246633834574197e+01
3.555591948765923149e+01
3.781990891353020601e+01
4.011523755175264938e+01
2.964139879566815594e+01
3.917029115350287327e+01
3.606840117896823017e+01
2.862773059117634489e+01
2.833725660873708208e+01
3.240497641021654829e+01
5.949523215756575212e+01
4.972350668193931256e+01
4.579991953192148912e+01
4.109289806406020062e+01
3.328586119534870136e+01
3.589916691215518796e+01
3.056424420096367101e+01
2.604681014730982014e+01
2.752650488843953269e+01
3.169222044893720636e+01
2.921092238079070569e+01
4.053362287271088604e+01
3.914399674963645737e+01
4.788559154521307448e+01
5.332864616436883409e+01
6.389327397801667274e+01
8.349026345304629615e+01
7.360028366678473333e+01
1.044795599822314074e+02
9.752850224033733184e+01
1.051766979309958856e+02
8.650018567494072386e+01
5.942931368241374912e+01
5.770780282314375143e+01
2.958901182291464238e+01
3.335825267970093932e+01
4.334134924864052607e+01
4.516850082649285980e+01
6.302553745101919702e+01
6.527646166448248266e+01
5.835327841313389285e+01
6.686585573058042087e+01
4.972548833684038527e+01
5.199392576007960542e+01
5.389995710122147443e+01
4.098087541725561067e+01
3.621283870246909942e+01
3.721262156533404664e+01
4.187400167058780198e+01
5.465422037033285108e+01
6.363087701076651825e+01
8.650313553049169002e+01
6.717784301797746593e+01
5.376838666191130756e+01
8.296757912421222159e+01
1.373719734520579436e+02
1.265173811278417020e+02
1.069253882583832507e+02
9.930118080551758908e+01
9.485973629420696795e+01
1.304933604179189786e+02
1.670980076396710388e+02
1.614878767137052478e+02
1.824177088594554164e+02
1.771338256589547768e+02
1.956932326640499014e+02
1.658334356133580627e+02
1.257500233239352525e+02
6.276209039268164958e+01
4.804217074689268685e+01
3.750136251682697264e+01
2.689775378884083423e+01
3.699257379341545970e+01
5.861928225010537830e+01
8.533892461580255429e+01
1.342172135664523012e+02
1.902965261111992561e+02
1.896285942921874721e+02
1.801479709874526236e+02
2.533655960001213145e+02
1.394319713105134610e+02
1.442476683466991005e+02
1.453495306077195153e+02
1.540608917832089446e+02
2.074179592360358413e+02
1.863337843303164902e+02
2.065938232665081955e+02
2.605135306279669294e+02
2.222596549121780924e+02
2.817860548391518591e+02
1.709586417956932394e+02
1.409183229123947854e+02
9.446215782996617349e+01
7.413615581482794425e+01
4.479993597912488923e+01
4.174054008522972481e+01
6.010663172390692210e+01
6.008586820875271428e+01
9.653069278397428832e+01
9.177146259605302703e+01
9.470970419771367688e+01
1.091747816285380424e+02
1.139614507693395211e+02
9.801309380808346816e+01
9.679792010044815243e+01
8.498840934328293883e+01
6.712546228289345152e+01
4.258938894178672285e+01
4.103608399469211321e+01
2.415234538920261187e+01
1.623359630451822611e+01
1.857766619400029739e+01
1.540138135681104004e+01
1.608741576631800640e+01
2.457653163573471389e+01
2.851914415846110984e+01
5.586997370450161782e+01
6.281753403651443080e+01
5.019184695908481331e+01
5.550036831538748316e+01
4.943831559253293051e+01
3.020469392057927038e+01
4.042665493663179177e+01
2.997775944872785914e+01
3.488349351820611588e+01
4.643895829868930036e+01
4.852460070559474303e+01
6.162931260450194060e+01
3.891386872405743702e+01
3.570401667160046344e+01
2.373428606165295207e+01
2.723250398017933449e+01
4.331782241324881966e+01
5.410178843148530348e+01
6.247780804881424643e+01
6.492580310680990863e+01
4.290653226697287437e+01
2.636882310779816052e+01
1.320594636586216453e+01
9.785215218193437536e+00
1.502553846286127737e+01
1.110306754916890704e+01
2.230454093872993226e+01
2.465400826135621415e+01
2.314512788583255443e+01
2.148765688619183223e+01
1.392573185189631069e+01
1.308447405519909168e+01
1.204834816975563250e+01
8.759872874680743493e+00
1.176807162140061536e+01
1.541804388093669331e+01
1.149198913920274379e+01
2.134634642209296018e+01
1.371182655269307027e+01
1.662204811666344639e+01
1.419884552093514785e+01
1.553967203584547541e+01
1.430732444863235031e+01
1.681900609541220248e+01
8.378385692318099487e+00
9.918234489562728129e+00
6.626690550114550327e+00
4.262209209542003663e+00
3.341958616846570695e+00
4.930755419445213228e+00
3.326720196422687792e+00
4.731195702336216335e+00
5.544735525940484244e+00
5.521851502614560481e+00
4.765233144309357627e+00
2.948462191135773125e+00
4.149876438596717954e+00
2.020268496014455017e+00
3.402543459409706816e+00
2.521736172422353928e+00
4.025485508618094066e+00
4.831117606950084742e+00
7.119487286937640214e+00
5.789119671083009067e+00
7.608906219850864794e+00
6.695919594423088483e+00
8.002201747142928312e+00
5.269823535678246351e+00
6.624950179468522826e+00
2.967392451216573246e+00
3.812295176630727145e+00
2.116005079407495160e+00
1.167002965338032938e+00
1.001575375171404492e+00
1.307127414196149751e+00
1.559592322160328504e+00
2.165322325139265480e+00
2.536270659045794851e+00
1.968159294465799292e+00
1.826355699019156065e+00
1.355205681188744737e+00
8.089691536988059539e-01
7.428803788475972780e-01
8.325331411822191052e-01
1.784958602965400987e+00
2.350573574348341133e+00
2.979919431274116626e+00
2.740349254028980219e+00
2.619146654343880609e+00
2.524436485822271425e+00
2.424904929165073053e+00
2.422282420467536390e+00
2.759432779779326328e+00
2.621120520839016699e+00
1.940284898741490460e+00
1.300064758149583000e+00
1.047793459509808844e+00
1.324554977514659893e+00
1.360210960767531896e+00
1.323037352585128446e+00
2.022774377619440678e+00
1.640533876693615500e+00
1.737831519174134698e+00
1.276942855143668343e+00
1.090495014978028143e+00
1.108401773930182133e+00
1.224207039702382760e+00
1.175352321867457528e+00
1.672809132689780487e+00
1.524804893748033185e+00
1.650261542266841408e+00
2.088327494577257415e+00
1.683426389250160193e+00
1.827138882682892262e+00
2.606351505302278326e+00
3.169214535404576427e+00
4.575532104099870878e+00
5.580945826639951868e+00
6.975493321998537333e+00
8.771053508255491238e+00
1.013704844776595237e+01
1.272437752729713445e+01
1.522714228781739720e+01
1.988551911872687228e+01
2.477213441582869180e+01
3.208225192223357425e+01
4.619653525955695983e+01
5.870848642094922099e+01
8.155248544094496310e+01
1.152823350660849115e+02
1.505050302391373975e+02
2.142659311740180783e+02
3.031566202454458221e+02
4.399364188572731678e+02
6.449541756947718341e+02
9.205025636948560077e+02
1.363123578655859774e+03
2.029325619245543294e+03
3.013308572434684265e+03
4.456989419538952461e+03
6.485225210234424594e+03
1.000166689428807331e+04
1.595999512587631580e+04
2.493942396266931974e+04
4.096134908774487121e+04
6.626546434213814791e+04
1.089450659652298054e+05
1.778079835690537875e+05
2.880686268987916992e+05
4.878335184096835437e+05
8.523559244067700347e+05
1.506446748435811372e+06
2.684695419196429197e+06
4.809690438625062816e+06
8.957841173644129187e+06
1.729086717420529202e+07
3.325430826580082253e+07
6.730489530197568238e+07
1.348389307790892422e+08
2.751086211008549333e+08
5.369662963323075771e+08
1.133849911754385233e+09
2.094683428191985607e+09
3.759121208859468460e+09
5.694998624483828545e+09
7.463899057725382805e+09
9.107184495728448868e+09
1.018930888680912590e+10
1.111315589823159218e+10
1.197312751166577911e+10
1.274047800301742935e+10
1.348458437415744972e+10
1.423295074765431976e+10
1.493670148719620132e+10
1.562229914132140160e+10
1.626930244952494431e+10
1.686887790414942932e+10
1.741139407402281189e+10
1.789098117069938278e+10
1.829522462834616852e+10
1.861858527880472183e+10
1.885427002287298965e+10
1.899763759187349701e+10
