6.316205996264736555e-01
6.317786829995776232e-01
6.316940671223613135e-01
6.385145777259666477e-01
7.183697013378215201e-01
1.075742053740073478e+00
1.607945001274195151e+00
1.623803595715702652e+00
1.638159386957350305e+00
1.763559581678245003e+00
1.746757456514522744e+00
1.780449261179786413e+00
1.687610303525177935e+00
1.743356981954157892e+00
1.679995090606557717e+00
1.640264690795658620e+00
1.594592306540374427e+00
1.578176068439815838e+00
1.559068994932981234e+00
1.535335994558485240e+00
1.588689678408423234e+00
1.585260400382910495e+00
1.609236923314962375e+00
1.676755564761097217e+00
1.798873668114772562e+00
1.816674412131116245e+00
1.869767473577429007e+00
1.915431784432591655e+00
1.957405518543334555e+00
1.907648349350811845e+00
1.904876379188560120e+00
1.915290301858466160e+00
1.888141560012735365e+00
1.848805404585099676e+00
1.917399894502318958e+00
1.880055017385485305e+00
1.844672547205887581e+00
1.864358856603796744e+00
1.958581162933755282e+00
2.029036249711929418e+00
2.143885397427961692e+00
2.264368812029856848e+00
2.250397633370921913e+00
2.260317682721321386e+00
2.332874052915624219e+00
2.324435610767007443e+00
2.228792758438371990e+00
2.206490001066442996e+00
2.187143304517188191e+00
2.129550264901069134e+00
2.254539956861170147e+00
2.460780241136609092e+00
2.518937179884974675e+00
2.517549368339629723e+00
3.028446157324502064e+00
3.462012257894121259e+00
3.885216353821814739e+00
4.746705323344257543e+00
5.554456161045784768e+00
6.246638149350570934e+00
6.162201116734720152e+00
5.138532361646261926e+00
4.641702618706029959e+00
4.996153675430634600e+00
5.310143852586736379e+00
5.926650954373882563e+00
5.376726045555087374e+00
5.086824821898633608e+00
5.442295753994200069e+00
7.785095356434823088e+00
9.714275205556127446e+00
1.121647091458241796e+01
1.063983976524524699e+01
1.337785517901548538e+01
1.497619287782599251e+01
1.813514854236007778e+01
1.713179050477427268e+01
1.708309180344307165e+01
1.584136932172828693e+01
1.660045489321739964e+01
1.633280036764019272e+01
1.698342658104408187e+01
1.797137641160345112e+01
2.045835253140442234e+01
2.014477171388442756e+01
1.912220962705502103e+01
1.737803463773632728e+01
1.411931421288793587e+01
1.252947509951633620e+01
1.293785547162876171e+01
1.688931101370825516e+01
1.833347889843170364e+01
1.817929686160674407e+01
1.498102065082402312e+01
1.717960845841416528e+01
1.479779229370529592e+01
1.477327516906075289e+01
1.401996982218799914e+01
1.296862840099586123e+01
1.317384215560797323e+01
9.572811913826118513e+00
7.668598233731934499e+00
8.028200694037829876e+00
1.056915665765710521e+01
1.425607264495579507e+01
1.636708335800985381e+01
1.718923063328621836e+01
1.441509211267080204e+01
1.563317319880447975e+01
1.747533572042047467e+01
1.954683650601289813e+01
2.767656413332641918e+01
3.455279348138552820e+01
3.503433969591152675e+01
3.711026179830270877e+01
3.347641265479800410e+01
4.057235767534312032e+01
3.959669926543616469e+01
3.945889163029409730e+01
3.161219924144533522e+01
2.915988941361693421e+01
2.337689079310078455e+01
2.454186714679540060e+01
3.148789159927982695e+01
3.288344335302974031e+01
2.955204885533182235e+01
2.899734933637757095e+01
3.877920016681311211e+01
4.916883360587204521e+01
6.457179476295212339e+01
5.973014356732237218e+01
6.233973700828587994e+01
4.476474116843521500e+01
5.314787795014471783e+01
4.077312059854892112e+01
3.566387638291315199e+01
3.347239121393117500e+01
2.622311725377578995e+01
2.331991786383981591e+01
2.376235921631369052e+01
1.991135105670580430e+01
1.642555047040249150e+01
1.369503558520510289e+01
1.261880936775519402e+01
1.421761868344968782e+01
1.597796695476408502e+01
1.943486697822411813e+01
1.890294963518981675e+01
2.076756412413723396e+01
2.006459818125917138e+01
2.097992907627316583e+01
2.309419230984897453e+01
2.246842514441522454e+01
1.997475074837101161e+01
3.830937899774801991e+01
2.741348183077170830e+01
3.125460035031119332e+01
2.866595991667827903e+01
2.757345978152544319e+01
2.598397173268815052e+01
2.947048600017168241e+01
3.756415332908962768e+01
2.638877193867433490e+01
3.316292121136632431e+01
3.521761640984770025e+01
2.530236126099219973e+01
2.537762801040280536e+01
2.304359854792430795e+01
2.297070430767258031e+01
1.296186267671332004e+01
2.064405439850520096e+01
2.122149936241360635e+01
1.796842090402733305e+01
2.117040612609034156e+01
2.388769099769924509e+01
2.481094868178382740e+01
2.837027930188058988e+01
3.263263912065916372e+01
3.418884466185856041e+01
4.368632691250094524e+01
4.562373086653683885e+01
4.175173338400971801e+01
3.921749962500277320e+01
4.671562755750304774e+01
4.014914549655161835e+01
4.950717577940062597e+01
7.477706982279622139e+01
4.941168437785051282e+01
6.815818471323215988e+01
8.577991152010876874e+01
5.603492691118426450e+01
7.428065266601336702e+01
6.350641193621830638e+01
7.068703744806300904e+01
6.255067297327533993e+01
5.417599432898477829e+01
7.591568839188347795e+01
5.262702599400052605e+01
4.067507044190269738e+01
4.000439215444035312e+01
4.050736040889205469e+01
6.172485133987497363e+01
1.194773710994931406e+02
1.069224976288183768e+02
1.078489317123634805e+02
1.846545532827582008e+02
1.248284682154619674e+02
2.519598835193564810e+02
2.199259944813328786e+02
1.671508052015405497e+02
2.041792554707114107e+02
1.566581393885886087e+02
2.622035790545664895e+02
3.305930902862360199e+02
2.596000287741546799e+02
2.903658770998402474e+02
3.278921706823419981e+02
2.373178151880639177e+02
2.827344203323165175e+02
2.802558217728155228e+02
2.113095441246654502e+02
2.143830355963181091e+02
2.014085540698721104e+02
4.471863416455492484e+02
3.956831953192789797e+02
3.406871164899136488e+02
3.369102397381267338e+02
2.500715835061288885e+02
2.629644981209177104e+02
2.481031096802611273e+02
1.944238086949717967e+02
1.847059835237431855e+02
2.260076191882847922e+02
1.797496810595553711e+02
3.226846410046446749e+02
2.736377217649168756e+02
3.678432397703784886e+02
4.391703075113312025e+02
5.036346492260316836e+02
6.957301790009603337e+02
5.761600732922655652e+02
8.333690608975888381e+02
7.486517441360796283e+02
7.414305033479063241e+02
6.909130813263685695e+02
4.436471412046431624e+02
3.360615422810177506e+02
2.216637692954130898e+02
2.114895486326855689e+02
3.607195319191307021e+02
3.632428264503447508e+02
4.803600972985037174e+02
6.228500204528555741e+02
5.058990216001738531e+02
7.205551513934371997e+02
4.950874395471755633e+02
3.933485644189109394e+02
4.812501193226773353e+02
3.795751487895701644e+02
3.485913618241728500e+02
4.083317137185076149e+02
4.143349306582921372e+02
5.664560433324443238e+02
6.411750710142094931e+02
9.748175824061745516e+02
8.066153021598839814e+02
6.679882903510169854e+02
9.369051286900518107e+02
1.586776302407265803e+03
1.545348502816427526e+03
1.464956903210385235e+03
1.531813990596227768e+03
1.215768640137548346e+03
1.631145698407601685e+03
2.356746727091310277e+03
2.260788339930176789e+03
2.404446412561376746e+03
2.282757177189661434e+03
2.378518642701500539e+03
2.028765260925191797e+03
1.657928821841190484e+03
9.729305561559384614e+02
5.143737235215410237e+02
4.729109958479101010e+02
4.097453935783739212e+02
4.498521591042985506e+02
7.486743810277296234e+02
1.281144270536841759e+03
1.903696275326491104e+03
2.601550581179008532e+03
2.996213016535592487e+03
2.728529557715492501e+03
4.057192513156825044e+03
2.400424759529943458e+03
2.481302062680135805e+03
2.599168991620248107e+03
2.724176192008167163e+03
3.316446247034507451e+03
3.433892118621465670e+03
3.561298989980781698e+03
4.632261223855772187e+03
3.836372454788346658e+03
4.864048445272166646e+03
3.329253701308346535e+03
2.659973210244286747e+03
2.031362481405674316e+03
1.544675547395431749e+03
9.536082891022757622e+02
9.365301609288922009e+02
1.389759332231928511e+03
1.331904948129523291e+03
2.068335964499255169e+03
2.123165803001827044e+03
2.205596486383912634e+03
2.528436310737536132e+03
2.581573796386432150e+03
2.306807736062334243e+03
2.221169395575278941e+03
1.851515274040020813e+03
1.555130801575482565e+03
8.375334570214776022e+02
8.234774841249992505e+02
3.876476130414015984e+02
2.532887116009121087e+02
4.126780238465677826e+02
2.710077096415656683e+02
3.822137662137794223e+02
4.443378830010544789e+02
6.330499206630950084e+02
1.017144048043260341e+03
1.381011654988649298e+03
1.247153502654108706e+03
1.332499269027809078e+03
1.372876946799342704e+03
8.931454286504533684e+02
1.147142771225683646e+03
9.147887665750546375e+02
9.362217888258485345e+02
1.182522765089147697e+03
1.115248849060022849e+03
1.545032278405642501e+03
1.077415685049795229e+03
1.091817627845813149e+03
8.042646669467490028e+02
8.162518186971904015e+02
1.104768249429298521e+03
1.238408681543118291e+03
1.342804567125718449e+03
1.419017820746546249e+03
1.016948009719695278e+03
5.870576005997399989e+02
4.230234737042476354e+02
2.760506885129881880e+02
3.718179098839137851e+02
3.422411849300751783e+02
4.935044867551808352e+02
6.071603899970845077e+02
5.041130470315818002e+02
4.965263534012271975e+02
3.595466957359264484e+02
2.946526028604059206e+02
3.326266141637864280e+02
2.274605456925856970e+02
2.890872476772498771e+02
4.210945851009915941e+02
2.707023366373906015e+02
5.307327789388936026e+02
3.481864267455038657e+02
3.934337302904104376e+02
3.673230516241548571e+02
3.982060649709654854e+02
3.367887204745617282e+02
4.367680842871144478e+02
2.178242993325118277e+02
2.604636410303467642e+02
2.098359417967289176e+02
1.169909220527121647e+02
1.095462569638836499e+02
1.619610551889599321e+02
1.181408804023995032e+02
1.605272614279025447e+02
1.589426294964110298e+02
1.630816688816853457e+02
1.446885938242711518e+02
1.023645722258593054e+02
1.420418405479987882e+02
7.553147475847588055e+01
1.220192868562763664e+02
9.842763609093090338e+01
1.364404926278805590e+02
1.637553326500726030e+02
2.257183875668799544e+02
1.813101003135280962e+02
2.304111167272668581e+02
1.801324249098831558e+02
2.351164170100197168e+02
1.325974988272379846e+02
1.513337432542256238e+02
7.973062841432691528e+01
6.988522179176986526e+01
5.147227370525666146e+01
2.307513097035604943e+01
2.132887757377859472e+01
4.596065753810494670e+01
5.569971523519686940e+01
5.057140639723230890e+01
7.410554399583934071e+01
3.705480683175501611e+01
4.197304993471743018e+01
2.842995771746298317e+01
1.215828708167345873e+01
1.172976773368904801e+01
1.599945129216071749e+01
3.600123556404899006e+01
4.652249662213586134e+01
6.582752183310451244e+01
6.920960864909743293e+01
6.537933838556720900e+01
6.504565579836389588e+01
6.409087267714107838e+01
5.171303974190832520e+01
5.126255135584685263e+01
4.517896835291514890e+01
3.232876012711564329e+01
2.242120000112397449e+01
1.563683572850547421e+01
1.570257147661378738e+01
1.793542591120629481e+01
1.160938189690054045e+01
1.703800501622460573e+01
1.153893151057398647e+01
9.838482601330342803e+00
6.832773060999082659e+00
4.642160737185269781e+00
4.012711062512764215e+00
3.603488802240789823e+00
2.395443122121459378e+00
3.468216246298808869e+00
2.345596769644485047e+00
1.669791199554815364e+00
1.477246544792878646e+00
9.660805595156622960e-01
7.233615504228848581e-01
6.910612505636606340e-01
6.917025839928890862e-01
8.941915474346209258e-01
8.896884355305297865e-01
9.115151333873015016e-01
7.862768175493459744e-01
6.648262376084255187e-01
5.676126683726729905e-01
4.852984272017034639e-01
4.198877503102197428e-01
3.528826666272145696e-01
3.239960838755206463e-01
2.982429913038682212e-01
3.144009762562147148e-01
2.856628817793850916e-01
2.996672365063617893e-01
2.923523682201952800e-01
2.956668128422885178e-01
3.012173692617161058e-01
2.928943189817401205e-01
2.892368180918775677e-01
2.837652445761103537e-01
2.801155532708230478e-01
2.758600787484863370e-01
2.717889680007225528e-01
2.675571653783899162e-01
2.668378703758282344e-01
2.641526368796275892e-01
2.643190917391526340e-01
2.630672286875956889e-01
2.621463271331843647e-01
2.613818259113792619e-01
2.603270844387726712e-01
2.596759228127090147e-01
2.587152070106393253e-01
2.580444917647021774e-01
2.569583529220277329e-01
2.560953509688518870e-01
2.555490919240313019e-01
2.545073639965806933e-01
2.535705503047909204e-01
2.527313291349458368e-01
2.518506896873682899e-01
2.509796957796560091e-01
2.503346447804211117e-01
2.497186558311592086e-01
2.490509184724740421e-01
2.484640952827565918e-01
2.479505139045229400e-01
2.474465356446506059e-01
2.469549417902390520e-01
2.465276617629101608e-01
2.461098995861072114e-01
2.457086463805158993e-01
2.453358886416525109e-01
2.449911494618284280e-01
2.446607141817301878e-01
2.443535952497333796e-01
2.440720716797312451e-01
2.438147934184768384e-01
2.435805522186118288e-01
2.433713009307922892e-01
2.431869340805372370e-01
2.430274118154626961e-01
2.428927198780587993e-01
2.427826938076466379e-01
2.426972038053022418e-01
2.426361844364586517e-01
2.425995884800450919e-01
