2.478869413613716925e-03
2.560129464884389194e-03
2.917255505379016955e-03
5.122406715438781490e-03
1.754530559113883642e-02
5.040953402750761314e-02
5.132007144558295431e-02
4.215408849128433194e-02
3.535924637856439207e-02
2.955628186292388881e-02
2.162126785316693944e-02
1.534702151230339304e-02
1.148134438547980876e-02
1.312644315612850575e-02
1.158448774937989416e-02
9.110058964129216438e-03
8.521066766290347899e-03
6.280285815294368509e-03
7.622538735469703251e-03
7.095018403509800904e-03
5.509648250018614121e-03
6.173087958589434238e-03
5.638945281712688141e-03
7.054595613862344079e-03
6.116167784800498504e-03
4.931969180865299757e-03
5.189166073843963327e-03
5.107294646757600670e-03
5.694234676493150835e-03
5.212748120441905268e-03
5.016564489133615821e-03
4.766361112523776096e-03
5.636190587883603900e-03
5.617016132318433837e-03
5.124296698956394905e-03
5.984268154579255698e-03
6.423916512515298431e-03
6.421481542351038796e-03
7.863219778931649501e-03
7.585547599296014500e-03
6.848710533071458544e-03
6.910103201778721241e-03
7.596640235257971947e-03
8.067403841541778003e-03
6.258091227824170467e-03
6.479555694689028214e-03
6.475975187584378720e-03
5.843952876155222506e-03
7.272388121648321047e-03
6.662262773373274667e-03
9.027863937516249215e-03
1.090785554369102378e-02
1.353801193898587774e-02
2.004860951203099595e-02
3.573503547752778647e-02
3.773980799690532240e-02
4.799825480803032729e-02
5.753782731703788178e-02
6.423189892561376180e-02
7.481911190460600880e-02
7.124837648467773066e-02
4.370887628765952188e-02
3.118602254651673886e-02
4.854466944890301061e-02
7.499014361428825437e-02
9.239115476343794098e-02
7.876538487319796611e-02
6.729212229535203038e-02
6.573099201237336819e-02
9.298353508402060208e-02
1.153841455202874455e-01
1.267238368382654912e-01
1.080200108028545880e-01
1.946144838612957895e-01
2.779426285595805179e-01
3.924646423540589790e-01
3.885103568382707873e-01
3.802611623789127759e-01
3.412219764869613980e-01
3.374477861055795724e-01
3.018714047271003342e-01
2.927517254723551177e-01
2.769866018112628336e-01
3.196908559584690224e-01
3.350222888678096034e-01
3.278254753972754121e-01
3.142140365042725980e-01
2.521285568618470418e-01
2.275589388239924182e-01
2.486815588706576541e-01
3.316677586904806518e-01
3.531972757305088528e-01
3.050812739975643506e-01
2.236396240504527899e-01
2.573983942945246017e-01
1.992524991215116059e-01
2.224007353439397539e-01
2.473475424730010863e-01
2.474489518566034552e-01
3.031530927451608903e-01
2.462521389240377723e-01
1.973651682939978613e-01
1.823653067656716142e-01
2.187376396826271052e-01
2.534805027230314090e-01
2.529744631924487064e-01
2.308898641983700151e-01
1.245178507346460933e-01
1.458228336959735694e-01
2.138351524201041465e-01
3.157479630696972683e-01
5.798470478865250799e-01
7.912228557183693667e-01
8.709600349434943878e-01
9.476763552860362205e-01
8.993723870224106243e-01
1.083364990252227100e+00
9.579192351982401821e-01
8.766243490472932498e-01
5.588384200652395384e-01
3.611525026457234055e-01
2.005961247978026163e-01
2.592623101195221658e-01
5.282870718222596462e-01
5.610113956185308615e-01
4.948710465141796244e-01
5.676171214009555488e-01
7.280165995324565653e-01
1.161286496946732028e+00
1.607144905013700553e+00
1.467798257931906658e+00
1.555278264335374194e+00
1.121150717264695951e+00
1.237433066368661905e+00
8.675565415388634127e-01
7.474546804141805056e-01
7.087906859402334225e-01
5.304659466149471703e-01
5.434408763887373928e-01
5.676854806179425506e-01
4.654499683830984336e-01
3.733177490869978299e-01
2.656410612355497580e-01
1.959515670980098989e-01
2.294468843642912537e-01
2.914260511760648487e-01
3.399329207685060084e-01
2.873743761548540609e-01
2.953073934877726847e-01
2.278406837532843954e-01
3.065094917492431348e-01
4.226193996178633228e-01
4.330266808713711391e-01
4.638646323133791549e-01
9.250441157338538112e-01
6.538400974092974938e-01
9.353968979931059913e-01
7.706326567341905687e-01
7.258391259329785017e-01
6.574924125629209026e-01
7.613510512680186082e-01
8.653260123182070496e-01
5.634114677683255135e-01
7.412798837003142793e-01
6.237386829441714520e-01
4.328601194732367152e-01
3.889542234086410533e-01
3.299173238931566443e-01
4.795079048697160617e-01
3.992322882811231155e-01
5.941034795686862546e-01
6.403727401766682314e-01
4.146461463187042784e-01
5.828758649008505266e-01
4.686989047556360255e-01
4.708279282229044238e-01
4.662737552134307850e-01
5.352050333259729120e-01
7.595717113451835312e-01
8.290637147617350156e-01
7.924427117631666073e-01
5.897747334995813162e-01
4.619180026888405344e-01
7.200407839617003480e-01
6.547738013718800154e-01
9.870317058180482217e-01
1.631016638216448156e+00
1.070063548056960911e+00
1.640741953893339211e+00
1.984431731412404920e+00
1.500100656292171930e+00
2.082971980411042701e+00
1.619462600384866002e+00
1.949255166588562016e+00
1.644261891997850000e+00
1.455061334303262566e+00
2.206877227405334541e+00
1.145270542792682145e+00
7.478258854227044505e-01
4.680373206210132198e-01
5.060143357954490773e-01
9.988365271889945163e-01
1.704992777120869052e+00
1.373740821209938012e+00
1.522056143493027314e+00
2.962640532319870790e+00
2.193173443095597364e+00
4.936105139194731706e+00
3.979843603652825745e+00
3.257370004500710792e+00
4.304979445413545491e+00
3.806702581814219943e+00
6.271317775344634526e+00
7.167006616201629932e+00
6.682544178883882857e+00
7.265026672778611250e+00
7.749857547988916906e+00
6.376255187957881709e+00
7.336174045515655884e+00
6.142167255483528265e+00
5.108154589246821864e+00
5.169222695811275692e+00
4.758525615761852734e+00
9.473399377463012527e+00
7.803746123381571032e+00
7.688763947601012561e+00
6.252925886944499467e+00
4.500920937219079043e+00
4.879212935846149790e+00
3.735130687692156837e+00
2.686494643658577264e+00
2.796860328631530557e+00
3.237473427236184254e+00
2.649874867765765529e+00
5.561325819663006875e+00
4.904039155103476766e+00
7.512869584616597152e+00
9.106056815084167866e+00
1.141816199652713060e+01
1.638679073256199104e+01
1.406616460586048412e+01
2.028885592439054975e+01
1.961230117540466722e+01
1.893085921116173154e+01
1.622792056238762726e+01
1.073375716006950142e+01
8.474740131788637498e+00
5.664242899508479923e+00
5.576192911275288822e+00
1.034813115550658935e+01
9.387716750281775546e+00
1.292249296637181466e+01
1.476871362344182081e+01
1.282781811130805671e+01
1.432800846757849911e+01
1.038551801427264110e+01
9.750714624788152207e+00
9.660398482856059843e+00
7.231005677886487959e+00
6.429717469614743663e+00
6.149408807811218125e+00
6.366063757901369691e+00
9.212001510686643968e+00
1.063109381650344964e+01
1.501769344815288676e+01
1.124119008951122822e+01
1.143627275976375657e+01
1.815885680334949015e+01
2.790517536346454719e+01
2.733945980712777768e+01
2.337540196131298487e+01
2.273291889247860098e+01
2.450397409192799714e+01
3.328144419045070634e+01
4.471257368251308861e+01
4.662801967932064429e+01
4.826492448686470738e+01
4.389972963787251103e+01
4.683925173420836785e+01
4.026976929529715932e+01
2.741934539993345865e+01
1.884175851197242935e+01
8.313269401030416006e+00
8.071643098651870574e+00
1.171385928373790541e+01
1.470658550834046885e+01
2.424117852192110689e+01
3.669049376924521511e+01
5.516689995461588580e+01
7.637439766877476188e+01
7.744744989421012349e+01
7.880673868789936876e+01
9.722275588097160437e+01
6.414787368392163103e+01
7.587838778341905766e+01
7.131041732613194029e+01
8.023484765043303923e+01
9.107996064479938525e+01
9.638304092352520058e+01
1.072219495749205436e+02
1.259213535115170259e+02
1.177163484072918465e+02
1.339461441205294818e+02
9.625513372681692204e+01
7.990436526317130017e+01
5.874275314627721656e+01
4.385842660317985775e+01
3.327504888302750885e+01
3.010662560495150331e+01
4.275582461498892428e+01
4.769705300678914028e+01
6.744998882455169564e+01
6.743981906412324179e+01
7.430616298638982187e+01
8.106608832590552538e+01
8.054629439204784092e+01
7.493615408340835415e+01
6.939514614282097682e+01
6.283518142151667263e+01
5.270105280418570004e+01
3.599432711976524502e+01
2.973506361192518099e+01
1.505675019709391727e+01
1.156686046409197921e+01
1.511674249040214590e+01
9.567153995726387805e+00
1.505043498369611399e+01
1.310134388996874044e+01
2.211690704563939391e+01
2.916865503991467179e+01
4.113203084481099836e+01
3.971426215665931636e+01
4.190764571480745104e+01
4.042864905688360011e+01
3.258014471414927726e+01
3.576947372087873589e+01
3.088711157256721052e+01
3.339216764571431639e+01
3.871964378043090704e+01
4.301223373805780170e+01
5.002662775274928464e+01
4.026324627901103526e+01
3.867480005465310455e+01
2.935433266061081170e+01
3.128500158224467498e+01
3.946172837862859240e+01
4.367334864520803706e+01
5.034461927388461078e+01
4.724581339745024877e+01
3.633236167697046426e+01
2.297615682198377840e+01
1.695087334358164100e+01
1.117823872748724590e+01
1.391344208010299255e+01
1.223172958700063617e+01
2.213586005618089914e+01
2.346424706012968286e+01
2.425568671872141380e+01
2.166405111507965486e+01
1.812449165275737428e+01
1.548051900039634710e+01
1.348241971013311513e+01
1.082666355742496656e+01
1.226037648036932026e+01
1.402986753182912238e+01
1.434667896790174879e+01
1.982852105203079063e+01
1.638677643788889071e+01
1.958937323280782650e+01
1.642010090180028214e+01
1.859786258466676045e+01
1.615039087323356171e+01
1.635410070089790580e+01
1.079450398131908351e+01
1.160305521464323775e+01
9.258388461363885824e+00
7.770332287070859323e+00
7.477916701090587814e+00
8.503304267839983055e+00
7.875529514752828142e+00
8.353073496584949353e+00
8.491962795038716649e+00
8.080399057142969355e+00
7.238622983946091161e+00
5.542372064453569003e+00
6.498318523861533968e+00
4.585554137695597277e+00
6.664547307316857960e+00
5.937974513606388172e+00
7.861804537440165497e+00
7.961997155287305006e+00
9.681442376527437332e+00
8.582650362167743907e+00
9.636952712898290585e+00
8.028208141990081259e+00
7.789642746445741395e+00
5.179758871235441653e+00
4.940171019964608057e+00
2.886362184290819588e+00
2.554113048546735598e+00
2.134460555586180419e+00
1.535800633462924170e+00
1.887860761363491457e+00
2.471484150864779128e+00
2.898582417403101186e+00
2.992023847076373588e+00
3.054281311274089195e+00
2.144304143088351378e+00
2.058105539879106605e+00
1.164714717537854050e+00
9.691668398610472357e-01
7.685442440889656002e-01
1.182460121785966933e+00
1.888471608435703608e+00
2.485073527205311716e+00
3.242514861950998029e+00
3.212579806682404282e+00
3.201254283063839967e+00
2.801613147835336104e+00
2.544711766187498281e+00
2.368296499912295516e+00
2.107639008129471581e+00
1.804682542080047636e+00
1.337722334839880345e+00
8.954714629736663101e-01
7.960057854314793735e-01
7.115260519493704638e-01
7.161360956866161809e-01
5.980430372327254496e-01
6.315317887492871707e-01
4.941883197419303930e-01
4.022596667350655797e-01
2.593834345437807665e-01
1.994899358820070301e-01
1.485431015147559153e-01
1.227521677294433483e-01
1.061686492463039533e-01
1.049386015996737059e-01
8.870697499658530827e-02
7.775646118283159602e-02
4.630756111870554942e-02
2.885473890643540720e-02
1.954758673283039927e-02
1.771629926975987548e-02
2.422161608803089297e-02
2.356035880215981426e-02
2.681099664125660351e-02
2.575074387762223832e-02
1.833756558673747122e-02
1.629726297939164403e-02
1.003374059173891587e-02
9.381268199329696744e-03
7.067124794769573219e-03
5.644272123865726361e-03
6.341556427446828730e-03
4.350426629899404457e-03
4.697447116600104999e-03
3.695723313100166170e-03
3.363429014063945132e-03
3.533819638831568917e-03
3.095140614766444045e-03
3.231752292529187567e-03
2.992669838968951054e-03
2.698798533671245732e-03
2.722396207935784233e-03
2.565533560044906767e-03
2.562938480820769332e-03
2.562605808912953899e-03
2.533877048807767207e-03
2.518956939494100284e-03
2.486731020123382398e-03
2.435612193724969420e-03
2.408733828054017423e-03
2.386287670185908462e-03
2.353803362664115117e-03
2.348634976798034870e-03
2.328111680090866765e-03
2.304616342755263191e-03
2.295932382607272348e-03
2.267325740161536384e-03
2.253667568252145856e-03
2.233968050324611904e-03
2.218257789126308523e-03
2.206862004279189823e-03
2.189827533587142445e-03
2.177723079514812168e-03
2.164998602223510218e-03
2.152383266877136610e-03
2.140940352702170018e-03
2.129536589128164237e-03
2.119442698528797332e-03
2.109385400018870104e-03
2.099889495638931555e-03
2.091232421091996502e-03
2.082935714870176678e-03
2.075027499317567883e-03
2.067650230053460526e-03
2.060871923475287269e-03
2.054522045776939997e-03
2.048595227602584626e-03
2.043163306952039925e-03
2.038196724528854812e-03
2.033677864329027848e-03
2.029594476979143698e-03
2.025957462734333595e-03
2.022760518832149735e-03
2.019994028938374916e-03
2.017658647090824799e-03
2.015751641004706000e-03
2.014270442448257582e-03
2.013213571670848055e-03
2.012579909818752906e-03
